;TYPE;DATE;YEAR;WEEK;REGION;AGEGROUP;TOTAL_VAC_1;TOTAL_VAC_2;TOTAL_VAC_UNK;TOTAL;CUMUL_VAC_1;CUMUL_VAC_2;CUMUL_VAC_UNK;CUMUL;CUMUL_VAC_INIT;CUMUL_VAC_COMPLETE;CUMUL_VAC_LEAST;COVER_1_VAC;COVER;COVER_INIT;COVER_COMPLETE;COVER_LEAST;RECEIVED;DISTRIBUTED
1;REGIONAL;04/01/21;2021;1;Outro;All;22;0;0;22;23;0;0;23;23;0;23;NA;NA;NA;NA;NA;NA;NA
2;REGIONAL;11/01/21;2021;2;Outro;All;6;0;0;6;29;0;0;29;29;0;29;NA;NA;NA;NA;NA;NA;NA
3;REGIONAL;18/01/21;2021;3;Outro;All;22;1;0;23;51;1;0;52;50;1;51;NA;NA;NA;NA;NA;NA;NA
4;REGIONAL;25/01/21;2021;4;Outro;All;6;20;0;26;57;21;0;78;36;21;57;NA;NA;NA;NA;NA;NA;NA
5;REGIONAL;01/02/21;2021;5;Outro;All;6;5;0;11;63;26;0;89;37;26;63;NA;NA;NA;NA;NA;NA;NA
6;REGIONAL;08/02/21;2021;6;Outro;All;84;22;0;106;147;48;0;195;99;48;147;NA;NA;NA;NA;NA;NA;NA
7;REGIONAL;15/02/21;2021;7;Outro;All;65;7;0;72;212;55;0;267;157;55;212;NA;NA;NA;NA;NA;NA;NA
8;REGIONAL;22/02/21;2021;8;Outro;All;97;6;0;103;309;61;0;370;248;61;309;NA;NA;NA;NA;NA;NA;NA
9;REGIONAL;01/03/21;2021;9;Outro;All;74;85;0;159;383;146;0;529;237;146;383;NA;NA;NA;NA;NA;NA;NA
10;REGIONAL;08/03/21;2021;10;Outro;All;49;63;0;112;432;209;0;641;223;209;432;NA;NA;NA;NA;NA;NA;NA
11;REGIONAL;15/03/21;2021;11;Outro;All;54;96;0;150;486;305;0;791;181;305;486;NA;NA;NA;NA;NA;NA;NA
12;REGIONAL;22/03/21;2021;12;Outro;All;57;21;0;78;543;326;0;869;217;326;543;NA;NA;NA;NA;NA;NA;NA
13;REGIONAL;29/03/21;2021;13;Outro;All;42;53;0;95;585;379;0;964;207;379;586;NA;NA;NA;NA;NA;NA;NA
14;REGIONAL;05/04/21;2021;14;Outro;All;101;46;0;147;686;425;0;1111;262;425;687;NA;NA;NA;NA;NA;NA;NA
15;REGIONAL;12/04/21;2021;15;Outro;All;140;48;1;189;826;473;1;1300;354;473;827;NA;NA;NA;NA;NA;NA;NA
16;REGIONAL;19/04/21;2021;16;Outro;All;105;52;0;157;931;525;1;1457;407;525;932;NA;NA;NA;NA;NA;NA;NA
17;REGIONAL;26/04/21;2021;17;Outro;All;70;43;0;113;1001;568;1;1570;434;568;1002;NA;NA;NA;NA;NA;NA;NA
18;REGIONAL;03/05/21;2021;18;Outro;All;30;89;0;119;1031;657;1;1689;375;657;1032;NA;NA;NA;NA;NA;NA;NA
19;REGIONAL;10/05/21;2021;19;Outro;All;54;134;0;188;1085;791;1;1877;295;791;1086;NA;NA;NA;NA;NA;NA;NA
20;REGIONAL;17/05/21;2021;20;Outro;All;18;82;0;100;1103;873;1;1977;231;873;1104;NA;NA;NA;NA;NA;NA;NA
21;REGIONAL;24/05/21;2021;21;Outro;All;20;60;0;80;1123;933;1;2057;191;933;1124;NA;NA;NA;NA;NA;NA;NA
22;REGIONAL;31/05/21;2021;22;Outro;All;31;43;0;74;1154;976;1;2131;180;976;1156;NA;NA;NA;NA;NA;NA;NA
23;REGIONAL;07/06/21;2021;23;Outro;All;20;69;0;89;1174;1045;1;2220;142;1045;1187;NA;NA;NA;NA;NA;NA;NA
24;REGIONAL;14/06/21;2021;24;Outro;All;11;47;1;59;1185;1092;2;2279;124;1092;1216;NA;NA;NA;NA;NA;NA;NA
25;REGIONAL;21/06/21;2021;25;Outro;All;15;44;3;62;1200;1136;5;2341;100;1136;1236;NA;NA;NA;NA;NA;NA;NA
26;REGIONAL;28/06/21;2021;26;Outro;All;9;55;0;64;1209;1191;5;2405;60;1191;1251;NA;NA;NA;NA;NA;NA;NA
27;REGIONAL;04/01/21;2021;1;ARS Alentejo;All;3467;0;0;3467;4691;0;0;4691;4691;0;4691;0,010141212;0;0,010141212;0;0,010141212;NA;NA
28;REGIONAL;11/01/21;2021;2;ARS Alentejo;All;5345;10;0;5355;10036;10;0;10046;10026;10;10036;0,02169627;2,16E-05;0,021674651;2,16E-05;0,02169627;NA;NA
29;REGIONAL;18/01/21;2021;3;ARS Alentejo;All;10439;1135;0;11574;20475;1145;0;21620;19330;1145;20475;0,044263762;0,002475312;0,041788451;0,002475312;0,044263762;NA;NA
30;REGIONAL;25/01/21;2021;4;ARS Alentejo;All;2305;3105;0;5410;22780;4250;0;27030;18530;4250;22780;0,049246813;0,009187838;0,040058975;0,009187838;0,049246813;NA;NA
31;REGIONAL;01/02/21;2021;5;ARS Alentejo;All;1445;4341;0;5786;24225;8591;0;32816;15634;8591;24225;0,052370678;0,018572404;0,033798274;0,018572404;0,052370678;NA;NA
32;REGIONAL;08/02/21;2021;6;ARS Alentejo;All;3337;8777;1;12115;27562;17368;1;44931;10194;17368;27562;0,059584753;0,037546912;0,022037841;0,037546912;0,059584753;NA;NA
33;REGIONAL;15/02/21;2021;7;ARS Alentejo;All;4055;2807;0;6862;31617;20175;1;51793;11442;20175;31617;0,068351032;0,043615209;0,024735823;0,043615209;0,068351032;NA;NA
34;REGIONAL;22/02/21;2021;8;ARS Alentejo;All;12035;1647;0;13682;43652;21822;1;65475;21830;21822;43652;0,094368828;0,047175767;0,047193061;0,047175767;0,094368828;NA;NA
35;REGIONAL;01/03/21;2021;9;ARS Alentejo;All;10439;2829;0;13268;54091;24651;1;78743;29440;24651;54091;0,116936321;0,053291624;0,063644697;0,053291624;0,116936321;NA;NA
36;REGIONAL;08/03/21;2021;10;ARS Alentejo;All;5811;1671;0;7482;59902;26322;1;86225;33580;26322;59902;0,129498798;0,056904066;0,072594732;0,056904066;0,129498798;NA;NA
37;REGIONAL;15/03/21;2021;11;ARS Alentejo;All;3689;7721;0;11410;63591;34043;1;97635;29548;34043;63591;0,137473842;0,073595666;0,063878176;0,073595666;0,137473842;NA;NA
38;REGIONAL;22/03/21;2021;12;ARS Alentejo;All;11883;2098;0;13981;75474;36141;1;111616;39333;36141;75474;0,163163038;0,078131215;0,085031822;0,078131215;0,163163038;NA;NA
39;REGIONAL;29/03/21;2021;13;ARS Alentejo;All;6145;6266;0;12411;81619;42407;1;124027;39212;42407;81619;0,176447571;0,091677332;0,084770239;0,091677332;0,176447571;NA;NA
40;REGIONAL;05/04/21;2021;14;ARS Alentejo;All;14044;4293;0;18337;95663;46700;1;142364;48965;46700;95665;0,206808512;0,100958129;0,105854707;0,100958129;0,206812836;NA;NA
41;REGIONAL;12/04/21;2021;15;ARS Alentejo;All;21886;2953;0;24839;117549;49653;1;167203;67898;49653;117551;0,254122637;0,107342056;0,146784905;0,107342056;0,254126961;NA;NA
42;REGIONAL;19/04/21;2021;16;ARS Alentejo;All;11321;5945;2;17268;128870;55598;3;184471;73274;55598;128872;0,278596877;0,12019422;0,15840698;0,12019422;0,2786012;NA;NA
43;REGIONAL;26/04/21;2021;17;ARS Alentejo;All;20163;2763;0;22926;149033;58361;3;207397;90675;58361;149036;0,322186143;0,126167396;0,196025233;0,126167396;0,322192629;NA;NA
44;REGIONAL;03/05/21;2021;18;ARS Alentejo;All;13627;14290;1;27918;162660;72651;4;235315;93118;72651;165769;0,351645596;0,157060151;0,201306619;0,157060151;0,35836677;NA;NA
45;REGIONAL;10/05/21;2021;19;ARS Alentejo;All;17412;15215;0;32627;180072;87866;4;267942;95821;87866;183687;0,389287629;0,189952612;0,207150084;0,189952612;0,397102696;NA;NA
46;REGIONAL;17/05/21;2021;20;ARS Alentejo;All;13200;12177;1;25378;193272;100043;5;293320;100256;100043;200299;0,417823974;0,216277391;0,216737863;0,216277391;0,433015254;NA;NA
47;REGIONAL;24/05/21;2021;21;ARS Alentejo;All;7158;18471;4;25633;200430;118514;9;318953;91074;118514;209588;0,433298456;0,256208817;0,196887809;0,256208817;0,453096626;NA;NA
48;REGIONAL;31/05/21;2021;22;ARS Alentejo;All;17372;7255;0;24627;217802;125769;9;343580;101529;125769;227298;0,470854015;0,271892997;0,219489891;0,271892997;0,491382889;NA;NA
49;REGIONAL;07/06/21;2021;23;ARS Alentejo;All;13717;15222;0;28939;231519;140991;9;372519;100656;140991;241647;0,500508033;0,304800591;0,217602601;0,304800591;0,522403193;NA;NA
50;REGIONAL;14/06/21;2021;24;ARS Alentejo;All;10153;19154;1;29308;241672;160145;10;401827;93306;160145;253451;0,522457239;0,346208557;0,201713045;0,346208557;0,547921603;NA;NA
51;REGIONAL;21/06/21;2021;25;ARS Alentejo;All;10185;12783;2;22970;251857;172928;12;424797;92131;172928;265059;0,544475623;0,373843413;0,199172878;0,373843413;0,573016292;NA;NA
52;REGIONAL;28/06/21;2021;26;ARS Alentejo;All;10340;27035;1;37376;262197;199963;13;462173;75868;199963;275831;0,566829093;0,432288874;0,164014804;0,432288874;0,596303679;NA;NA
53;REGIONAL;04/01/21;2021;1;ARS Algarve;All;1242;0;0;1242;2297;0;0;2297;2297;0;2297;0,005244651;0;0,005244651;0;0,005244651;NA;NA
54;REGIONAL;11/01/21;2021;2;ARS Algarve;All;1350;3;0;1353;3647;3;0;3650;3644;3;3647;0,008327054;6,85E-06;0,008320205;6,85E-06;0,008327054;NA;NA
55;REGIONAL;18/01/21;2021;3;ARS Algarve;All;3390;946;0;4336;7037;949;0;7986;6088;949;7037;0,016067311;0,002166815;0,013900495;0,002166815;0,016067311;NA;NA
56;REGIONAL;25/01/21;2021;4;ARS Algarve;All;2141;1223;0;3364;9178;2172;0;11350;7006;2172;9178;0,020955773;0,004959244;0,015996529;0,004959244;0,020955773;NA;NA
57;REGIONAL;01/02/21;2021;5;ARS Algarve;All;1208;1242;0;2450;10386;3414;0;13800;6973;3414;10387;0,023713953;0,007795054;0,015921182;0,007795054;0,023716236;NA;NA
58;REGIONAL;08/02/21;2021;6;ARS Algarve;All;2387;2899;1;5287;12773;6313;1;19087;6461;6313;12774;0,029164098;0,014414229;0,014752152;0,014414229;0,029166381;NA;NA
59;REGIONAL;15/02/21;2021;7;ARS Algarve;All;3181;2116;0;5297;15954;8429;1;24384;7526;8429;15955;0,036427153;0,01924561;0,017183825;0,01924561;0,036429436;NA;NA
60;REGIONAL;22/02/21;2021;8;ARS Algarve;All;8485;1066;0;9551;24439;9495;1;33935;14945;9495;24440;0,055800626;0,021679567;0,034123342;0,021679567;0,055802909;NA;NA
61;REGIONAL;01/03/21;2021;9;ARS Algarve;All;4626;553;0;5179;29065;10048;1;39114;19018;10048;29066;0,066362993;0,022942211;0,043423066;0,022942211;0,066365276;NA;NA
62;REGIONAL;08/03/21;2021;10;ARS Algarve;All;5092;1537;0;6629;34157;11585;1;45743;22573;11585;34158;0,07798936;0,026451583;0,05154006;0,026451583;0,077991643;NA;NA
63;REGIONAL;15/03/21;2021;11;ARS Algarve;All;2669;2999;0;5668;36826;14584;1;51411;22243;14584;36827;0,084083385;0,033299084;0,050786584;0,033299084;0,084085668;NA;NA
64;REGIONAL;22/03/21;2021;12;ARS Algarve;All;9396;4289;0;13685;46222;18873;1;65096;27350;18873;46223;0,105536909;0,043091993;0,0624472;0,043091993;0,105539192;NA;NA
65;REGIONAL;29/03/21;2021;13;ARS Algarve;All;4210;2909;0;7119;50432;21782;1;72215;28651;21782;50433;0,115149439;0,049734;0,065417723;0,049734;0,115151723;NA;NA
66;REGIONAL;05/04/21;2021;14;ARS Algarve;All;8643;1770;0;10413;59075;23552;1;82628;35525;23552;59077;0,134883668;0,053775373;0,081112862;0,053775373;0,134888234;NA;NA
67;REGIONAL;12/04/21;2021;15;ARS Algarve;All;13623;2148;0;15771;72698;25700;1;98399;47000;25700;72700;0,165988538;0,058679818;0,107313286;0,058679818;0,165993105;NA;NA
68;REGIONAL;19/04/21;2021;16;ARS Algarve;All;7220;5490;0;12710;79918;31190;1;111109;48731;31190;79921;0,182473685;0,071214923;0,111265612;0,071214923;0,182480535;NA;NA
69;REGIONAL;26/04/21;2021;17;ARS Algarve;All;16347;3236;0;19583;96265;34426;1;130692;61844;34426;96270;0,21979816;0,078603557;0,141206019;0,078603557;0,219809576;NA;NA
70;REGIONAL;03/05/21;2021;18;ARS Algarve;All;16479;8905;1;25385;112744;43331;2;156077;69965;43331;113296;0,257424024;0,098936;0,159748385;0,098936;0,258684385;NA;NA
71;REGIONAL;10/05/21;2021;19;ARS Algarve;All;9691;11274;0;20965;122435;54605;2;177042;70342;54605;124947;0,279551111;0,124677489;0,160609174;0,124677489;0,285286663;NA;NA
72;REGIONAL;17/05/21;2021;20;ARS Algarve;All;11978;10858;2;22838;134413;65463;4;199880;73990;65463;139453;0,306900016;0,149469142;0,168938512;0,149469142;0,318407653;NA;NA
73;REGIONAL;24/05/21;2021;21;ARS Algarve;All;7557;18757;7;26321;141970;84220;11;226201;68571;84220;152791;0,324154622;0,192296276;0,156565518;0,192296276;0,348861794;NA;NA
74;REGIONAL;31/05/21;2021;22;ARS Algarve;All;8126;12723;0;20849;150096;96943;11;247050;72487;96943;169430;0,342708405;0,221346211;0,16550677;0,221346211;0,386852981;NA;NA
75;REGIONAL;07/06/21;2021;23;ARS Algarve;All;16984;6282;0;23266;167080;103225;11;270316;84539;103225;187764;0,381487316;0,235689659;0,193024636;0,235689659;0,428714295;NA;NA
76;REGIONAL;14/06/21;2021;24;ARS Algarve;All;15280;13348;0;28628;182360;116573;11;298944;86687;116573;203260;0,416375551;0,266166632;0,197929082;0,266166632;0,464095714;NA;NA
77;REGIONAL;21/06/21;2021;25;ARS Algarve;All;19292;10053;1;29346;201652;126626;12;328290;97229;126626;223855;0,46042423;0,289120259;0,221999224;0,289120259;0,511119483;NA;NA
78;REGIONAL;28/06/21;2021;26;ARS Algarve;All;17195;16276;7;33478;218847;142902;19;361768;100532;142902;243434;0,49968491;0,326282622;0,229540836;0,326282622;0,555823458;NA;NA
79;REGIONAL;04/01/21;2021;1;ARS Centro;All;8988;4;0;8992;15580;4;0;15584;15576;4;15580;0,009397538;2,41E-06;0,009395125;2,41E-06;0,009397538;NA;NA
80;REGIONAL;11/01/21;2021;2;ARS Centro;All;12618;22;0;12640;28198;26;0;28224;28172;26;28198;0,017008458;1,57E-05;0,016992776;1,57E-05;0,017008458;NA;NA
81;REGIONAL;18/01/21;2021;3;ARS Centro;All;36748;6293;3;43044;64946;6319;3;71268;58627;6319;64946;0,039174102;0,003811492;0,03536261;0,003811492;0,039174102;NA;NA
82;REGIONAL;25/01/21;2021;4;ARS Centro;All;4853;8483;3;13339;69799;14802;6;84607;54997;14802;69799;0,042101333;0,008928264;0,033173069;0,008928264;0,042101333;NA;NA
83;REGIONAL;01/02/21;2021;5;ARS Centro;All;2667;9150;0;11817;72466;23952;6;96424;48514;23952;72466;0,043710013;0,014447358;0,029262655;0,014447358;0,043710013;NA;NA
84;REGIONAL;08/02/21;2021;6;ARS Centro;All;7489;27118;4;34611;79955;51070;10;131035;28885;51070;79955;0,048227225;0,030804382;0,017422843;0,030804382;0,048227225;NA;NA
85;REGIONAL;15/02/21;2021;7;ARS Centro;All;25475;9967;4;35446;105430;61037;14;166481;44393;61037;105430;0,063593225;0,036816273;0,026776952;0,036816273;0,063593225;NA;NA
86;REGIONAL;22/02/21;2021;8;ARS Centro;All;38342;3083;1;41426;143772;64120;15;207907;79652;64120;143772;0,086720338;0,038675876;0,048044462;0,038675876;0,086720338;NA;NA
87;REGIONAL;01/03/21;2021;9;ARS Centro;All;28419;5891;1;34311;172191;70011;16;242218;102184;70011;172195;0,103862099;0,042229207;0,061635304;0,042229207;0,103864511;NA;NA
88;REGIONAL;08/03/21;2021;10;ARS Centro;All;17546;13478;0;31024;189737;83489;16;273242;106253;83489;189742;0,114445488;0,050358862;0,064089642;0,050358862;0,114448504;NA;NA
89;REGIONAL;15/03/21;2021;11;ARS Centro;All;16549;24106;2;40657;206286;107595;18;313899;98699;107595;206294;0,124427507;0,064899109;0,059533223;0,064899109;0,124432333;NA;NA
90;REGIONAL;22/03/21;2021;12;ARS Centro;All;47747;4260;0;52007;254033;111855;18;365906;142188;111855;254043;0,153227524;0,067468654;0,085764901;0,067468654;0,153233555;NA;NA
91;REGIONAL;29/03/21;2021;13;ARS Centro;All;24295;16656;2;40953;278328;128511;20;406859;149828;128511;278339;0,167881772;0,077515214;0,090373193;0,077515214;0,167888407;NA;NA
92;REGIONAL;05/04/21;2021;14;ARS Centro;All;49799;10120;0;59919;328127;138631;20;466778;189511;138631;328142;0,197919513;0,083619391;0,114309169;0,083619391;0,197928561;NA;NA
93;REGIONAL;12/04/21;2021;15;ARS Centro;All;77566;11936;1;89503;405693;150567;21;556281;255141;150567;405708;0,244705742;0,090818943;0,153895847;0,090818943;0,24471479;NA;NA
94;REGIONAL;19/04/21;2021;16;ARS Centro;All;29959;24096;6;54061;435652;174663;27;610342;261004;174663;435667;0,2627764;0,105353159;0,157432289;0,105353159;0,262785447;NA;NA
95;REGIONAL;26/04/21;2021;17;ARS Centro;All;56637;17851;0;74488;492289;192514;27;684830;301051;192514;493565;0,296938683;0,116120518;0,181587822;0,116120518;0,29770834;NA;NA
96;REGIONAL;03/05/21;2021;18;ARS Centro;All;59914;49033;1;108948;552203;241547;28;793778;317774;241547;559321;0,333077585;0,145696223;0,191674795;0,145696223;0,337371018;NA;NA
97;REGIONAL;10/05/21;2021;19;ARS Centro;All;50670;55571;0;106241;602873;297118;28;900019;318920;297118;616038;0,363640696;0,179215517;0,192366038;0,179215517;0,371581555;NA;NA
98;REGIONAL;17/05/21;2021;20;ARS Centro;All;44847;41581;4;86432;647720;338699;32;986451;329931;338699;668630;0,390691491;0,204296328;0,199007649;0,204296328;0,403303977;NA;NA
99;REGIONAL;24/05/21;2021;21;ARS Centro;All;24127;56195;10;80332;671847;394894;42;1066783;306192;394894;701086;0,405244405;0,238192005;0,184688768;0,238192005;0,422880774;NA;NA
100;REGIONAL;31/05/21;2021;22;ARS Centro;All;44233;37601;3;81837;716080;432495;45;1148620;315172;432495;747667;0,431924849;0,260872162;0,190105321;0,260872162;0,450977483;NA;NA
101;REGIONAL;07/06/21;2021;23;ARS Centro;All;58020;40652;1;98673;774100;473147;46;1247293;334293;473147;807440;0,466921329;0,285392619;0,201638718;0,285392619;0,487031337;NA;NA
102;REGIONAL;14/06/21;2021;24;ARS Centro;All;51690;65540;10;117240;825790;538687;56;1364533;326290;538687;864977;0,498099683;0,32492501;0,196811472;0,32492501;0,521736482;NA;NA
103;REGIONAL;21/06/21;2021;25;ARS Centro;All;59299;47566;3;106868;885089;586253;59;1471401;344310;586253;930563;0,53386763;0,353615851;0,207680768;0,353615851;0,561296619;NA;NA
104;REGIONAL;28/06/21;2021;26;ARS Centro;All;49543;76671;3;126217;934632;662924;62;1597618;319315;662924;982239;0,563750957;0,399862234;0,192604294;0,399862234;0,592466528;NA;NA
105;REGIONAL;04/01/21;2021;1;ARS Lisboa e Vale do Tejo;All;12646;4;0;12650;23317;4;0;23321;23313;4;23317;0,006329677;1,09E-06;0,006328592;1,09E-06;0,006329677;NA;NA
106;REGIONAL;11/01/21;2021;2;ARS Lisboa e Vale do Tejo;All;13173;1100;0;14273;36490;1104;0;37594;35386;1104;36490;0,009905645;0,000299694;0,009605951;0,000299694;0,009905645;NA;NA
107;REGIONAL;18/01/21;2021;3;ARS Lisboa e Vale do Tejo;All;37818;9040;0;46858;74308;10144;0;84452;64164;10144;74308;0,020171792;0,00275371;0,017418082;0,00275371;0,020171792;NA;NA
108;REGIONAL;25/01/21;2021;4;ARS Lisboa e Vale do Tejo;All;17673;11420;0;29093;91981;21564;0;113545;70417;21564;91981;0,024969338;0,005853805;0,019115534;0,005853805;0,024969338;NA;NA
109;REGIONAL;01/02/21;2021;5;ARS Lisboa e Vale do Tejo;All;8646;8918;1;17565;100627;30482;1;131110;70145;30482;100627;0,027316398;0,008274702;0,019041696;0,008274702;0,027316398;NA;NA
110;REGIONAL;08/02/21;2021;6;ARS Lisboa e Vale do Tejo;All;14325;30394;0;44719;114952;60876;1;175829;54076;60876;114952;0,03120509;0,016525516;0,014679574;0,016525516;0,03120509;NA;NA
111;REGIONAL;15/02/21;2021;7;ARS Lisboa e Vale do Tejo;All;32943;19022;2;51967;147895;79898;3;227796;67997;79898;147895;0,04014786;0,021689264;0,018458596;0,021689264;0,04014786;NA;NA
112;REGIONAL;22/02/21;2021;8;ARS Lisboa e Vale do Tejo;All;49079;6671;0;55750;196974;86569;3;283546;110405;86569;196974;0,053470939;0,023500186;0,029970753;0,023500186;0,053470939;NA;NA
113;REGIONAL;01/03/21;2021;9;ARS Lisboa e Vale do Tejo;All;44846;12766;1;57613;241820;99335;4;341159;142488;99335;241823;0,06564492;0,026965669;0,038680065;0,026965669;0,065645735;NA;NA
114;REGIONAL;08/03/21;2021;10;ARS Lisboa e Vale do Tejo;All;33161;16485;2;49648;274981;115820;6;390807;159168;115820;274988;0,074646869;0,031440719;0,04320805;0,031440719;0,074648769;NA;NA
115;REGIONAL;15/03/21;2021;11;ARS Lisboa e Vale do Tejo;All;25672;28890;7;54569;300653;144710;13;445376;155952;144710;300662;0,081615839;0,039283254;0,042335029;0,039283254;0,081618282;NA;NA
116;REGIONAL;22/03/21;2021;12;ARS Lisboa e Vale do Tejo;All;88761;7434;2;96197;389414;152144;15;541573;237279;152144;389423;0,10571107;0,041301302;0,064412212;0,041301302;0,105713513;NA;NA
117;REGIONAL;29/03/21;2021;13;ARS Lisboa e Vale do Tejo;All;45282;23692;5;68979;434696;175836;20;610552;258871;175836;434707;0,118003408;0,047732777;0,070273617;0,047732777;0,118006395;NA;NA
118;REGIONAL;05/04/21;2021;14;ARS Lisboa e Vale do Tejo;All;87086;19401;2;106489;521782;195237;22;717041;326570;195237;521807;0,141643941;0,05299941;0,088651317;0,05299941;0,141650727;NA;NA
119;REGIONAL;12/04/21;2021;15;ARS Lisboa e Vale do Tejo;All;163140;14106;1;177247;684922;209343;23;894288;475605;209343;684948;0,185930238;0,056828652;0,129108644;0,056828652;0,185937296;NA;NA
120;REGIONAL;19/04/21;2021;16;ARS Lisboa e Vale do Tejo;All;78730;53424;5;132159;763652;262767;28;1026447;500912;262767;763679;0,207302434;0,071331233;0,135978531;0,071331233;0,207309764;NA;NA
121;REGIONAL;26/04/21;2021;17;ARS Lisboa e Vale do Tejo;All;107026;25327;6;132359;870678;288094;34;1158806;582617;288094;870711;0,236355917;0,078206549;0,158158326;0,078206549;0,236364875;NA;NA
122;REGIONAL;03/05/21;2021;18;ARS Lisboa e Vale do Tejo;All;107097;64692;5;171794;977775;352786;39;1330600;627680;352786;980466;0,265428674;0,095767963;0,170391215;0,095767963;0,266159178;NA;NA
123;REGIONAL;10/05/21;2021;19;ARS Lisboa e Vale do Tejo;All;89743;112267;12;202022;1067518;465053;51;1532622;607719;465053;1072772;0,28979048;0,126244178;0,164972563;0,126244178;0,291216741;NA;NA
124;REGIONAL;17/05/21;2021;20;ARS Lisboa e Vale do Tejo;All;109434;70500;6;179940;1176952;535553;57;1712562;649244;535553;1184797;0,319497643;0,145382243;0,176245019;0,145382243;0,321627262;NA;NA
125;REGIONAL;24/05/21;2021;21;ARS Lisboa e Vale do Tejo;All;110235;88102;46;198383;1287187;623655;103;1910945;684334;623655;1307989;0,349422248;0,16929858;0,185770618;0,16929858;0,355069198;NA;NA
126;REGIONAL;31/05/21;2021;22;ARS Lisboa e Vale do Tejo;All;91769;86031;17;177817;1378956;709686;120;2088762;710765;709686;1420451;0,374334036;0,19265272;0,192945628;0,19265272;0,385598348;NA;NA
127;REGIONAL;07/06/21;2021;23;ARS Lisboa e Vale do Tejo;All;150675;53175;8;203858;1529631;762861;128;2292620;822787;762861;1585648;0,41523656;0,207087708;0,223355334;0,207087708;0,430443042;NA;NA
128;REGIONAL;14/06/21;2021;24;ARS Lisboa e Vale do Tejo;All;146429;120173;10;266612;1676060;883034;138;2559232;857962;883034;1740996;0,454986457;0,2397101;0,232904007;0,2397101;0,472614108;NA;NA
129;REGIONAL;21/06/21;2021;25;ARS Lisboa e Vale do Tejo;All;119125;152524;25;271674;1795185;1035558;163;2830906;838933;1035558;1874491;0,487324357;0,281114557;0,227738358;0,281114557;0,508852916;NA;NA
130;REGIONAL;28/06/21;2021;26;ARS Lisboa e Vale do Tejo;All;129233;164575;14;293822;1924418;1200133;177;3124728;814260;1200133;2014393;0,522406195;0,325790402;0,221040579;0,325790402;0,546830981;NA;NA
131;REGIONAL;04/01/21;2021;1;ARS Norte;All;16495;3;0;16498;29764;7;0;29771;29758;7;29765;0,008360789;1,97E-06;0,008359104;1,97E-06;0,00836107;NA;NA
132;REGIONAL;11/01/21;2021;2;ARS Norte;All;15097;24;0;15121;44861;31;0;44892;44831;31;44862;0,012601578;8,71E-06;0,012593151;8,71E-06;0,012601859;NA;NA
133;REGIONAL;18/01/21;2021;3;ARS Norte;All;31926;12682;1;44609;76787;12713;1;89501;64075;12713;76788;0,021569679;0,003571117;0,017998843;0,003571117;0,02156996;NA;NA
134;REGIONAL;25/01/21;2021;4;ARS Norte;All;14411;15433;1;29845;91198;28146;2;119346;63053;28146;91199;0,025617768;0,007906289;0,017711761;0,007906289;0,025618049;NA;NA
135;REGIONAL;01/02/21;2021;5;ARS Norte;All;5498;12180;0;17678;96696;40326;2;137024;56372;40326;96698;0,027162172;0,011327684;0,015835049;0,011327684;0,027162733;NA;NA
136;REGIONAL;08/02/21;2021;6;ARS Norte;All;8734;28613;6;37353;105430;68939;8;174377;36493;68939;105432;0,029615576;0,019365154;0,010250984;0,019365154;0,029616138;NA;NA
137;REGIONAL;15/02/21;2021;7;ARS Norte;All;32892;15050;3;47945;138322;83989;11;222322;54335;83989;138324;0,038855029;0,02359274;0,015262851;0,02359274;0,038855591;NA;NA
138;REGIONAL;22/02/21;2021;8;ARS Norte;All;64628;4237;1;68866;202950;88226;12;291188;114726;88226;202952;0,057009212;0,024782925;0,032226848;0,024782925;0,057009773;NA;NA
139;REGIONAL;01/03/21;2021;9;ARS Norte;All;47778;6966;0;54744;250728;95192;12;345932;155539;95192;250731;0,070430183;0,026739694;0,043691332;0,026739694;0,070431026;NA;NA
140;REGIONAL;08/03/21;2021;10;ARS Norte;All;25303;13964;0;39267;276031;109156;12;385199;166879;109156;276035;0,077537865;0,03066222;0,046876769;0,03066222;0,077538989;NA;NA
141;REGIONAL;15/03/21;2021;11;ARS Norte;All;26612;42180;4;68796;302643;151336;16;453995;151311;151336;302647;0,085013249;0,042510697;0,042503675;0,042510697;0,085014372;NA;NA
142;REGIONAL;22/03/21;2021;12;ARS Norte;All;88727;2178;1;90906;391370;153514;17;544901;237863;153514;391377;0,109936906;0,043122504;0,066816369;0,043122504;0,109938873;NA;NA
143;REGIONAL;29/03/21;2021;13;ARS Norte;All;53875;32507;1;86383;445245;186021;18;631284;259237;186021;445258;0,125070542;0,052253809;0,072820384;0,052253809;0,125074193;NA;NA
144;REGIONAL;05/04/21;2021;14;ARS Norte;All;82137;13465;4;95606;527382;199486;22;726890;327916;199486;527402;0,14814305;0,056036165;0,092112504;0,056036165;0,148148668;NA;NA
145;REGIONAL;12/04/21;2021;15;ARS Norte;All;135460;19016;2;154478;662842;218502;24;881368;444360;218502;662862;0,186194136;0,061377811;0,124821943;0,061377811;0,186199754;NA;NA
146;REGIONAL;19/04/21;2021;16;ARS Norte;All;64689;46249;0;110938;727531;264751;24;992306;462800;264751;727551;0,204365453;0,074369282;0,130001789;0,074369282;0,204371071;NA;NA
147;REGIONAL;26/04/21;2021;17;ARS Norte;All;125920;36537;1;162458;853451;301288;25;1154764;552187;301288;853475;0,239736727;0,084632626;0,155110843;0,084632626;0,239743468;NA;NA
148;REGIONAL;03/05/21;2021;18;ARS Norte;All;154619;72791;3;227413;1008070;374079;28;1382177;634176;374079;1008255;0,283169628;0,105079817;0,178141778;0,105079817;0,283221595;NA;NA
149;REGIONAL;10/05/21;2021;19;ARS Norte;All;99162;100431;7;199600;1107232;474510;35;1581777;639581;474510;1114091;0,311024506;0,13329116;0,179660057;0,13329116;0,312951218;NA;NA
150;REGIONAL;17/05/21;2021;20;ARS Norte;All;110123;70526;7;180656;1217355;545036;42;1762433;686737;545036;1231773;0,341958358;0,153102107;0,192906307;0,153102107;0,346008414;NA;NA
151;REGIONAL;24/05/21;2021;21;ARS Norte;All;72463;128101;19;200583;1289818;673137;61;1963016;651110;673137;1324247;0,362313414;0,18908603;0,182898585;0,18908603;0,371984614;NA;NA
152;REGIONAL;31/05/21;2021;22;ARS Norte;All;54310;171625;34;225969;1344128;844762;95;2188985;557875;844762;1402637;0,377569242;0,237295963;0,156708618;0,237295963;0,39400458;NA;NA
153;REGIONAL;07/06/21;2021;23;ARS Norte;All;105322;105535;12;210869;1449450;950297;107;2399854;565213;950297;1515510;0,40715448;0,266941034;0,158769882;0,266941034;0,425710916;NA;NA
154;REGIONAL;14/06/21;2021;24;ARS Norte;All;103332;150848;12;254192;1552782;1101145;119;2654046;532793;1101145;1633938;0,436180723;0,309314651;0,149663015;0,309314651;0,458977666;NA;NA
155;REGIONAL;21/06/21;2021;25;ARS Norte;All;144452;103961;8;248421;1697234;1205106;127;2902467;589269;1205106;1794375;0,476757686;0,338517581;0,165527278;0,338517581;0,504044859;NA;NA
156;REGIONAL;28/06/21;2021;26;ARS Norte;All;161434;114843;12;276289;1858668;1319949;139;3178756;641185;1319949;1961134;0,522104939;0,370777294;0,180110625;0,370777294;0,55088792;NA;NA
157;REGIONAL;04/01/21;2021;1;RA_Madeira;All;1725;0;0;1725;2365;0;0;2365;2365;0;2365;0,009313847;0;0,009313847;0;0,009313847;NA;NA
158;REGIONAL;11/01/21;2021;2;RA_Madeira;All;1760;0;0;1760;4125;0;0;4125;4125;0;4125;0,016245082;0;0,016245082;0;0,016245082;NA;NA
159;REGIONAL;18/01/21;2021;3;RA_Madeira;All;1081;538;0;1619;5206;538;0;5744;4668;538;5206;0,020502278;0,002118753;0,018383526;0,002118753;0,020502278;NA;NA
160;REGIONAL;25/01/21;2021;4;RA_Madeira;All;408;1632;0;2040;5614;2170;0;7784;3444;2170;5614;0,022109065;0,008545898;0,013563167;0,008545898;0,022109065;NA;NA
161;REGIONAL;01/02/21;2021;5;RA_Madeira;All;2233;1521;0;3754;7847;3691;0;11538;4156;3691;7847;0,030903069;0,014535903;0,016367166;0,014535903;0,030903069;NA;NA
162;REGIONAL;08/02/21;2021;6;RA_Madeira;All;3163;1088;0;4251;11010;4779;0;15789;6231;4779;11010;0,043359601;0,018820666;0,024538935;0,018820666;0,043359601;NA;NA
163;REGIONAL;15/02/21;2021;7;RA_Madeira;All;2496;639;0;3135;13506;5418;0;18924;8088;5418;13506;0,053189353;0,021337177;0,031852176;0,021337177;0,053189353;NA;NA
164;REGIONAL;22/02/21;2021;8;RA_Madeira;All;2257;2156;0;4413;15763;7574;0;23337;8189;7574;15763;0,062077874;0,02982794;0,032249934;0,02982794;0,062077874;NA;NA
165;REGIONAL;01/03/21;2021;9;RA_Madeira;All;1435;3117;0;4552;17198;10691;0;27889;6507;10691;17198;0,067729193;0,042103315;0,025625879;0,042103315;0,067729193;NA;NA
166;REGIONAL;08/03/21;2021;10;RA_Madeira;All;4897;2399;0;7296;22095;13090;0;35185;9005;13090;22095;0,087014567;0,051551061;0,035463507;0,051551061;0,087014567;NA;NA
167;REGIONAL;15/03/21;2021;11;RA_Madeira;All;3113;2350;0;5463;25208;15440;0;40648;9768;15440;25208;0,099274189;0,060805835;0,038468355;0,060805835;0,099274189;NA;NA
168;REGIONAL;22/03/21;2021;12;RA_Madeira;All;5288;182;0;5470;30496;15622;0;46118;14874;15622;30496;0,1200994;0,061522588;0,058576813;0,061522588;0,1200994;NA;NA
169;REGIONAL;29/03/21;2021;13;RA_Madeira;All;1207;1262;0;2469;31703;16884;0;48587;14819;16884;31703;0,12485281;0,066492598;0,058360212;0,066492598;0,12485281;NA;NA
170;REGIONAL;05/04/21;2021;14;RA_Madeira;All;10220;1302;0;11522;41923;18186;0;60109;23737;18186;41923;0,165101231;0,071620137;0,093481095;0,071620137;0,165101231;NA;NA
171;REGIONAL;12/04/21;2021;15;RA_Madeira;All;8434;1302;0;9736;50357;19488;0;69845;30869;19488;50357;0,198316025;0,076747675;0,121568349;0,076747675;0,198316025;NA;NA
172;REGIONAL;19/04/21;2021;16;RA_Madeira;All;9822;2129;0;11951;60179;21617;0;81796;38562;21617;60179;0,236997042;0,085132107;0,151864935;0,085132107;0,236997042;NA;NA
173;REGIONAL;26/04/21;2021;17;RA_Madeira;All;8826;805;0;9631;69005;22422;0;91427;46584;22422;69006;0,271755611;0,088302359;0,18345719;0,088302359;0,271759549;NA;NA
174;REGIONAL;03/05/21;2021;18;RA_Madeira;All;7611;5288;0;12899;76616;27710;0;104326;48907;27710;76617;0,301729264;0,10912757;0,192605632;0,10912757;0,301733203;NA;NA
175;REGIONAL;10/05/21;2021;19;RA_Madeira;All;11601;6434;0;18035;88217;34144;0;122361;54074;34144;88218;0,347416343;0,13446596;0,212954321;0,13446596;0,347420281;NA;NA
176;REGIONAL;17/05/21;2021;20;RA_Madeira;All;2340;7615;0;9955;90557;41759;0;132316;48799;41759;90558;0,356631735;0,164455366;0,192180307;0,164455366;0,356635673;NA;NA
177;REGIONAL;24/05/21;2021;21;RA_Madeira;All;3447;8976;0;12423;94004;50735;0;144739;43271;50735;94006;0,370206716;0,199804665;0,170409927;0,199804665;0,370214593;NA;NA
178;REGIONAL;31/05/21;2021;22;RA_Madeira;All;7559;10936;0;18495;101563;61671;0;163234;40204;61671;101875;0,399975583;0,242872839;0,158331463;0,242872839;0,401204302;NA;NA
179;REGIONAL;07/06/21;2021;23;RA_Madeira;All;3595;15298;0;18893;105158;76969;0;182127;30599;76969;107568;0,414133418;0,30311945;0,120505035;0,30311945;0,423624485;NA;NA
180;REGIONAL;14/06/21;2021;24;RA_Madeira;All;3499;8098;0;11597;108657;85067;0;193724;28520;85067;113587;0,427913186;0,335011007;0,112317514;0,335011007;0,447328521;NA;NA
181;REGIONAL;21/06/21;2021;25;RA_Madeira;All;12546;3692;0;16238;121203;88759;0;209962;37518;88759;126277;0,477321865;0,349550848;0,147753453;0,349550848;0,497304301;NA;NA
182;REGIONAL;28/06/21;2021;26;RA_Madeira;All;9927;12283;0;22210;131130;101042;0;232172;35337;101042;136379;0,516416394;0,39792378;0,139164235;0,39792378;0,537088015;NA;NA
183;REGIONAL;04/01/21;2021;1;RA_Acores;All;3552;2;0;3554;5493;3;0;5496;5490;3;5493;0,02267951;1,24E-05;0,022667124;1,24E-05;0,02267951;NA;NA
184;REGIONAL;11/01/21;2021;2;RA_Acores;All;1;0;0;1;5494;3;0;5497;5491;3;5494;0,022683639;1,24E-05;0,022671252;1,24E-05;0,022683639;NA;NA
185;REGIONAL;18/01/21;2021;3;RA_Acores;All;24;1881;7;1912;5518;1884;7;7409;3634;1884;5518;0,02278273;0,007778663;0,015004067;0,007778663;0,02278273;NA;NA
186;REGIONAL;25/01/21;2021;4;RA_Acores;All;273;3400;47;3720;5791;5284;54;11129;507;5284;5791;0,023909893;0,02181659;0,002093303;0,02181659;0,023909893;NA;NA
187;REGIONAL;01/02/21;2021;5;RA_Acores;All;1874;17;0;1891;7665;5301;54;13020;2364;5301;7665;0,031647268;0,02188678;0,009760488;0,02188678;0,031647268;NA;NA
188;REGIONAL;08/02/21;2021;6;RA_Acores;All;1055;1;0;1056;8720;5302;54;14076;3418;5302;8720;0,036003154;0,021890909;0,014112246;0,021890909;0,036003154;NA;NA
189;REGIONAL;15/02/21;2021;7;RA_Acores;All;2069;322;1;2392;10789;5624;55;16468;5165;5624;10789;0,044545646;0,023220383;0,021325263;0,023220383;0,044545646;NA;NA
190;REGIONAL;22/02/21;2021;8;RA_Acores;All;1473;1607;12;3092;12262;7231;67;19560;5031;7231;12262;0,050627371;0,029855368;0,020772003;0,029855368;0,050627371;NA;NA
191;REGIONAL;01/03/21;2021;9;RA_Acores;All;752;1153;8;1913;13014;8384;75;21473;4630;8384;13014;0,053732231;0,034615877;0,019116354;0,034615877;0,053732231;NA;NA
192;REGIONAL;08/03/21;2021;10;RA_Acores;All;2620;2048;8;4676;15634;10432;83;26149;5202;10432;15634;0,064549692;0,043071664;0,021478029;0,043071664;0,064549692;NA;NA
193;REGIONAL;15/03/21;2021;11;RA_Acores;All;2525;1432;8;3965;18159;11864;91;30114;6296;11864;18160;0,074974918;0,048984108;0,025994938;0,048984108;0,074979046;NA;NA
194;REGIONAL;22/03/21;2021;12;RA_Acores;All;4114;726;0;4840;22273;12590;91;34954;9684;12590;22274;0,091960809;0,051981619;0,03998332;0,051981619;0,091964938;NA;NA
195;REGIONAL;29/03/21;2021;13;RA_Acores;All;1964;760;0;2724;24237;13350;91;37678;10889;13350;24239;0,100069777;0,055119508;0,044958526;0,055119508;0,100078034;NA;NA
196;REGIONAL;05/04/21;2021;14;RA_Acores;All;3874;2342;1;6217;28111;15692;92;43895;12421;15692;28113;0,116064756;0,064789163;0,051283851;0,064789163;0,116073014;NA;NA
197;REGIONAL;12/04/21;2021;15;RA_Acores;All;4229;2399;0;6628;32340;18091;92;50523;14251;18091;32342;0,13352546;0,074694159;0,058839559;0,074694159;0,133533718;NA;NA
198;REGIONAL;19/04/21;2021;16;RA_Acores;All;7976;1059;0;9035;40316;19150;92;59558;21168;19150;40318;0,166456786;0,07906656;0,087398483;0,07906656;0,166465043;NA;NA
199;REGIONAL;26/04/21;2021;17;RA_Acores;All;9258;2948;1;12207;49574;22098;93;71765;27479;22098;49577;0,204681236;0,091238269;0,113455353;0,091238269;0,204693622;NA;NA
200;REGIONAL;03/05/21;2021;18;RA_Acores;All;9751;2823;1;12575;59325;24921;94;84340;34408;24921;59329;0,244941185;0,102893877;0,142063823;0,102893877;0,2449577;NA;NA
201;REGIONAL;10/05/21;2021;19;RA_Acores;All;9450;2303;1;11754;68775;27224;95;96094;41555;27224;68779;0,283958365;0,112402509;0,171572372;0,112402509;0,28397488;NA;NA
202;REGIONAL;17/05/21;2021;20;RA_Acores;All;12163;5071;0;17234;80938;32295;95;113328;48648;32295;80943;0,334176985;0,133339664;0,200857965;0,133339664;0,334197629;NA;NA
203;REGIONAL;24/05/21;2021;21;RA_Acores;All;5659;8203;0;13862;86597;40498;95;127190;46104;40498;86602;0,357541876;0,167208228;0,190354293;0,167208228;0,35756252;NA;NA
204;REGIONAL;31/05/21;2021;22;RA_Acores;All;5485;10122;1;15608;92082;50620;96;142798;41469;50620;92089;0,380188356;0,208999963;0,171217295;0,208999963;0,380217258;NA;NA
205;REGIONAL;07/06/21;2021;23;RA_Acores;All;7892;11990;3;19885;99974;62610;99;162683;37371;62610;99981;0,412772862;0,2585043;0,154297464;0,2585043;0,412801764;NA;NA
206;REGIONAL;14/06/21;2021;24;RA_Acores;All;9211;7639;2;16852;109185;70249;101;179535;39410;70249;109659;0,450803258;0,290044219;0,162716091;0,290044219;0,452760311;NA;NA
207;REGIONAL;21/06/21;2021;25;RA_Acores;All;5787;10125;3;15915;114972;80374;104;195450;37886;80374;118260;0,474696636;0,331848341;0,156423797;0,331848341;0,488272138;NA;NA
208;REGIONAL;28/06/21;2021;26;RA_Acores;All;6442;12202;6;18650;121414;92576;110;214100;33641;92576;126217;0,501294379;0,382227984;0,138897032;0,382227984;0,521125016;NA;NA
209;AGES;04/01/21;2021;1;All;0-17 anos;4;0;0;4;4;0;0;4;4;0;4;2,35E-06;0;2,35E-06;0;2,35E-06;NA;NA
210;AGES;04/01/21;2021;1;All;18-24 anos;1769;1;0;1770;3122;1;0;3123;3121;1;3122;0,003996544;1,28E-06;0,003995264;1,28E-06;0,003996544;NA;NA
211;AGES;04/01/21;2021;1;All;25-49 anos;27301;5;0;27306;50938;10;0;50948;50929;10;50939;0,015289529;3,00E-06;0,015286828;3,00E-06;0,01528983;NA;NA
212;AGES;04/01/21;2021;1;All;50-64 anos;12952;4;0;12956;22140;4;0;22144;22136;4;22140;0,010183145;1,84E-06;0,010181305;1,84E-06;0,010183145;NA;NA
213;AGES;04/01/21;2021;1;All;65-79 anos;2301;1;0;2302;3248;1;0;3249;3247;1;3248;0,001995015;6,14E-07;0,001994401;6,14E-07;0,001995015;NA;NA
214;AGES;04/01/21;2021;1;All;80 ou mais anos;3809;2;0;3811;4077;2;0;4079;4075;2;4077;0,005981602;2,93E-06;0,005978668;2,93E-06;0,005981602;NA;NA
215;AGES;04/01/21;2021;1;All;Desconhecido;1;0;0;1;1;0;0;1;1;0;1;NA;NA;NA;NA;NA;NA;NA
216;AGES;11/01/21;2021;2;All;0-17 anos;15;0;0;15;19;0;0;19;19;0;19;1,12E-05;0;1,12E-05;0;1,12E-05;NA;NA
217;AGES;11/01/21;2021;2;All;18-24 anos;1394;56;0;1450;4516;57;0;4573;4459;57;4516;0,005781035;7,30E-05;0,005708068;7,30E-05;0,005781035;NA;NA
218;AGES;11/01/21;2021;2;All;25-49 anos;16306;774;0;17080;67244;784;0;68028;66461;784;67245;0,020183932;0,000235325;0,019948907;0,000235325;0,020184232;NA;NA
219;AGES;11/01/21;2021;2;All;50-64 anos;11649;302;0;11951;33789;306;0;34095;33483;306;33789;0,015541024;0,000140743;0,015400282;0,000140743;0,015541024;NA;NA
220;AGES;11/01/21;2021;2;All;65-79 anos;5517;27;0;5544;8765;28;0;8793;8737;28;8765;0,005383715;1,72E-05;0,005366516;1,72E-05;0,005383715;NA;NA
221;AGES;11/01/21;2021;2;All;80 ou mais anos;14469;0;0;14469;18546;2;0;18548;18544;2;18546;0,027209906;2,93E-06;0,027206972;2,93E-06;0,027209906;NA;NA
222;AGES;11/01/21;2021;2;All;Desconhecido;0;0;0;0;1;0;0;1;1;0;1;NA;NA;NA;NA;NA;NA;NA
223;AGES;18/01/21;2021;3;All;0-17 anos;69;0;0;69;88;0;0;88;88;0;88;5,17E-05;0;5,17E-05;0;5,17E-05;NA;NA
224;AGES;18/01/21;2021;3;All;18-24 anos;3795;1190;0;4985;8311;1247;0;9558;7064;1247;8311;0,010639101;0,001596313;0,009042788;0,001596313;0,010639101;NA;NA
225;AGES;18/01/21;2021;3;All;25-49 anos;37219;21630;8;58857;104463;22414;8;126885;82050;22414;104464;0,031355572;0,006727777;0,024628095;0,006727777;0,031355872;NA;NA
226;AGES;18/01/21;2021;3;All;50-64 anos;27335;8532;1;35868;61124;8838;1;69963;52286;8838;61124;0,028113575;0,004064979;0,024048596;0,004064979;0,028113575;NA;NA
227;AGES;18/01/21;2021;3;All;65-79 anos;14027;906;0;14933;22792;934;0;23726;21858;934;22792;0,013999501;0,00057369;0,013425812;0,00057369;0,013999501;NA;NA
228;AGES;18/01/21;2021;3;All;80 ou mais anos;39003;258;2;39263;57549;260;2;57811;57289;260;57549;0,084433457;0,000381461;0,084051996;0,000381461;0,084433457;NA;NA
229;AGES;18/01/21;2021;3;All;Desconhecido;0;0;0;0;1;0;0;1;1;0;1;NA;NA;NA;NA;NA;NA;NA
230;AGES;25/01/21;2021;4;All;0-17 anos;14;3;0;17;102;3;0;105;99;3;102;5,99E-05;1,76E-06;5,82E-05;1,76E-06;5,99E-05;NA;NA
231;AGES;25/01/21;2021;4;All;18-24 anos;1411;1560;0;2971;9722;2807;0;12529;6915;2807;9722;0,012445355;0,003593305;0,00885205;0,003593305;0,012445355;NA;NA
232;AGES;25/01/21;2021;4;All;25-49 anos;15914;25483;8;41405;120377;47897;16;168290;72481;47897;120378;0,036132312;0,014376744;0,021755868;0,014376744;0,036132612;NA;NA
233;AGES;25/01/21;2021;4;All;50-64 anos;10920;12169;6;23095;72044;21007;7;93058;51037;21007;72044;0,033136156;0,009662029;0,023474127;0,009662029;0,033136156;NA;NA
234;AGES;25/01/21;2021;4;All;65-79 anos;6456;2120;14;8590;29248;3054;14;32316;26194;3054;29248;0,017964962;0,001875855;0,016089107;0,001875855;0,017964962;NA;NA
235;AGES;25/01/21;2021;4;All;80 ou mais anos;7355;3381;23;10759;64904;3641;25;68570;61263;3641;64904;0,095224402;0,005341921;0,089882481;0,005341921;0,095224402;NA;NA
236;AGES;25/01/21;2021;4;All;Desconhecido;0;0;0;0;1;0;0;1;1;0;1;NA;NA;NA;NA;NA;NA;NA
237;AGES;01/02/21;2021;5;All;0-17 anos;34;1;0;35;136;4;0;140;132;4;136;7,99E-05;2,35E-06;7,76E-05;2,35E-06;7,99E-05;NA;NA
238;AGES;01/02/21;2021;5;All;18-24 anos;966;933;0;1899;10688;3740;0;14428;6948;3740;10688;0,013681953;0,00478766;0,008894294;0,00478766;0,013681953;NA;NA
239;AGES;01/02/21;2021;5;All;25-49 anos;9887;12462;0;22349;130264;60359;16;190639;69907;60359;130266;0,039099989;0,018117333;0,020983257;0,018117333;0,03910059;NA;NA
240;AGES;01/02/21;2021;5;All;50-64 anos;5493;9186;1;14680;77537;30193;8;107738;47344;30193;77537;0,035662624;0,013887068;0,021775556;0,013887068;0,035662624;NA;NA
241;AGES;01/02/21;2021;5;All;65-79 anos;2676;4160;0;6836;31924;7214;14;39152;24711;7214;31925;0,019608638;0,004431046;0,015178206;0,004431046;0,019609252;NA;NA
242;AGES;01/02/21;2021;5;All;80 ou mais anos;4521;10632;0;15153;69425;14273;25;83723;55152;14273;69425;0,101857422;0,020940742;0,08091668;0,020940742;0,101857422;NA;NA
243;AGES;01/02/21;2021;5;All;Desconhecido;0;0;0;0;1;0;0;1;1;0;1;NA;NA;NA;NA;NA;NA;NA
244;AGES;08/02/21;2021;6;All;0-17 anos;36;67;0;103;172;71;0;243;101;71;172;0,000101076;4,17E-05;5,94E-05;4,17E-05;0,000101076;NA;NA
245;AGES;08/02/21;2021;6;All;18-24 anos;1447;3031;0;4478;12135;6771;0;18906;5364;6771;12135;0,015534291;0,008667712;0,006866579;0,008667712;0,015534291;NA;NA
246;AGES;08/02/21;2021;6;All;25-49 anos;13707;30661;5;44373;143971;91020;21;235012;52953;91020;143973;0,043214277;0,027320526;0,015894351;0,027320526;0,043214877;NA;NA
247;AGES;08/02/21;2021;6;All;50-64 anos;6818;22173;2;28993;84355;52366;10;136731;31989;52366;84355;0,038798518;0,024085391;0,014713126;0,024085391;0,038798518;NA;NA
248;AGES;08/02/21;2021;6;All;65-79 anos;3672;11463;3;15138;35596;18677;17;54290;16920;18677;35597;0,021864086;0,01147195;0,01039275;0,01147195;0,0218647;NA;NA
249;AGES;08/02/21;2021;6;All;80 ou mais anos;14894;31517;2;46413;84319;45790;27;130136;38529;45790;84319;0,123709268;0,06718115;0,056528118;0,06718115;0,123709268;NA;NA
250;AGES;08/02/21;2021;6;All;Desconhecido;0;0;0;0;1;0;0;1;1;0;1;NA;NA;NA;NA;NA;NA;NA
251;AGES;15/02/21;2021;7;All;0-17 anos;31;16;0;47;203;87;0;290;116;87;203;0,000119293;5,11E-05;6,82E-05;5,11E-05;0,000119293;NA;NA
252;AGES;15/02/21;2021;7;All;18-24 anos;2287;1719;0;4006;14422;8490;0;22912;5932;8490;14422;0,018461932;0,010868243;0,007593689;0,010868243;0,018461932;NA;NA
253;AGES;15/02/21;2021;7;All;25-49 anos;22145;18868;4;41017;166116;109888;25;276029;56230;109888;166118;0,049861311;0,032983938;0,016877974;0,032983938;0,049861912;NA;NA
254;AGES;15/02/21;2021;7;All;50-64 anos;25032;12903;2;37937;109387;65269;12;174668;44118;65269;109387;0,050311819;0,03002004;0,020291779;0,03002004;0,050311819;NA;NA
255;AGES;15/02/21;2021;7;All;65-79 anos;5014;7185;2;12201;40610;25862;19;66491;14749;25862;40611;0,024943829;0,015885183;0,00905926;0,015885183;0,024944443;NA;NA
256;AGES;15/02/21;2021;7;All;80 ou mais anos;48667;9239;2;57908;132986;55029;29;188044;77957;55029;132986;0,195111431;0,08073622;0,114375211;0,08073622;0,195111431;NA;NA
257;AGES;15/02/21;2021;7;All;Desconhecido;0;0;0;0;1;0;0;1;1;0;1;NA;NA;NA;NA;NA;NA;NA
258;AGES;22/02/21;2021;8;All;0-17 anos;21;32;0;53;224;119;0;343;105;119;224;0,000131634;6,99E-05;6,17E-05;6,99E-05;0,000131634;NA;NA
259;AGES;22/02/21;2021;8;All;18-24 anos;1262;690;1;1953;15684;9180;1;24865;6504;9180;15684;0,020077447;0,011751528;0,008325919;0,011751528;0,020077447;NA;NA
260;AGES;22/02/21;2021;8;All;25-49 anos;11256;7226;5;18487;177372;117114;30;294516;60260;117114;177374;0,053239908;0,035152891;0,018087617;0,035152891;0,053240508;NA;NA
261;AGES;22/02/21;2021;8;All;50-64 anos;49679;4936;2;54617;159066;70205;14;229285;88861;70205;159066;0,073161342;0,03229032;0,040871022;0,03229032;0,073161342;NA;NA
262;AGES;22/02/21;2021;8;All;65-79 anos;11573;2408;2;13983;52183;28270;21;80474;23914;28270;52184;0,032052298;0,017364246;0,014688666;0,017364246;0,032052912;NA;NA
263;AGES;22/02/21;2021;8;All;80 ou mais anos;102605;5181;4;107790;235591;60210;33;295834;175381;60210;235591;0,345649144;0,088337564;0,25731158;0,088337564;0,345649144;NA;NA
264;AGES;22/02/21;2021;8;All;Desconhecido;0;0;0;0;1;0;0;1;1;0;1;NA;NA;NA;NA;NA;NA;NA
265;AGES;01/03/21;2021;9;All;0-17 anos;8;28;0;36;232;147;0;379;85;147;232;0,000136335;8,64E-05;5,00E-05;8,64E-05;0,000136335;NA;NA
266;AGES;01/03/21;2021;9;All;18-24 anos;880;1015;1;1896;16564;10195;2;26761;6370;10195;16565;0,021203956;0,013050853;0,008154383;0,013050853;0,021205236;NA;NA
267;AGES;01/03/21;2021;9;All;25-49 anos;7248;9851;4;17103;184620;126965;34;311619;57662;126965;184627;0,055415464;0,038109763;0,017307803;0,038109763;0,055417566;NA;NA
268;AGES;01/03/21;2021;9;All;50-64 anos;29932;5925;2;35859;188998;76130;16;265144;112869;76130;188999;0,086928365;0,035015484;0,051913341;0,035015484;0,086928825;NA;NA
269;AGES;01/03/21;2021;9;All;65-79 anos;13088;3744;2;16834;65271;32014;23;97308;33259;32014;65273;0,040091324;0,019663919;0,020428633;0,019663919;0,040092552;NA;NA
270;AGES;01/03/21;2021;9;All;80 ou mais anos;87213;12797;1;100011;322804;73007;34;395845;249797;73007;322804;0,473604366;0,10711278;0,366491586;0,10711278;0,473604366;NA;NA
271;AGES;01/03/21;2021;9;All;Desconhecido;0;0;0;0;1;0;0;1;1;0;1;NA;NA;NA;NA;NA;NA;NA
272;AGES;08/03/21;2021;10;All;0-17 anos;12;24;0;36;244;171;0;415;73;171;244;0,000143387;0,000100489;4,29E-05;0,000100489;0,000143387;NA;NA
273;AGES;08/03/21;2021;10;All;18-24 anos;1299;633;1;1933;17863;10828;3;28694;7038;10828;17866;0,022866835;0,013861171;0,009009505;0,013861171;0,022870676;NA;NA
274;AGES;08/03/21;2021;10;All;25-49 anos;15744;5996;6;21746;200364;132961;40;333365;67414;132961;200375;0,060141177;0,03990952;0,020234959;0,03990952;0,060144479;NA;NA
275;AGES;08/03/21;2021;10;All;50-64 anos;21761;4221;1;25983;210759;80351;17;291127;130409;80351;210760;0,096937192;0,036956905;0,059980747;0,036956905;0,096937651;NA;NA
276;AGES;08/03/21;2021;10;All;65-79 anos;15538;3463;0;19001;80809;35477;23;116309;45334;35477;80811;0,04963521;0,021790993;0,027845445;0,021790993;0,049636438;NA;NA
277;AGES;08/03/21;2021;10;All;80 ou mais anos;40125;37308;2;77435;362929;110315;36;473280;252614;110315;362929;0,532474068;0,161849499;0,370624569;0,161849499;0,532474068;NA;NA
278;AGES;08/03/21;2021;10;All;Desconhecido;0;0;0;0;1;0;0;1;1;0;1;NA;NA;NA;NA;NA;NA;NA
279;AGES;15/03/21;2021;11;All;0-17 anos;2;23;0;25;246;194;0;440;52;194;246;0,000144562;0,000114005;3,06E-05;0,000114005;0,000144562;NA;NA
280;AGES;15/03/21;2021;11;All;18-24 anos;233;371;1;605;18096;11199;4;29299;6901;11199;18100;0,023165104;0,014336096;0,008834128;0,014336096;0,023170224;NA;NA
281;AGES;15/03/21;2021;11;All;25-49 anos;4151;2971;4;7126;204515;135932;44;340491;68595;135932;204527;0,06138714;0,040801294;0,020589447;0,040801294;0,061390741;NA;NA
282;AGES;15/03/21;2021;11;All;50-64 anos;4128;2251;4;6383;214887;82602;21;297510;132289;82602;214891;0,098835837;0,037992237;0,06084544;0,037992237;0,098837677;NA;NA
283;AGES;15/03/21;2021;11;All;65-79 anos;17991;6753;4;24748;98800;42230;27;141057;56573;42230;98803;0,060685799;0,025938879;0,034748762;0,025938879;0,060687641;NA;NA
284;AGES;15/03/21;2021;11;All;80 ou mais anos;54378;97405;8;151791;417307;207720;44;625071;209587;207720;417307;0,612255168;0,304757992;0,307497176;0,304757992;0,612255168;NA;NA
285;AGES;15/03/21;2021;11;All;Desconhecido;0;0;0;0;1;0;0;1;1;0;1;NA;NA;NA;NA;NA;NA;NA
286;AGES;22/03/21;2021;12;All;0-17 anos;25;7;0;32;271;201;0;472;70;201;271;0,000159254;0,000118118;4,11E-05;0,000118118;0,000159254;NA;NA
287;AGES;22/03/21;2021;12;All;18-24 anos;3087;115;0;3202;21183;11314;4;32501;9873;11314;21187;0,027116843;0,01448331;0,012638653;0,01448331;0,027121964;NA;NA
288;AGES;22/03/21;2021;12;All;25-49 anos;41627;1220;1;42848;246142;137152;45;383339;109003;137152;246155;0,073881883;0,041167489;0,032718296;0,041167489;0,073885785;NA;NA
289;AGES;22/03/21;2021;12;All;50-64 anos;34069;869;0;34938;248956;83471;21;332448;165490;83471;248961;0,114505646;0,038391928;0,076116018;0,038391928;0,114507946;NA;NA
290;AGES;22/03/21;2021;12;All;65-79 anos;52635;2101;0;54736;151435;44331;27;195793;107110;44331;151441;0,093015728;0,027229374;0,065790039;0,027229374;0,093019413;NA;NA
291;AGES;22/03/21;2021;12;All;80 ou mais anos;124530;16876;2;141408;541837;224596;46;766479;317241;224596;541837;0,794960313;0,329517745;0,465442568;0,329517745;0,794960313;NA;NA
292;AGES;22/03/21;2021;12;All;Desconhecido;0;0;0;0;1;0;0;1;1;0;1;NA;NA;NA;NA;NA;NA;NA
293;AGES;29/03/21;2021;13;All;0-17 anos;9;12;0;21;280;213;0;493;67;213;280;0,000164543;0,00012517;3,94E-05;0,00012517;0,000164543;NA;NA
294;AGES;29/03/21;2021;13;All;18-24 anos;519;69;1;589;21702;11383;5;33090;10323;11383;21706;0,027781227;0,014571639;0,013214709;0,014571639;0,027786347;NA;NA
295;AGES;29/03/21;2021;13;All;25-49 anos;4158;763;1;4922;250300;137915;46;388261;112403;137915;250318;0,075129947;0,041396511;0,033738839;0,041396511;0,075135349;NA;NA
296;AGES;29/03/21;2021;13;All;50-64 anos;7509;662;1;8172;256465;84133;22;340620;172342;84133;256475;0,11795936;0,03869641;0,079267549;0,03869641;0,11796396;NA;NA
297;AGES;29/03/21;2021;13;All;65-79 anos;88085;7232;2;95319;239520;51563;29;291112;187964;51563;239527;0,147120066;0,031671476;0,115452889;0,031671476;0,147124365;NA;NA
298;AGES;29/03/21;2021;13;All;80 ou mais anos;36740;75367;3;112110;578577;299963;49;878589;278614;299963;578577;0,848863686;0,440093018;0,408770669;0,440093018;0,848863686;NA;NA
299;AGES;29/03/21;2021;13;All;Desconhecido;0;0;0;0;1;0;0;1;1;0;1;NA;NA;NA;NA;NA;NA;NA
300;AGES;05/04/21;2021;14;All;0-17 anos;17;2;0;19;297;215;0;512;82;215;297;0,000174533;0,000126345;4,82E-05;0,000126345;0,000174533;NA;NA
301;AGES;05/04/21;2021;14;All;18-24 anos;722;109;0;831;22424;11492;5;33921;10937;11492;22429;0,028705476;0,014711172;0,014000704;0,014711172;0,028711876;NA;NA
302;AGES;05/04/21;2021;14;All;25-49 anos;8595;894;0;9489;258895;138809;46;397750;120116;138809;258925;0,077709818;0,041664853;0,03605397;0,041664853;0,077718823;NA;NA
303;AGES;05/04/21;2021;14;All;50-64 anos;14944;769;0;15713;271409;84902;22;356333;186526;84902;271428;0,124832753;0,039050107;0,085791385;0,039050107;0,124841492;NA;NA
304;AGES;05/04/21;2021;14;All;65-79 anos;201255;5174;0;206429;440775;56737;29;497541;384051;56737;440788;0,270736669;0,034849496;0,235895159;0,034849496;0,270744654;NA;NA
305;AGES;05/04/21;2021;14;All;80 ou mais anos;30371;45791;7;76169;608948;345754;56;954758;263194;345754;608948;0,893422732;0,507275635;0,386147097;0,507275635;0,893422732;NA;NA
306;AGES;05/04/21;2021;14;All;Desconhecido;0;0;0;0;1;0;0;1;1;0;1;NA;NA;NA;NA;NA;NA;NA
307;AGES;12/04/21;2021;15;All;0-17 anos;39;2;0;41;336;217;0;553;119;217;336;0,000197451;0,000127521;6,99E-05;0,000127521;0,000197451;NA;NA
308;AGES;12/04/21;2021;15;All;18-24 anos;4234;59;0;4293;26658;11551;5;38214;15113;11551;26664;0,034125516;0,0147867;0,019346497;0,0147867;0,034133197;NA;NA
309;AGES;12/04/21;2021;15;All;25-49 anos;88626;516;0;89142;347521;139325;46;486892;208226;139325;347551;0,104311763;0,041819736;0,062501032;0,041819736;0,104320767;NA;NA
310;AGES;12/04/21;2021;15;All;50-64 anos;87645;420;0;88065;359054;85322;22;444398;273751;85322;359073;0,165144484;0,039243283;0,12590994;0,039243283;0,165153223;NA;NA
311;AGES;12/04/21;2021;15;All;65-79 anos;233410;3457;1;236868;674185;60194;30;734409;614004;60194;674198;0,414103797;0,036972884;0,377138898;0,036972884;0,414111782;NA;NA
312;AGES;12/04/21;2021;15;All;80 ou mais anos;10524;49454;4;59982;619472;395208;60;1014740;224264;395208;619472;0,9088631;0,579832451;0,329030649;0,579832451;0,9088631;NA;NA
313;AGES;12/04/21;2021;15;All;Desconhecido;0;0;0;0;1;0;0;1;1;0;1;NA;NA;NA;NA;NA;NA;NA
314;AGES;19/04/21;2021;16;All;0-17 anos;22;5;0;27;358;222;0;580;136;222;358;0,000210379;0,000130459;7,99E-05;0,000130459;0,000210379;NA;NA
315;AGES;19/04/21;2021;16;All;18-24 anos;1263;62;0;1325;27921;11613;5;39539;16314;11613;27927;0,035742311;0,014866067;0,020883925;0,014866067;0,035749992;NA;NA
316;AGES;19/04/21;2021;16;All;25-49 anos;10418;539;1;10958;357939;139864;47;497850;218106;139864;357970;0,107438825;0,041981522;0,065466609;0,041981522;0,10744813;NA;NA
317;AGES;19/04/21;2021;16;All;50-64 anos;14074;1615;0;15689;373128;86937;22;460087;286210;86937;373147;0,171617726;0,039986091;0,131640374;0,039986091;0,171626465;NA;NA
318;AGES;19/04/21;2021;16;All;65-79 anos;175614;13128;3;188745;849799;73322;33;923154;776491;73322;849813;0,521970962;0,045036479;0,476943082;0,045036479;0,521979561;NA;NA
319;AGES;19/04/21;2021;16;All;80 ou mais anos;8431;123095;9;131535;627903;518303;69;1146275;109600;518303;627903;0,921232706;0,760432225;0,160800481;0,760432225;0,921232706;NA;NA
320;AGES;19/04/21;2021;16;All;Desconhecido;0;0;0;0;1;0;0;1;1;0;1;NA;NA;NA;NA;NA;NA;NA
321;AGES;26/04/21;2021;17;All;0-17 anos;44;16;0;60;402;238;0;640;164;238;402;0,000236236;0,000139861;9,64E-05;0,000139861;0,000236236;NA;NA
322;AGES;26/04/21;2021;17;All;18-24 anos;2571;90;0;2661;30492;11703;5;42200;18796;11703;30499;0,039033507;0,014981278;0,02406119;0,014981278;0,039042468;NA;NA
323;AGES;26/04/21;2021;17;All;25-49 anos;10221;657;1;10879;368160;140521;48;508729;227678;140521;368199;0,110506756;0,042178726;0,068339736;0,042178726;0,110518463;NA;NA
324;AGES;26/04/21;2021;17;All;50-64 anos;32508;2796;0;35304;405636;89733;22;495391;316182;89733;405915;0,186569563;0,041272093;0,145425795;0,041272093;0,186697888;NA;NA
325;AGES;26/04/21;2021;17;All;65-79 anos;292759;46215;2;338976;1142558;119537;35;1262130;1024031;119537;1143568;0,701791951;0,07342306;0,628989262;0,07342306;0,702412322;NA;NA
326;AGES;26/04/21;2021;17;All;80 ou mais anos;6144;39736;5;45885;634047;558039;74;1192160;76019;558039;634058;0,930246923;0,818731202;0,111531859;0,818731202;0,930263061;NA;NA
327;AGES;26/04/21;2021;17;All;Desconhecido;0;0;0;0;1;0;0;1;1;0;1;NA;NA;NA;NA;NA;NA;NA
328;AGES;03/05/21;2021;18;All;0-17 anos;99;8;0;107;501;246;0;747;255;246;501;0,000294414;0,000144562;0,000149851;0,000144562;0,000294414;NA;NA
329;AGES;03/05/21;2021;18;All;18-24 anos;1759;726;0;2485;32251;12429;5;44685;19832;12429;32261;0,041285243;0,015910647;0,025387397;0,015910647;0,041298045;NA;NA
330;AGES;03/05/21;2021;18;All;25-49 anos;9401;7494;0;16895;377561;148015;48;525624;229602;148015;377617;0,113328557;0,044428122;0,068917243;0,044428122;0,113345366;NA;NA
331;AGES;03/05/21;2021;18;All;50-64 anos;150797;14308;1;165106;556433;104041;23;660497;458303;104041;562344;0,255927634;0,047852962;0,210793398;0,047852962;0,258646359;NA;NA
332;AGES;03/05/21;2021;18;All;65-79 anos;201979;163630;7;365616;1344537;283167;42;1627746;1068896;283167;1352063;0,825853256;0,173929307;0,656546634;0,173929307;0,830475941;NA;NA
333;AGES;03/05/21;2021;18;All;80 ou mais anos;5093;31745;4;36842;639140;589784;78;1229002;49514;589784;639298;0,937719157;0,865306122;0,072644845;0,865306122;0,937950968;NA;NA
334;AGES;03/05/21;2021;18;All;Desconhecido;0;0;0;0;1;0;0;1;1;0;1;NA;NA;NA;NA;NA;NA;NA
335;AGES;10/05/21;2021;19;All;0-17 anos;135;32;0;167;636;278;0;914;358;278;636;0,000373747;0,000163367;0,000210379;0,000163367;0,000373747;NA;NA
336;AGES;10/05/21;2021;19;All;18-24 anos;2124;5301;2;7427;34375;17730;7;52112;16665;17730;34395;0,044004224;0,022696579;0,021333248;0,022696579;0,044029827;NA;NA
337;AGES;10/05/21;2021;19;All;25-49 anos;24405;99333;4;123742;401966;247348;52;649366;154748;247348;402096;0,120653952;0,074243875;0,046449097;0,074243875;0,120692972;NA;NA
338;AGES;10/05/21;2021;19;All;50-64 anos;166046;109011;7;275064;722479;213052;30;935561;525002;213052;738054;0,332299381;0,097991842;0,241471156;0,097991842;0,339462998;NA;NA
339;AGES;10/05/21;2021;19;All;65-79 anos;91304;79986;5;171295;1435841;363153;47;1799041;1088015;363153;1451168;0,881934796;0,223059006;0,668290073;0,223059006;0,89134908;NA;NA
340;AGES;10/05/21;2021;19;All;80 ou mais anos;3769;9966;2;13737;642909;599750;80;1242739;43518;599750;643268;0,943248874;0,879927816;0,063847768;0,879927816;0,943775584;NA;NA
341;AGES;10/05/21;2021;19;All;Desconhecido;0;0;0;0;1;0;0;1;1;0;1;NA;NA;NA;NA;NA;NA;NA
342;AGES;17/05/21;2021;20;All;0-17 anos;277;19;0;296;913;297;0;1210;616;297;913;0,000536526;0,000174533;0,000361994;0,000174533;0,000536526;NA;NA
343;AGES;17/05/21;2021;20;All;18-24 anos;1978;2368;1;4347;36353;20098;8;56459;16277;20098;36375;0,046536307;0,02572791;0,02083656;0,02572791;0,04656447;NA;NA
344;AGES;17/05/21;2021;20;All;25-49 anos;31679;21217;3;52899;433645;268565;55;702265;165302;268565;433867;0,130162708;0,080612362;0,049616981;0,080612362;0,130229343;NA;NA
345;AGES;17/05/21;2021;20;All;50-64 anos;224280;75036;5;299321;946759;288088;35;1234882;692395;288088;980483;0,435455466;0,132504148;0,318462446;0,132504148;0,450966594;NA;NA
346;AGES;17/05/21;2021;20;All;65-79 anos;41149;111419;10;152578;1476990;474572;57;1951619;1022904;474572;1497476;0,907209694;0,291495758;0,628297026;0,291495758;0,919792784;NA;NA
347;AGES;17/05/21;2021;20;All;80 ou mais anos;4740;8351;1;13092;647649;608101;81;1255831;40341;608101;648442;0,950203201;0,89218005;0,059186608;0,89218005;0,951366657;NA;NA
348;AGES;17/05/21;2021;20;All;Desconhecido;0;0;0;0;1;0;0;1;1;0;1;NA;NA;NA;NA;NA;NA;NA
349;AGES;24/05/21;2021;21;All;0-17 anos;248;36;0;284;1161;333;0;1494;828;333;1161;0,000682264;0,000195688;0,000486576;0,000195688;0,000682264;NA;NA
350;AGES;24/05/21;2021;21;All;18-24 anos;2148;3143;5;5296;38501;23241;13;61755;15294;23241;38535;0,049286011;0,029751336;0,0195782;0,029751336;0,049329536;NA;NA
351;AGES;24/05/21;2021;21;All;25-49 anos;25387;17631;26;43044;459032;286196;81;745309;173290;286196;459486;0,137782859;0,085904475;0,052014656;0,085904475;0,137919132;NA;NA
352;AGES;24/05/21;2021;21;All;50-64 anos;174922;97682;34;272638;1121681;385770;69;1507520;813526;385770;1199296;0,515909669;0,17743233;0,374175839;0,17743233;0,551608169;NA;NA
353;AGES;24/05/21;2021;21;All;65-79 anos;23521;202050;21;225592;1500511;676622;78;2177211;848977;676622;1525599;0,921656968;0,415600673;0,521466066;0,415600673;0,937066738;NA;NA
354;AGES;24/05/21;2021;21;All;80 ou mais anos;4440;6323;0;10763;652089;614424;81;1266594;38931;614424;653355;0,956717381;0,901456888;0,057117915;0,901456888;0,958574803;NA;NA
355;AGES;24/05/21;2021;21;All;Desconhecido;0;0;0;0;1;0;0;1;1;0;1;NA;NA;NA;NA;NA;NA;NA
356;AGES;31/05/21;2021;22;All;0-17 anos;250;92;0;342;1411;425;0;1836;986;425;1411;0,000829177;0,000249752;0,000579425;0,000249752;0,000829177;NA;NA
357;AGES;31/05/21;2021;22;All;18-24 anos;2161;2484;2;4647;40662;25725;15;66402;14973;25725;40698;0,052052357;0,032931161;0,01916728;0,032931161;0,052098441;NA;NA
358;AGES;31/05/21;2021;22;All;25-49 anos;41523;22899;11;64433;500555;309095;92;809742;192228;309095;501323;0,150246386;0,09277783;0,057699079;0,09277783;0,150476909;NA;NA
359;AGES;31/05/21;2021;22;All;50-64 anos;163332;167819;14;331165;1285013;553589;83;1838685;858744;553589;1412333;0,591033129;0,254619556;0,394973556;0,254619556;0,649593111;NA;NA
360;AGES;31/05/21;2021;22;All;65-79 anos;18573;137061;24;155658;1519084;813683;102;2332869;736155;813683;1549838;0,933065038;0,499787477;0,452167552;0,499787477;0,951955029;NA;NA
361;AGES;31/05/21;2021;22;All;80 ou mais anos;3046;5981;4;9031;655135;620405;85;1275625;36594;620405;656999;0,961186344;0,910231958;0,053689168;0,910231958;0,963921126;NA;NA
362;AGES;31/05/21;2021;22;All;Desconhecido;0;0;0;0;1;0;0;1;1;0;1;NA;NA;NA;NA;NA;NA;NA
363;AGES;07/06/21;2021;23;All;0-17 anos;375;131;0;506;1786;556;0;2342;1231;556;1787;0,001049547;0,000326735;0,0007234;0,000326735;0,001050134;NA;NA
364;AGES;07/06/21;2021;23;All;18-24 anos;2633;2743;0;5376;43295;28468;15;71778;14878;28468;43346;0,055422921;0,036442538;0,019045668;0,036442538;0,055488207;NA;NA
365;AGES;07/06/21;2021;23;All;25-49 anos;126097;30999;7;157103;626652;340094;99;966845;289338;340094;629432;0,18809561;0,102082477;0,086847577;0,102082477;0,188930054;NA;NA
366;AGES;07/06/21;2021;23;All;50-64 anos;208415;138246;12;346673;1493428;691835;95;2185358;952315;691835;1644150;0,686892214;0,318204878;0,438010911;0,318204878;0,756215789;NA;NA
367;AGES;07/06/21;2021;23;All;65-79 anos;15962;71303;4;87269;1535046;884986;106;2420138;682920;884986;1567906;0,942869357;0,543583828;0,419469085;0,543583828;0,963052913;NA;NA
368;AGES;07/06/21;2021;23;All;80 ou mais anos;2742;4801;1;7544;657877;625206;86;1283169;34916;625206;660122;0,96520929;0,917275782;0,051227277;0,917275782;0,968503059;NA;NA
369;AGES;07/06/21;2021;23;All;Desconhecido;0;0;0;0;1;0;0;1;1;0;1;NA;NA;NA;NA;NA;NA;NA
370;AGES;07/06/21;2021;23;All;NA;1;0;0;1;1;0;0;1;1;0;1;NA;NA;NA;NA;NA;NA;NA
371;AGES;14/06/21;2021;24;All;0-17 anos;542;293;0;835;2328;849;0;3177;1481;849;2330;0,001368054;0,000498917;0,000870313;0,000498917;0,001369229;NA;NA
372;AGES;14/06/21;2021;24;All;18-24 anos;2637;4349;3;6989;45932;32817;18;78767;13400;32817;46217;0,058798605;0,042009793;0,017153647;0,042009793;0,05916344;NA;NA
373;AGES;14/06/21;2021;24;All;25-49 anos;237521;83702;12;321235;864173;423796;111;1288080;459833;423796;883629;0,259389818;0,127206436;0,138023287;0,127206436;0,265229723;NA;NA
374;AGES;14/06/21;2021;24;All;50-64 anos;85511;229591;17;315119;1578939;921426;112;2500477;824461;921426;1745887;0,726222426;0,423803722;0,379205319;0,423803722;0,803009041;NA;NA
375;AGES;14/06/21;2021;24;All;65-79 anos;10788;62200;4;72992;1545834;947186;110;2493130;632833;947186;1580019;0,949495657;0,581788855;0,388704211;0,581788855;0,970493066;NA;NA
376;AGES;14/06/21;2021;24;All;80 ou mais anos;2606;4712;0;7318;660483;629918;86;1290487;33082;629918;663000;0,969032703;0,924189029;0,04853651;0,924189029;0,972725539;NA;NA
377;AGES;14/06/21;2021;24;All;Desconhecido;0;0;0;0;1;0;0;1;1;0;1;NA;NA;NA;NA;NA;NA;NA
378;AGES;14/06/21;2021;24;All;NA;0;0;0;0;1;0;0;1;1;0;1;NA;NA;NA;NA;NA;NA;NA
379;AGES;21/06/21;2021;25;All;0-17 anos;369;249;1;619;2697;1098;1;3796;1605;1098;2703;0,001584898;0,000645242;0,000943182;0,000645242;0,001588424;NA;NA
380;AGES;21/06/21;2021;25;All;18-24 anos;2301;2583;1;4885;48233;35400;19;83652;13369;35400;48769;0,061744167;0,04531635;0,017113963;0,04531635;0,062430313;NA;NA
381;AGES;21/06/21;2021;25;All;25-49 anos;268503;53657;16;322176;1132676;477453;127;1610256;698487;477453;1175940;0,339983569;0,143312099;0,209657575;0,143312099;0,352969674;NA;NA
382;AGES;21/06/21;2021;25;All;50-64 anos;85916;182809;16;268741;1664855;1104235;128;2769218;743493;1104235;1847728;0,765738915;0,507885498;0,341964629;0,507885498;0,849850127;NA;NA
383;AGES;21/06/21;2021;25;All;65-79 anos;10240;96721;8;106969;1556074;1043907;118;2600099;548250;1043907;1592157;0,955785359;0,641197672;0,336750902;0,641197672;0,977948574;NA;NA
384;AGES;21/06/21;2021;25;All;80 ou mais anos;3372;4729;3;8104;663855;634647;89;1298591;32170;634647;666817;0,973979959;0,931127217;0,047198462;0,931127217;0,97832568;NA;NA
385;AGES;21/06/21;2021;25;All;Desconhecido;0;0;0;0;1;0;0;1;1;0;1;NA;NA;NA;NA;NA;NA;NA
386;AGES;21/06/21;2021;25;All;NA;0;0;0;0;1;0;0;1;1;0;1;NA;NA;NA;NA;NA;NA;NA
387;AGES;28/06/21;2021;26;All;0-17 anos;167;261;0;428;2864;1359;1;4224;1511;1359;2870;0,001683036;0,000798619;0,000887942;0,000798619;0,001686562;NA;NA
388;AGES;28/06/21;2021;26;All;18-24 anos;1439;2515;0;3954;49672;37915;19;87606;12359;37915;50274;0,063586264;0,048535859;0,015821039;0,048535859;0,064356898;NA;NA
389;AGES;28/06/21;2021;26;All;25-49 anos;311656;57387;15;369058;1444332;534840;142;1979314;966853;534840;1501693;0,433530108;0,160537358;0,290210205;0,160537358;0,450747562;NA;NA
390;AGES;28/06/21;2021;26;All;50-64 anos;58796;177305;14;236115;1723651;1281540;142;3005333;631704;1281540;1913244;0,792781742;0,589435746;0,290548027;0,589435746;0,879983773;NA;NA
391;AGES;28/06/21;2021;26;All;65-79 anos;8936;181224;13;190173;1565010;1225131;131;2790272;377320;1225131;1602451;0,961274107;0,75251066;0,231760785;0,75251066;0,984271445;NA;NA
392;AGES;28/06/21;2021;26;All;80 ou mais anos;3128;5248;1;8377;666983;639895;90;1306968;30448;639895;670343;0,978569228;0,938826861;0,044672017;0,938826861;0,983498878;NA;NA
393;AGES;28/06/21;2021;26;All;Desconhecido;1;0;0;1;2;0;0;2;2;0;2;NA;NA;NA;NA;NA;NA;NA
394;AGES;28/06/21;2021;26;All;NA;0;0;0;0;1;0;0;1;1;0;1;NA;NA;NA;NA;NA;NA;NA
395;GENERAL;04/01/21;2021;1;All;All;48137;13;0;48150;83530;18;0;83548;83513;18;83531;0,008111085;1,75E-06;0,008109434;1,75E-06;0,008111182;NA;NA
396;GENERAL;11/01/21;2021;2;All;All;49350;1159;0;50509;132880;1177;0;134057;131704;1177;132881;0,012903161;0,000114291;0,012788967;0,000114291;0,012903258;NA;NA
397;GENERAL;18/01/21;2021;3;All;All;121448;32516;11;153975;254328;33693;11;288032;220636;33693;254329;0,02469623;0,00327172;0,021424607;0,00327172;0,024696327;NA;NA
398;GENERAL;25/01/21;2021;4;All;All;42070;44716;51;86837;296398;78409;62;374869;217990;78409;296399;0,028781389;0,007613816;0,02116767;0,007613816;0,028781486;NA;NA
399;GENERAL;01/02/21;2021;5;All;All;23577;37374;1;60952;319975;115783;63;435821;204195;115783;319978;0,031070807;0,011242976;0,019828122;0,011242976;0,031071098;NA;NA
400;GENERAL;08/02/21;2021;6;All;All;40574;98912;12;139498;360549;214695;75;575319;145857;214695;360552;0,035010699;0,020847713;0,014163277;0,020847713;0,03501099;NA;NA
401;GENERAL;15/02/21;2021;7;All;All;103176;49930;10;153116;463725;264625;85;728435;199103;264625;463728;0,045029487;0,025696108;0,019333669;0,025696108;0,045029778;651900;571981
402;GENERAL;22/02/21;2021;8;All;All;176396;20473;14;196883;640121;285098;99;925318;355026;285098;640124;0,062158219;0,027684116;0,034474394;0,027684116;0,06215851;830730;718143
403;GENERAL;01/03/21;2021;9;All;All;138369;33360;10;171739;778490;318458;109;1097057;460043;318458;778501;0,075594382;0,0309235;0,04467195;0,0309235;0,075595451;1002999;933847
404;GENERAL;08/03/21;2021;10;All;All;94479;51645;10;146134;872969;370103;119;1243191;502883;370103;872986;0,084768658;0,035938429;0,048831879;0,035938429;0,084770309;1186389;1095103
405;GENERAL;15/03/21;2021;11;All;All;80883;109774;21;190678;953852;479877;140;1433869;473998;479877;953875;0,092622709;0,046597908;0,046027034;0,046597908;0,092624943;1468929;1264093
406;GENERAL;22/03/21;2021;12;All;All;255973;21188;3;277164;1209825;501065;143;1711033;708788;501065;1209853;0,117478675;0,048655345;0,068826049;0,048655345;0,117481394;1713540;1462079
407;GENERAL;29/03/21;2021;13;All;All;137020;84105;8;221133;1346845;585170;151;1932166;761714;585170;1346884;0,130783846;0,056822265;0,073965368;0,056822265;0,130787633;1883850;1753999
408;GENERAL;05/04/21;2021;14;All;All;255904;52739;7;308650;1602749;637909;158;2240816;964907;637909;1602816;0,155633111;0,061943425;0,093696192;0,061943425;0,155639617;2344530;1996561
409;GENERAL;12/04/21;2021;15;All;All;424478;53908;5;478391;2027227;691817;163;2719207;1335478;691817;2027295;0,196851563;0,0671781;0,129680066;0,0671781;0,196858166;2684460;2360167
410;GENERAL;19/04/21;2021;16;All;All;209822;138444;13;348279;2237049;830261;176;3067486;1406858;830261;2237119;0,217226088;0,080621546;0,136611339;0,080621546;0,217232886;2983590;2679813
411;GENERAL;26/04/21;2021;17;All;All;344247;89510;8;433765;2581296;919771;184;3501251;1662871;919771;2582642;0,2506538;0,089313313;0,161471189;0,089313313;0,250784502;3400260;3039329
412;GENERAL;03/05/21;2021;18;All;All;369128;217911;12;587051;2950424;1137682;196;4088302;1826403;1137682;2964085;0,286497553;0,110473311;0,177350778;0,110473311;0,287824089;4128420;3581288
413;GENERAL;10/05/21;2021;19;All;All;287783;303629;20;591432;3238207;1441311;216;4679734;1828307;1441311;3269618;0,314442393;0,139956859;0,177535663;0,139956859;0,317492522;4655370;4171038
414;GENERAL;17/05/21;2021;20;All;All;304103;218410;20;522533;3542310;1659721;236;5202267;1937836;1659721;3597557;0,343971967;0,161165312;0,188171352;0,161165312;0,349336664;5197920;4686071
415;GENERAL;24/05/21;2021;21;All;All;230666;326865;86;557617;3772976;1986586;322;5759884;1890847;1986586;3877433;0,366370526;0,192905165;0,183608539;0,192905165;0,376513703;5728470;5126418
416;GENERAL;31/05/21;2021;22;All;All;228885;336336;55;565276;4001861;2322922;377;6325160;1839681;2322922;4162603;0,388596142;0,225564688;0,178640123;0,225564688;0,404204811;6254220;5644760
417;GENERAL;07/06/21;2021;23;All;All;356225;248223;24;604472;4358086;2571145;401;6929632;1975600;2571145;4546745;0,423186964;0,249668099;0,191838382;0,249668099;0,441506481;7263540;6299315
418;GENERAL;14/06/21;2021;24;All;All;339605;384847;36;724488;4697691;2955992;437;7654120;1965092;2955992;4921084;0,45616392;0,287038227;0,190818015;0,287038227;0,477856242;7880400;6896272
419;GENERAL;21/06/21;2021;25;All;All;370701;340748;45;711494;5068392;3296740;482;8365614;2037376;3296740;5334116;0,492160417;0,320126173;0,19783707;0,320126173;0,517963243;8604606;7566600
420;GENERAL;28/06/21;2021;26;All;All;384123;423940;43;808106;5452515;3720680;525;9173720;2020198;3720680;5740878;0,529460242;0,361292382;0,19616902;0,361292382;0,557461402;9519240;8357319