"";"TYPE";"DATE";"YEAR";"WEEK";"REGION";"AGEGROUP";"TOTAL_VAC_1";"TOTAL_VAC_2";"TOTAL_VAC_UNK";"TOTAL";"CUMUL_VAC_1";"CUMUL_VAC_2";"CUMUL_VAC_UNK";"CUMUL";"COVER_1_VAC";"COVER"
"1";"REGIONAL";2021-02-08;2021;6;"Outro";"All";69;119;0;188;691;442;1;1134;NA;NA
"2";"REGIONAL";2021-02-15;2021;7;"Outro";"All";146;106;1;253;837;548;2;1387;NA;NA
"3";"REGIONAL";2021-02-22;2021;8;"Outro";"All";73;19;0;92;910;567;2;1479;NA;NA
"4";"REGIONAL";2021-03-01;2021;9;"Outro";"All";55;41;0;96;965;608;2;1575;NA;NA
"5";"REGIONAL";2021-03-08;2021;10;"Outro";"All";277;13;0;290;1242;621;2;1865;NA;NA
"6";"REGIONAL";2021-03-15;2021;11;"Outro";"All";19;27;0;46;1261;648;2;1911;NA;NA
"7";"REGIONAL";2021-03-22;2021;12;"Outro";"All";312;4;0;316;1573;652;2;2227;NA;NA
"8";"REGIONAL";2021-03-29;2021;13;"Outro";"All";317;11;0;328;1890;663;2;2555;NA;NA
"9";"REGIONAL";2021-04-05;2021;14;"Outro";"All";55;16;0;71;1945;679;2;2626;NA;NA
"10";"REGIONAL";2021-04-12;2021;15;"Outro";"All";245;8;0;253;2190;687;2;2879;NA;NA
"11";"REGIONAL";2021-04-19;2021;16;"Outro";"All";88;24;0;112;2278;711;2;2991;NA;NA
"13";"REGIONAL";2021-02-08;2021;6;"ARS Alentejo";"All";3334;8775;1;12110;27550;17360;1;44911;0,0590327626475819;0,0371981400929954
"14";"REGIONAL";2021-02-15;2021;7;"ARS Alentejo";"All";4039;2807;0;6846;31589;20167;1;51757;0,0676873299192183;0,0432128393580321
"15";"REGIONAL";2021-02-22;2021;8;"ARS Alentejo";"All";12006;1647;0;13653;43595;21814;1;65410;0,093413186483533;0,0467419486168549
"16";"REGIONAL";2021-03-01;2021;9;"ARS Alentejo";"All";10410;2827;0;13237;54005;24641;1;78647;0,115719214039298;0,0527995028819988
"17";"REGIONAL";2021-03-08;2021;10;"ARS Alentejo";"All";5789;1671;0;7460;59794;26312;1;86107;0,128123593820309;0,0563800381409501
"18";"REGIONAL";2021-03-15;2021;11;"ARS Alentejo";"All";3678;7720;0;11398;63472;34032;1;97505;0,136004628340012;0,0729220681823052
"19";"REGIONAL";2021-03-22;2021;12;"ARS Alentejo";"All";11855;2096;0;13951;75327;36128;1;111456;0,161406929653517;0,0774132721935332
"20";"REGIONAL";2021-03-29;2021;13;"ARS Alentejo";"All";6115;6262;0;12377;81442;42390;1;123833;0,174509845936275;0,0908311727270779
"21";"REGIONAL";2021-04-05;2021;14;"ARS Alentejo";"All";13978;4284;0;18262;95420;46674;1;142095;0,204461205511153;0,100010713750027
"22";"REGIONAL";2021-04-12;2021;15;"ARS Alentejo";"All";21777;2950;0;24727;117197;49624;1;166822;0,25112387237781;0,10633182626583
"23";"REGIONAL";2021-04-19;2021;16;"ARS Alentejo";"All";11256;5938;2;17196;128453;55562;3;184018;0,275242666438107;0,119055475797639
"25";"REGIONAL";2021-02-08;2021;6;"ARS Algarve";"All";2364;2896;1;5261;12722;6304;1;19027;0,0290187634293326;0,0143793652459136
"26";"REGIONAL";2021-02-15;2021;7;"ARS Algarve";"All";3169;2111;0;5280;15891;8415;1;24307;0,0362472228938473;0,0191945365711236
"27";"REGIONAL";2021-02-22;2021;8;"ARS Algarve";"All";8439;1065;0;9504;24330;9480;1;33811;0,0554965032412878;0,0216237916451873
"28";"REGIONAL";2021-03-01;2021;9;"ARS Algarve";"All";4599;549;0;5148;28929;10029;1;38959;0,0659867793780195;0,0228760555284371
"29";"REGIONAL";2021-03-08;2021;10;"ARS Algarve";"All";5051;1535;0;6586;33980;11564;1;45545;0,0775080633020533;0,0263773762220408
"30";"REGIONAL";2021-03-15;2021;11;"ARS Algarve";"All";2640;2992;0;5632;36620;14556;1;51177;0,0835298786969156;0,033202100336218
"31";"REGIONAL";2021-03-22;2021;12;"ARS Algarve";"All";9348;4280;0;13628;45968;18836;1;64805;0,10485257957236;0,0429647404460705
"32";"REGIONAL";2021-03-29;2021;13;"ARS Algarve";"All";4183;2904;0;7087;50151;21740;1;71892;0,114393963586265;0,0495887373804191
"33";"REGIONAL";2021-04-05;2021;14;"ARS Algarve";"All";8564;1761;0;10325;58715;23501;1;82217;0,133928367768689;0,0536055619676738
"34";"REGIONAL";2021-04-12;2021;15;"ARS Algarve";"All";13539;2138;0;15677;72254;25639;1;97894;0,164810700583477;0,0584823200412403
"35";"REGIONAL";2021-04-19;2021;16;"ARS Algarve";"All";7131;5478;0;12609;79385;31117;1;110503;0,181076445121645;0,0709775869855796
"37";"REGIONAL";2021-02-08;2021;6;"ARS Centro";"All";7469;27095;4;34568;79862;51012;8;130882;0,049115893015398;0,0313728673774947
"38";"REGIONAL";2021-02-15;2021;7;"ARS Centro";"All";25387;9921;3;35311;105249;60933;11;166193;0,0647291405671987;0,0374743771644492
"39";"REGIONAL";2021-02-22;2021;8;"ARS Centro";"All";38218;3074;1;41293;143467;64007;12;207486;0,0882335757085986;0,0393649165339784
"40";"REGIONAL";2021-03-01;2021;9;"ARS Centro";"All";28311;5879;1;34191;171778;69886;13;241677;0,105645111196802;0,0429805577029639
"41";"REGIONAL";2021-03-08;2021;10;"ARS Centro";"All";17439;13459;0;30898;189217;83345;13;272575;0,116370262812033;0,051257971292584
"42";"REGIONAL";2021-03-15;2021;11;"ARS Centro";"All";16452;24080;2;40534;205669;107425;15;313109;0,126488399997294;0,0660674013570801
"43";"REGIONAL";2021-03-22;2021;12;"ARS Centro";"All";47528;4242;0;51770;253197;111667;15;364879;0,155718574088048;0,0686762718858838
"44";"REGIONAL";2021-03-29;2021;13;"ARS Centro";"All";24154;16614;3;40771;277351;128281;18;405650;0,170573514859553;0,078894040618921
"45";"REGIONAL";2021-04-05;2021;14;"ARS Centro";"All";49559;10081;0;59640;326910;138362;18;465290;0,201052773354834;0,0850939519345433
"46";"REGIONAL";2021-04-12;2021;15;"ARS Centro";"All";77271;11886;1;89158;404181;150248;19;554448;0,248575176615369;0,0924039554954486
"47";"REGIONAL";2021-04-19;2021;16;"ARS Centro";"All";29792;24048;6;53846;433973;174296;25;608294;0,266897541253303;0,107193705254211
"49";"REGIONAL";2021-02-08;2021;6;"ARS Lisboa e Vale do Tejo";"All";14257;30283;1;44541;114721;60727;2;175450;0,0310692080075094;0,016446333231684
"50";"REGIONAL";2021-02-15;2021;7;"ARS Lisboa e Vale do Tejo";"All";32676;18986;2;51664;147397;79713;4;227114;0,0399186552826672;0,0215881990036924
"51";"REGIONAL";2021-02-22;2021;8;"ARS Lisboa e Vale do Tejo";"All";48900;6655;0;55555;196297;86368;4;282669;0,0531619522515501;0,0233905331821774
"52";"REGIONAL";2021-03-01;2021;9;"ARS Lisboa e Vale do Tejo";"All";44656;12690;1;57347;240953;99058;5;340016;0,0652558718720497;0,0268272906164335
"53";"REGIONAL";2021-03-08;2021;10;"ARS Lisboa e Vale do Tejo";"All";32819;16445;2;49266;273772;115503;7;389282;0,0741440469890592;0,031280992429384
"54";"REGIONAL";2021-03-15;2021;11;"ARS Lisboa e Vale do Tejo";"All";25447;28822;1;54270;299219;144325;8;443552;0,0810357070701873;0,039086683743027
"55";"REGIONAL";2021-03-22;2021;12;"ARS Lisboa e Vale do Tejo";"All";88215;7407;1;95623;387434;151732;9;539175;0,104926452307611;0,0410926776213197
"56";"REGIONAL";2021-03-29;2021;13;"ARS Lisboa e Vale do Tejo";"All";45036;23633;5;68674;432470;175365;14;607849;0,11712328507429;0,0474930628414753
"57";"REGIONAL";2021-04-05;2021;14;"ARS Lisboa e Vale do Tejo";"All";86435;19329;1;105765;518905;194694;15;713614;0,140531963469083;0,0527278212691141
"58";"REGIONAL";2021-04-12;2021;15;"ARS Lisboa e Vale do Tejo";"All";162252;14005;0;176257;681157;208699;15;889871;0,18447371029516;0,0565207123539649
"59";"REGIONAL";2021-04-19;2021;16;"ARS Lisboa e Vale do Tejo";"All";78060;53273;3;131336;759217;261972;18;1021207;0,205614237112972;0,0709483229761182
"61";"REGIONAL";2021-02-08;2021;6;"ARS Norte";"All";8641;28583;6;37230;105212;68828;7;174047;0,029427147866859;0,0192507673400389
"62";"REGIONAL";2021-02-15;2021;7;"ARS Norte";"All";32763;15008;3;47774;137975;83836;10;221821;0,0385907570137425;0,0234484124298178
"63";"REGIONAL";2021-02-22;2021;8;"ARS Norte";"All";64457;4217;1;68675;202432;88053;11;290496;0,0566189825968901;0,0246278813359744
"64";"REGIONAL";2021-03-01;2021;9;"ARS Norte";"All";47626;6903;0;54529;250058;94956;11;345025;0,0699396812273413;0,0265586078854643
"65";"REGIONAL";2021-03-08;2021;10;"ARS Norte";"All";25096;13836;0;38932;275154;108792;11;383957;0,0769588777340772;0,0304284517995222
"66";"REGIONAL";2021-03-15;2021;11;"ARS Norte";"All";26499;42143;5;68647;301653;150935;16;452604;0,0843704846926361;0,0422155891275175
"67";"REGIONAL";2021-03-22;2021;12;"ARS Norte";"All";88318;2145;0;90463;389971;153080;16;543067;0,109072484895134;0,0428155324056075
"68";"REGIONAL";2021-03-29;2021;13;"ARS Norte";"All";53674;32443;1;86118;443645;185523;17;629185;0,124084771845347;0,0518896395249904
"69";"REGIONAL";2021-04-05;2021;14;"ARS Norte";"All";81590;13406;2;94998;525235;198929;19;724183;0,146904991919645;0,0556392150895943
"70";"REGIONAL";2021-04-12;2021;15;"ARS Norte";"All";134772;18948;1;153721;660007;217877;20;877904;0,184599889576874;0,0609388538929746
"71";"REGIONAL";2021-04-19;2021;16;"ARS Norte";"All";64211;46141;1;110353;724218;264018;21;988257;0,20255931047638;0,0738442071770557
"73";"REGIONAL";2021-02-08;2021;6;"RA_Madeira";"All";3158;1086;0;4244;10992;4775;0;15767;0,0432323581929881;0,0187804321662589
"74";"REGIONAL";2021-02-15;2021;7;"RA_Madeira";"All";2494;638;0;3132;13486;5413;0;18899;0,0530414467422341;0,0212897338881591
"75";"REGIONAL";2021-02-22;2021;8;"RA_Madeira";"All";2255;2155;0;4410;15741;7568;0;23309;0,0619105304144674;0,0297655100804707
"76";"REGIONAL";2021-03-01;2021;9;"RA_Madeira";"All";1431;3116;0;4547;17172;10684;0;27856;0,0675387604521463;0,0420209711548294
"77";"REGIONAL";2021-03-08;2021;10;"RA_Madeira";"All";4883;2399;0;7282;22055;13083;0;35138;0,0867439646967206;0,0514564175981499
"78";"REGIONAL";2021-03-15;2021;11;"RA_Madeira";"All";3102;2347;0;5449;25157;15430;0;40587;0,0989443627238903;0,0606873441519111
"79";"REGIONAL";2021-03-22;2021;12;"RA_Madeira";"All";5274;181;0;5455;30431;15611;0;46042;0,119687399214958;0,0613992306905693
"80";"REGIONAL";2021-03-29;2021;13;"RA_Madeira";"All";1205;1260;0;2465;31636;16871;0;48507;0,124426754348014;0,0663549049375821
"81";"REGIONAL";2021-04-05;2021;14;"RA_Madeira";"All";10213;1299;0;11512;41849;18170;0;60019;0,164595247272413;0,0714639691017644
"82";"REGIONAL";2021-04-12;2021;15;"RA_Madeira";"All";8426;1298;0;9724;50275;19468;0;69743;0,197735335530611;0,0765691001911474
"83";"REGIONAL";2021-04-19;2021;16;"RA_Madeira";"All";9805;2128;0;11933;60080;21596;0;81676;0,236299133936929;0,0849386833638802
"85";"REGIONAL";2021-03-15;2021;11;"RA_Acores";"All";2029;1238;0;3267;13845;8376;0;22221;0,0570231799535412;0,0344980971679929
"86";"REGIONAL";2021-03-22;2021;12;"RA_Acores";"All";3182;611;0;3793;17367;9316;0;26683;0,0715291849948105;0,0383696601261965
"87";"REGIONAL";2021-03-29;2021;13;"RA_Acores";"All";1849;729;1;2579;19711;10298;2;30011;0,0811833802863309;0,0424142078123198
"88";"REGIONAL";2021-04-05;2021;14;"RA_Acores";"All";2708;2030;0;4738;22806;12437;0;35243;0,0939307072604161;0,051224072884232
"89";"REGIONAL";2021-04-12;2021;15;"RA_Acores";"All";3397;2282;0;5679;30559;17914;22;48495;0,1258628642976;0,0737821051417651
"90";"REGIONAL";2021-04-19;2021;16;"RA_Acores";"All";7483;1048;0;8531;38999;19023;22;58044;0,16062455724147;0,0783497256956457
"92";"AGES";2021-02-08;2021;6;"All";"0-17 anos";30;67;0;97;163;71;0;234;9,49302582918377e-05;4,13499898081011e-05
"93";"AGES";2021-02-08;2021;6;"All";"18-24 anos";1384;3037;0;4421;11773;6565;0;18338;0,0151772396838473;0,0084633125392387
"94";"AGES";2021-02-08;2021;6;"All";"25-49 anos";13131;30684;6;43821;140026;88671;11;228708;0,0416663071135282;0,026385050762456
"95";"AGES";2021-02-08;2021;6;"All";"50-64 anos";6578;22157;1;28736;82282;51055;3;133340;0,0380568535591405;0,0236138239039148
"96";"AGES";2021-02-08;2021;6;"All";"65-79 anos";3529;11425;3;14957;34572;18095;3;52670;0,0215460802051153;0,0112772278523534
"97";"AGES";2021-02-08;2021;6;"All";"80 ou mais anos";14640;31467;3;46110;82933;44991;3;127927;0,122706820761012;0,0665682246254048
"98";"AGES";2021-02-08;2021;6;"All";"Desconhecido";0;0;0;0;0;0;0;0;NA;NA
"99";"AGES";2021-02-15;2021;7;"All";"0-17 anos";20;16;0;36;183;87;0;270;0,000106578142744824;5,06682973704901e-05
"100";"AGES";2021-02-15;2021;7;"All";"18-24 anos";2188;1700;0;3888;13961;8265;0;22226;0,0179979141447542;0,0106548786194681
"101";"AGES";2021-02-15;2021;7;"All";"25-49 anos";21197;18726;4;39927;161223;107397;15;268635;0,0479737122517558;0,0319571821309728
"102";"AGES";2021-02-15;2021;7;"All";"50-64 anos";24450;12786;1;37237;106732;63841;4;170577;0,0493654030538171;0,0295275708911923
"103";"AGES";2021-02-15;2021;7;"All";"65-79 anos";4705;7150;2;11857;39277;25245;5;64527;0,0244783464137543;0,0157332753320067
"104";"AGES";2021-02-15;2021;7;"All";"80 ou mais anos";48114;9199;2;57315;131047;54190;5;185242;0,193895804327208;0,0801789711820295
"105";"AGES";2021-02-15;2021;7;"All";"Desconhecido";0;0;0;0;0;0;0;0;NA;NA
"106";"AGES";2021-02-22;2021;8;"All";"0-17 anos";21;31;0;52;204;118;0;322;0,00011880842142046;6,87225182726187e-05
"107";"AGES";2021-02-22;2021;8;"All";"18-24 anos";1237;623;0;1860;15198;8888;0;24086;0,0195926007572505;0,0114580231300462
"108";"AGES";2021-02-22;2021;8;"All";"25-49 anos";10988;6439;1;17428;172211;113836;16;286063;0,0512433149152858;0,0338731788137603
"109";"AGES";2021-02-22;2021;8;"All";"50-64 anos";49203;4560;1;53764;155935;68401;5;224341;0,0721226448037793;0,0316366500607517
"110";"AGES";2021-02-22;2021;8;"All";"65-79 anos";11155;2225;0;13380;50432;27470;5;77907;0,0314304037054372;0,0171199474498009
"111";"AGES";2021-02-22;2021;8;"All";"80 ou mais anos";101744;4954;0;106698;232791;59144;5;291940;0,34443518878826;0,0875088590439187
"112";"AGES";2021-02-22;2021;8;"All";"Desconhecido";0;0;0;0;0;0;0;0;NA;NA
"113";"AGES";2021-03-01;2021;9;"All";"0-17 anos";8;26;0;34;212;144;0;356;0,000123467575201654;8,38647680615008e-05
"114";"AGES";2021-03-01;2021;9;"All";"18-24 anos";872;950;0;1822;16070;9838;0;25908;0,0207167452407564;0,0126827218219391
"115";"AGES";2021-03-01;2021;9;"All";"25-49 anos";7076;9213;0;16289;179287;123049;16;302352;0,0533488580939478;0,0366146103153167
"116";"AGES";2021-03-01;2021;9;"All";"50-64 anos";29630;5666;1;35297;185565;74067;6;259638;0,0858270342322975;0,0342572734324015
"117";"AGES";2021-03-01;2021;9;"All";"65-79 anos";12777;3608;0;16385;63209;31078;5;94292;0,0393933293904065;0,0193685375626106
"118";"AGES";2021-03-01;2021;9;"All";"80 ou mais anos";86725;12542;1;99268;319516;71686;6;391208;0,472752614065277;0,10606587429701
"119";"AGES";2021-03-01;2021;9;"All";"Desconhecido";0;0;0;0;0;0;0;0;NA;NA
"120";"AGES";2021-03-08;2021;10;"All";"0-17 anos";12;11;0;23;224;155;0;379;0,000130456305873446;9,02711045106433e-05
"121";"AGES";2021-03-08;2021;10;"All";"18-24 anos";1268;517;0;1785;17338;10355;0;27693;0,022351395705304;0,0133492157416324
"122";"AGES";2021-03-08;2021;10;"All";"25-49 anos";14720;5112;0;19832;194007;128161;16;322184;0,0577289592231034;0,0381357432618006
"123";"AGES";2021-03-08;2021;10;"All";"50-64 anos";20961;3760;0;24721;206526;77827;6;284359;0,0955218606518442;0,0359963387125644
"124";"AGES";2021-03-08;2021;10;"All";"65-79 anos";15089;3208;0;18297;78298;34286;5;112589;0,0487971476310343;0,0213678383059292
"125";"AGES";2021-03-08;2021;10;"All";"80 ou mais anos";39304;36750;2;76056;358820;108436;8;467264;0,530906411506474;0,160440799392776
"126";"AGES";2021-03-08;2021;10;"All";"Desconhecido";0;0;0;0;0;0;0;0;NA;NA
"127";"AGES";2021-03-15;2021;11;"All";"0-17 anos";1;23;0;24;242;182;0;424;0,000140939401881133;0,000105995748522175
"128";"AGES";2021-03-15;2021;11;"All";"18-24 anos";223;363;1;587;17957;11033;1;28991;0,023149383589811;0,0142232638606886
"129";"AGES";2021-03-15;2021;11;"All";"25-49 anos";4010;2924;0;6934;201911;133855;16;335782;0,0600808830902804;0,0398300568371683
"130";"AGES";2021-03-15;2021;11;"All";"50-64 anos";3907;2222;1;6130;212578;81550;7;294135;0,0983210157251278;0,0377182908503428
"131";"AGES";2021-03-15;2021;11;"All";"65-79 anos";17491;6671;2;24164;97628;41939;7;139574;0,0608440564116914;0,0261373671677175
"132";"AGES";2021-03-15;2021;11;"All";"80 ou mais anos";54232;97166;4;151402;416577;207168;12;623757;0,616363079499839;0,306523659380673
"133";"AGES";2021-03-15;2021;11;"All";"Desconhecido";2;0;0;2;3;0;0;3;NA;NA
"134";"AGES";2021-03-22;2021;12;"All";"0-17 anos";25;7;0;32;267;189;0;456;0,000155499257447366;0,00011007250808072
"135";"AGES";2021-03-22;2021;12;"All";"18-24 anos";3081;110;0;3191;21042;11151;1;32194;0,0271264314471684;0,0143753843297869
"136";"AGES";2021-03-22;2021;12;"All";"25-49 anos";41100;1164;0;42264;243039;135131;16;378186;0,0723189808647308;0,0402097449513532
"137";"AGES";2021-03-22;2021;12;"All";"50-64 anos";33209;837;0;34046;245840;82419;7;328266;0,113705268211505;0,0381202184376996
"138";"AGES";2021-03-22;2021;12;"All";"65-79 anos";52173;2024;0;54197;149919;43974;7;193900;0,0934330324618385;0,0274056268350035
"139";"AGES";2021-03-22;2021;12;"All";"80 ou mais anos";124444;16824;1;141269;541158;224158;13;765329;0,80069185618979;0,3316618900576
"140";"AGES";2021-03-22;2021;12;"All";"Desconhecido";0;0;0;0;0;0;0;0;NA;NA
"141";"AGES";2021-03-29;2021;13;"All";"0-17 anos";6;12;0;18;273;213;0;486;0,000158993622783262;0,000124049969424303
"142";"AGES";2021-03-29;2021;13;"All";"18-24 anos";615;64;1;680;21658;11232;2;32892;0,0279205518621221;0,0144798060077272
"143";"AGES";2021-03-29;2021;13;"All";"25-49 anos";4157;724;2;4883;247228;135957;18;383203;0,0735654648069884;0,0404555305174322
"144";"AGES";2021-03-29;2021;13;"All";"50-64 anos";7326;620;1;7947;253438;83065;9;336512;0,117219475126048;0,0384190046533872
"145";"AGES";2021-03-29;2021;13;"All";"65-79 anos";87720;7186;2;94908;237797;51229;9;289035;0,148200660492184;0,0319271127741482
"146";"AGES";2021-03-29;2021;13;"All";"80 ou mais anos";36709;75250;4;111963;577899;299435;17;877351;0,85505346497737;0,443040971321111
"147";"AGES";2021-03-29;2021;13;"All";"Desconhecido";0;0;0;0;0;0;0;0;NA;NA
"148";"AGES";2021-04-05;2021;14;"All";"0-17 anos";14;1;0;15;287;214;0;501;0,000167147141900352;0,000124632363646953
"149";"AGES";2021-04-05;2021;14;"All";"18-24 anos";695;103;0;798;22354;11344;2;33700;0,0288178047984984;0,0146241915377188
"150";"AGES";2021-04-05;2021;14;"All";"25-49 anos";8347;819;0;9166;255612;136830;18;392460;0,0760602180588118;0,0407153014607578
"151";"AGES";2021-04-05;2021;14;"All";"50-64 anos";14376;723;0;15099;267973;83806;8;351787;0,123942164979018;0,0387617300184406
"152";"AGES";2021-04-05;2021;14;"All";"65-79 anos";199531;4931;0;204462;437496;56183;9;493688;0,27265775498719;0,0350145616152954
"153";"AGES";2021-04-05;2021;14;"All";"80 ou mais anos";30138;45629;3;75770;608059;345069;19;953147;0,899677893300861;0,510560572186967
"154";"AGES";2021-04-05;2021;14;"All";"Desconhecido";1;0;0;1;4;0;0;4;NA;NA
"155";"AGES";2021-04-12;2021;15;"All";"0-17 anos";37;2;0;39;324;216;0;540;0,000188695728138377;0,000125797152092251
"156";"AGES";2021-04-12;2021;15;"All";"18-24 anos";4193;54;0;4247;26718;11539;2;38259;0,034443683842099;0,0148755770586863
"157";"AGES";2021-04-12;2021;15;"All";"25-49 anos";88207;455;0;88662;346311;139180;32;485523;0,103048722971399;0,041414570323089
"158";"AGES";2021-04-12;2021;15;"All";"50-64 anos";86776;375;0;87151;355870;84943;14;440827;0,164596053524359;0,0392876122587452
"159";"AGES";2021-04-12;2021;15;"All";"65-79 anos";232062;3304;1;235367;670099;59772;12;729883;0,417621393016532;0,0372513104830542
"160";"AGES";2021-04-12;2021;15;"All";"80 ou mais anos";10404;49325;1;59730;618494;394506;20;1013020;0,915117412848462;0,583707053056611
"161";"AGES";2021-04-12;2021;15;"All";"Desconhecido";0;0;0;0;0;0;0;0;NA;NA
"162";"AGES";2021-04-19;2021;16;"All";"0-17 anos";20;3;0;23;344;219;0;563;0,000200343612591363;0,000127544334760199
"163";"AGES";2021-04-19;2021;16;"All";"18-24 anos";1242;52;0;1294;27972;11593;2;39567;0,0360602861153976;0,0149451915106465
"164";"AGES";2021-04-19;2021;16;"All";"25-49 anos";10185;494;0;10679;356559;139692;32;496283;0,106098130333599;0,0415669216667118
"165";"AGES";2021-04-19;2021;16;"All";"50-64 anos";13632;1542;0;15174;369906;86493;14;456413;0,171087947213819;0,0400045141694506
"166";"AGES";2021-04-19;2021;16;"All";"65-79 anos";174393;13053;2;187448;844893;72854;14;917761;0,526557108143598;0,0454043193122605
"167";"AGES";2021-04-19;2021;16;"All";"80 ou mais anos";8353;122934;10;131297;626924;517444;30;1144398;0,927590354850021;0,765604863707586
"168";"AGES";2021-04-19;2021;16;"All";"Desconhecido";1;0;0;1;5;0;0;5;NA;NA
"176";"GENERAL";2021-02-08;2021;6;"All";"All";39292;98837;13;138142;351750;209448;20;561218;0,0341640548687833;0,0203428371404604
"177";"GENERAL";2021-02-15;2021;7;"All";"All";100674;49577;9;150260;452424;259025;29;711478;0,0439421133189891;0,0251580506393365
"178";"GENERAL";2021-02-22;2021;8;"All";"All";174348;18832;2;193182;626772;277857;31;904660;0,0608758294192383;0,026987126634472
"179";"GENERAL";2021-03-01;2021;9;"All";"All";137088;32005;2;169095;763860;309862;33;1073755;0,0741906324152632;0,0300956428422201
"180";"GENERAL";2021-03-08;2021;10;"All";"All";91354;49358;2;140714;855214;359220;35;1214469;0,0830634769596351;0,0348895857568283
"181";"GENERAL";2021-03-15;2021;11;"All";"All";79866;109369;8;189243;946896;475727;43;1422666;0,0919681788174313;0,0462054394614405
"182";"GENERAL";2021-03-22;2021;12;"All";"All";254032;20966;1;274999;1201268;497022;44;1698334;0,11667430238554;0,0482737366851242
"183";"GENERAL";2021-03-29;2021;13;"All";"All";136533;83856;10;220399;1338296;581131;55;1919482;0,129983277824231;0,0564429036814525
"184";"GENERAL";2021-04-05;2021;14;"All";"All";253102;52206;3;305311;1591785;633446;56;2225287;0,154603639173579;0,0615240480466562
"185";"GENERAL";2021-04-12;2021;15;"All";"All";421679;53515;2;475196;2017820;690156;80;2708056;0,195982695651253;0,067032060986553
"186";"GENERAL";2021-04-19;2021;16;"All";"All";207826;138078;12;345916;2226603;828295;92;3054990;0,216260944031265;0,0804489433618732
