;TYPE;DATE;YEAR;WEEK;REGION;AGEGROUP;TOTAL_VAC_1;TOTAL_VAC_2;TOTAL_VAC_UNK;TOTAL;CUMUL_VAC_1;CUMUL_VAC_2;CUMUL_VAC_UNK;CUMUL;CUMUL_VAC_INIT;CUMUL_VAC_COMPLETE;CUMUL_VAC_LEAST;COVER_1_VAC;COVER_INIT;COVER_COMPLETE;COVER_LEAST
1;REGIONAL;04/01/2021;2021;1;ARS Alentejo;All;3468;3;0;3471;4702;4;0;4706;4698;4;4702;0,010029821;0,010021288;8,53E-06;0,010029821
2;REGIONAL;11/01/2021;2021;2;ARS Alentejo;All;5377;11;0;5388;10079;15;0;10094;10063;16;10079;0,021499482;0,021465352;3,41E-05;0,021499482
3;REGIONAL;18/01/2021;2021;3;ARS Alentejo;All;10460;1138;0;11598;20539;1153;0;21692;19381;1158;20539;0,043811673;0,041341547;0,002470126;0,043811673
4;REGIONAL;25/01/2021;2021;4;ARS Alentejo;All;2376;3105;0;5481;22915;4258;0;27173;18649;4266;22915;0,048879911;0,03978012;0,009099791;0,048879911
5;REGIONAL;01/02/2021;2021;5;ARS Alentejo;All;1455;4354;0;5809;24370;8612;0;32982;15749;8621;24370;0,051983567;0,03359414;0,018389427;0,051983567
6;REGIONAL;08/02/2021;2021;6;ARS Alentejo;All;3291;8802;0;12093;27661;17414;0;45075;10234;17427;27661;0,059003588;0,021830112;0,037173476;0,059003588
7;REGIONAL;15/02/2021;2021;7;ARS Alentejo;All;4081;2844;0;6925;31742;20258;0;52000;11471;20271;31742;0,067708756;0,024468752;0,043240003;0,067708756
8;REGIONAL;22/02/2021;2021;8;ARS Alentejo;All;12067;1642;0;13709;43809;21900;0;65709;21891;21918;43809;0,093448833;0,04669562;0,046753214;0,093448833
9;REGIONAL;01/03/2021;2021;9;ARS Alentejo;All;10488;2836;1;13325;54297;24736;1;79034;29537;24760;54297;0,115820752;0,063005277;0,052815474;0,115820752
10;REGIONAL;08/03/2021;2021;10;ARS Alentejo;All;5850;1697;0;7547;60147;26433;1;86581;33682;26465;60147;0,128299367;0,071846963;0,056452404;0,128299367
11;REGIONAL;15/03/2021;2021;11;ARS Alentejo;All;3739;7749;0;11488;63886;34182;1;98069;29672;34215;63887;0,136275016;0,063293245;0,072983904;0,136277149
12;REGIONAL;22/03/2021;2021;12;ARS Alentejo;All;11931;2125;0;14056;75817;36307;1;112125;39477;36342;75819;0,161724993;0,084208258;0,077521;0,161729259
13;REGIONAL;29/03/2021;2021;13;ARS Alentejo;All;6168;6322;0;12490;81985;42629;1;124615;39321;42667;81988;0,174881933;0,083875495;0,091012837;0,174888332
14;REGIONAL;05/04/2021;2021;14;ARS Alentejo;All;14069;4341;0;18410;96054;46970;1;143025;49046;47013;96059;0,204892471;0,104619861;0,100283275;0,204903136
15;REGIONAL;12/04/2021;2021;15;ARS Alentejo;All;21937;2983;0;24920;117991;49953;1;167945;67997;50000;117997;0,251686213;0,145044176;0,106654835;0,251699012
16;REGIONAL;19/04/2021;2021;16;ARS Alentejo;All;11414;5995;0;17409;129405;55948;1;185354;73414;55998;129412;0,276033379;0,156599161;0,119449149;0,27604831
17;REGIONAL;26/04/2021;2021;17;ARS Alentejo;All;20280;2807;0;23087;149685;58755;1;208441;90892;58808;149700;0,31929258;0,193881425;0,125443151;0,319324576
18;REGIONAL;03/05/2021;2021;18;ARS Alentejo;All;13730;14357;1;28088;163415;73112;2;236529;93373;73177;166550;0,348579998;0,199173638;0,156093617;0,355267256
19;REGIONAL;10/05/2021;2021;19;ARS Alentejo;All;17483;15307;0;32790;180898;88419;2;269319;96035;88504;184539;0,385872927;0,204851942;0,18878759;0,393639532
20;REGIONAL;17/05/2021;2021;20;ARS Alentejo;All;13276;12285;1;25562;194174;100704;3;294881;100326;100907;201233;0,414191919;0,21400506;0,215244389;0,429249449
21;REGIONAL;24/05/2021;2021;21;ARS Alentejo;All;7233;18613;0;25846;201407;119317;3;320727;90633;119977;210610;0,429620607;0,193328953;0,255922543;0,449251496
22;REGIONAL;31/05/2021;2021;22;ARS Alentejo;All;17434;7355;0;24789;218841;126672;3;345516;100301;128090;228391;0,466809015;0,213951732;0,273228357;0,487180089
23;REGIONAL;07/06/2021;2021;23;ARS Alentejo;All;13873;15306;0;29179;232714;141978;3;374695;98906;143997;242903;0,496401466;0,210976062;0,307159526;0,518135588
24;REGIONAL;14/06/2021;2021;24;ARS Alentejo;All;10291;19306;1;29598;243005;161284;4;404293;91094;163776;254870;0,518353164;0,194312311;0,349350045;0,543662356
25;REGIONAL;21/06/2021;2021;25;ARS Alentejo;All;10618;14375;0;24993;253623;175659;4;429286;89553;178847;268400;0,541002385;0,191025209;0,381497946;0,572523155
26;REGIONAL;28/06/2021;2021;26;ARS Alentejo;All;11030;29044;3;40077;264653;204703;7;469363;73179;208552;281731;0,564530441;0,156097884;0,444861583;0,600959467
27;REGIONAL;05/07/2021;2021;27;ARS Alentejo;All;15355;27963;0;43318;280008;232666;7;512681;59891;237899;297790;0,597284141;0,127753295;0,507461572;0,635214867
28;REGIONAL;12/07/2021;2021;28;ARS Alentejo;All;8213;20424;1;28638;288221;253090;8;541319;49679;259813;309492;0,614803264;0,105970111;0,554206253;0,660176364
29;REGIONAL;19/07/2021;2021;29;ARS Alentejo;All;3530;16782;2;20314;291751;269872;10;561633;39485;277871;317356;0,622333096;0,084225323;0,592725714;0,676951037
30;REGIONAL;26/07/2021;2021;30;ARS Alentejo;All;2261;16589;0;18850;294012;286461;10;580483;28762;295486;324248;0,627156027;0,061352127;0,630300212;0,691652339
31;REGIONAL;02/08/2021;2021;31;ARS Alentejo;All;4970;20043;13;25026;298982;306504;23;605509;18665;316648;335313;0,637757518;0,03981425;0,675440804;0,715255054
32;REGIONAL;09/08/2021;2021;32;ARS Alentejo;All;14887;14455;0;29342;313869;320959;23;634851;24748;332762;357510;0,669512929;0,052789877;0,709813525;0,762603402
33;REGIONAL;16/08/2021;2021;33;ARS Alentejo;All;22249;6606;0;28855;336118;327565;23;663706;42006;341580;383586;0,716972197;0,08960286;0,728623171;0,818226031
34;REGIONAL;23/08/2021;2021;34;ARS Alentejo;All;12992;4615;0;17607;349110;332180;23;681313;51084;347627;398711;0,74468539;0,108967112;0,741522007;0,850489119
35;REGIONAL;30/08/2021;2021;35;ARS Alentejo;All;4766;15840;2;20608;353876;348020;25;701921;40686;364418;405104;0,754851728;0,086787172;0,777338834;0,864126006
36;REGIONAL;06/09/2021;2021;36;ARS Alentejo;All;2622;15213;6;17841;356498;363233;31;719762;27685;380125;407810;0,760444708;0,059054782;0,810843384;0,869898166
37;REGIONAL;13/09/2021;2021;37;ARS Alentejo;All;1848;15846;3;17697;358346;379079;34;737459;13473;396213;409686;0,764386671;0,028739212;0,845160644;0,873899855
38;REGIONAL;20/09/2021;2021;38;ARS Alentejo;All;1619;3619;6;5244;359965;382698;40;742703;11223;400100;411323;0,767840154;0,023939744;0,85345199;0,877391735
39;REGIONAL;27/09/2021;2021;39;ARS Alentejo;All;1132;2418;5;3555;361097;385116;45;746258;9653;402884;412537;0,77025482;0,020590782;0,859390532;0,879981314
40;REGIONAL;04/10/2021;2021;40;ARS Alentejo;All;481;1683;3;2167;361578;386799;48;748425;8462;404667;413129;0,771280839;0,018050264;0,863193843;0,881244107
41;REGIONAL;11/10/2021;2021;41;ARS Alentejo;All;707;1609;0;2316;362285;388408;48;750741;7419;406418;413837;0,772788939;0,015825444;0,866928895;0,88275434
42;REGIONAL;18/10/2021;2021;42;ARS Alentejo;All;587;1235;0;1822;362872;389643;48;752563;6635;407791;414426;0,774041066;0,014153097;0,869857637;0,884010734
43;REGIONAL;25/10/2021;2021;43;ARS Alentejo;All;452;748;0;1200;363324;390391;48;753763;6220;408659;414879;0,775005226;0,013267861;0,871709165;0,884977027
44;REGIONAL;01/11/2021;2021;44;ARS Alentejo;All;420;574;0;994;363744;390965;48;754757;5928;409371;415299;0,775901127;0,012644997;0,87322793;0,885872927
45;REGIONAL;04/01/2021;2021;1;ARS Algarve;All;1279;4;0;1283;2353;4;0;2357;2349;5;2354;0,005033209;0,005024653;1,07E-05;0,005035348
46;REGIONAL;11/01/2021;2021;2;ARS Algarve;All;1380;6;0;1386;3733;10;0;3743;3722;13;3735;0,007985112;0,007961582;2,78E-05;0,00798939
47;REGIONAL;18/01/2021;2021;3;ARS Algarve;All;3421;952;0;4373;7154;962;0;8116;6191;965;7156;0,015302837;0,013242922;0,002064193;0,015307116
48;REGIONAL;25/01/2021;2021;4;ARS Algarve;All;2177;1251;0;3428;9331;2213;0;11544;7117;2216;9333;0,019959572;0,015223692;0,004740158;0,01996385
49;REGIONAL;01/02/2021;2021;5;ARS Algarve;All;1249;1255;0;2504;10580;3468;0;14048;7112;3471;10583;0,022631258;0,015212997;0,007424678;0,022637675
50;REGIONAL;08/02/2021;2021;6;ARS Algarve;All;2447;2898;0;5345;13027;6366;0;19393;6659;6371;13030;0,027865539;0,014244003;0,013627953;0,027871956
51;REGIONAL;15/02/2021;2021;7;ARS Algarve;All;3240;2127;0;5367;16267;8493;0;24760;7769;8501;16270;0,034796094;0,01661836;0,018184152;0,034802511
52;REGIONAL;22/02/2021;2021;8;ARS Algarve;All;8533;1074;1;9608;24800;9567;1;34368;15221;9582;24803;0,053048696;0,032558637;0,020496476;0,053055113
53;REGIONAL;01/03/2021;2021;9;ARS Algarve;All;4683;567;0;5250;29483;10134;1;39618;19330;10157;29487;0,063065915;0,041348036;0,021726436;0,063074471
54;REGIONAL;08/03/2021;2021;10;ARS Algarve;All;5180;1564;0;6744;34663;11698;1;46362;22946;11722;34668;0,074146248;0,049082878;0,025074065;0,074156943
55;REGIONAL;15/03/2021;2021;11;ARS Algarve;All;2756;3031;1;5788;37419;14729;2;52150;22671;14753;37424;0,080041498;0,048494636;0,031557557;0,080052193
56;REGIONAL;22/03/2021;2021;12;ARS Algarve;All;9499;4326;0;13825;46918;19055;2;65975;27839;19084;46923;0,100360432;0,0595493;0,040821827;0,100371127
57;REGIONAL;29/03/2021;2021;13;ARS Algarve;All;4265;2948;0;7213;51183;22003;2;73188;29157;22032;51189;0,109483524;0,062368581;0,047127777;0,109496358
58;REGIONAL;05/04/2021;2021;14;ARS Algarve;All;8707;1844;0;10551;59890;23847;2;83739;36024;23878;59902;0,128108322;0,077057509;0,051076482;0,128133991
59;REGIONAL;12/04/2021;2021;15;ARS Algarve;All;13722;2207;0;15929;73612;26054;2;99668;47540;26085;73625;0,157460508;0,101690927;0,055797388;0,157488315
60;REGIONAL;19/04/2021;2021;16;ARS Algarve;All;7312;5564;0;12876;80924;31618;2;112544;49285;31653;80938;0,173101317;0,105423587;0,067707676;0,173131263
61;REGIONAL;26/04/2021;2021;17;ARS Algarve;All;16450;3307;0;19757;97374;34925;2;132301;62418;34976;97394;0,208288859;0,133515866;0,074815773;0,20833164
62;REGIONAL;03/05/2021;2021;18;ARS Algarve;All;16625;9012;0;25637;113999;43937;2;157938;70572;44001;114573;0,243850736;0,150957764;0,094120793;0,245078557
63;REGIONAL;10/05/2021;2021;19;ARS Algarve;All;9782;11396;0;21178;123781;55333;2;179116;70925;55404;126329;0,264775024;0,151712853;0,118512497;0,27022535
64;REGIONAL;17/05/2021;2021;20;ARS Algarve;All;12083;10950;2;23035;135864;66283;4;202151;74538;66407;140945;0,29062129;0,159441277;0,142048578;0,301489856
65;REGIONAL;24/05/2021;2021;21;ARS Algarve;All;7676;18872;0;26548;143540;85155;4;228699;69040;85377;154417;0,307040717;0,147680724;0,182626552;0,330307276
66;REGIONAL;31/05/2021;2021;22;ARS Algarve;All;8210;12806;2;21018;151750;97961;6;249717;72843;98279;171122;0,324602402;0,15581557;0,210224708;0,366040279
67;REGIONAL;07/06/2021;2021;23;ARS Algarve;All;17134;6404;0;23538;168884;104365;6;273255;84635;104987;189622;0,361253062;0,181039369;0,224573525;0,405612894
68;REGIONAL;14/06/2021;2021;24;ARS Algarve;All;15444;13508;0;28952;184328;117873;6;302207;86579;118715;205294;0,394288709;0,185197703;0,253938545;0,439136247
69;REGIONAL;21/06/2021;2021;25;ARS Algarve;All;19420;10302;0;29722;203748;128175;6;331929;96589;129500;226089;0,43582926;0,206609696;0,27700831;0,483618007
70;REGIONAL;28/06/2021;2021;26;ARS Algarve;All;17288;16553;7;33848;221036;144728;13;365777;99390;146459;245849;0,472809335;0,212601204;0,313284634;0,525885838
71;REGIONAL;05/07/2021;2021;27;ARS Algarve;All;19256;31905;1;51162;240292;176633;14;416939;87368;179000;266368;0,51399908;0,186885421;0,382891796;0,569777217
72;REGIONAL;12/07/2021;2021;28;ARS Algarve;All;9851;27139;4;36994;250143;203772;18;453933;76090;206658;282748;0,535070963;0,162761099;0,442053926;0,604815025
73;REGIONAL;19/07/2021;2021;29;ARS Algarve;All;4362;27328;0;31690;254505;231100;18;485623;58282;234620;292902;0,544401544;0,124668713;0,50186633;0,626535043
74;REGIONAL;26/07/2021;2021;30;ARS Algarve;All;4029;24844;5;28878;258534;255944;23;514501;41495;260086;301581;0,553019818;0,088760308;0,55633964;0,645099948
75;REGIONAL;02/08/2021;2021;31;ARS Algarve;All;3957;22733;1;26691;262491;278677;24;541192;26064;283476;309540;0,56148408;0,055752468;0,606372261;0,662124729
76;REGIONAL;09/08/2021;2021;32;ARS Algarve;All;11565;14126;3;25694;274056;292803;27;566886;28270;298533;326803;0,586222313;0,060471235;0,638580092;0,699051327
77;REGIONAL;16/08/2021;2021;33;ARS Algarve;All;16699;7802;4;24505;290755;300605;31;591391;39514;307507;347021;0,621942481;0,084522829;0,657776019;0,742298848
78;REGIONAL;23/08/2021;2021;34;ARS Algarve;All;13620;5353;0;18973;304375;305958;31;610364;48298;313988;362286;0,651076482;0,103312335;0,671639269;0,774951604
79;REGIONAL;30/08/2021;2021;35;ARS Algarve;All;6511;12201;4;18716;310886;318159;35;629080;42681;327314;369995;0,665003904;0,091297233;0,700144387;0,79144162
80;REGIONAL;06/09/2021;2021;36;ARS Algarve;All;3338;15780;1;19119;314224;333939;36;648199;30462;343535;373997;0,672144087;0,065160055;0,734842084;0,800002139
81;REGIONAL;13/09/2021;2021;37;ARS Algarve;All;2292;12117;4;14413;316516;346056;40;662612;21380;355954;377334;0,677046813;0,045733109;0,761407074;0,807140183
82;REGIONAL;20/09/2021;2021;38;ARS Algarve;All;1882;6678;6;8566;318398;352734;46;671178;17122;362886;380008;0,681072525;0,036624991;0,77623504;0,812860031
83;REGIONAL;27/09/2021;2021;39;ARS Algarve;All;1166;3904;6;5076;319564;356638;52;676254;14565;367065;381630;0,683566669;0,031155413;0,785174173;0,816329586
84;REGIONAL;04/10/2021;2021;40;ARS Algarve;All;767;3038;1;3806;320331;359676;53;680060;12361;370223;382584;0,685207328;0,026440925;0,791929325;0,81837025
85;REGIONAL;11/10/2021;2021;41;ARS Algarve;All;1080;1938;0;3018;321411;361614;53;683078;11313;372385;383698;0,687517514;0,024199189;0,796553974;0,820753163
86;REGIONAL;18/10/2021;2021;42;ARS Algarve;All;754;1616;0;2370;322165;363230;53;685448;10353;374167;384520;0,689130365;0,022145691;0,800365779;0,822511471
87;REGIONAL;25/10/2021;2021;43;ARS Algarve;All;879;1214;0;2093;323044;364444;53;687541;9794;375607;385401;0,691010599;0,020949957;0,803446026;0,824395983
88;REGIONAL;01/11/2021;2021;44;ARS Algarve;All;766;889;0;1655;323810;365333;53;689196;9463;376704;386167;0,692649119;0,020241928;0,805792575;0,826034503
89;REGIONAL;04/01/2021;2021;1;ARS Centro;All;9068;20;0;9088;15699;22;0;15721;15678;23;15701;0,009457799;0,009445147;1,39E-05;0,009459004
90;REGIONAL;11/01/2021;2021;2;ARS Centro;All;12756;25;1;12782;28455;47;1;28503;28399;58;28457;0,017142599;0,017108862;3,49E-05;0,017143804
91;REGIONAL;18/01/2021;2021;3;ARS Centro;All;36934;6275;1;43210;65389;6322;2;71713;59031;6361;65392;0,039393337;0,035562986;0,003832159;0,039395144
92;REGIONAL;25/01/2021;2021;4;ARS Centro;All;4909;8529;3;13441;70298;14851;5;85154;55407;14894;70301;0,042350744;0,033379722;0,00897283;0,042352551
93;REGIONAL;01/02/2021;2021;5;ARS Centro;All;2772;9200;0;11972;73070;24051;5;97126;48976;24098;73074;0,044020724;0,029505392;0,014517742;0,044023134
94;REGIONAL;08/02/2021;2021;6;ARS Centro;All;7594;27228;3;34825;80664;51279;8;131951;29312;51356;80668;0,048595699;0,017658895;0,030939213;0,048598108
95;REGIONAL;15/02/2021;2021;7;ARS Centro;All;25605;10045;2;35652;106269;61324;10;167603;44775;61498;106273;0,064021327;0,026974517;0,03704922;0,064023736
96;REGIONAL;22/02/2021;2021;8;ARS Centro;All;38502;3181;1;41684;144771;64505;11;209287;80058;64717;144775;0,0872167;0,048230616;0,038988493;0,08721911
97;REGIONAL;01/03/2021;2021;9;ARS Centro;All;28625;5993;0;34618;173396;70498;11;243905;102670;70740;173410;0,104461715;0,061853124;0,042617025;0,104470149
98;REGIONAL;08/03/2021;2021;10;ARS Centro;All;17828;13622;0;31450;191224;84120;11;275355;106853;84401;191254;0,115202121;0,064373155;0,050847039;0,115220194
99;REGIONAL;15/03/2021;2021;11;ARS Centro;All;16800;24316;1;41117;208024;108436;12;316472;99340;108728;208068;0,125323212;0,059846979;0,065502741;0,12534972
100;REGIONAL;22/03/2021;2021;12;ARS Centro;All;48006;4482;1;52489;256030;112918;13;368961;142749;113335;256084;0,154244232;0,085998554;0,06827821;0,154276764
101;REGIONAL;29/03/2021;2021;13;ARS Centro;All;24523;16923;1;41447;280553;129841;14;410408;150340;130287;280627;0,169018013;0,090571721;0,078490873;0,169062594
102;REGIONAL;05/04/2021;2021;14;ARS Centro;All;50029;10362;1;60392;330582;140203;15;470800;189943;140733;330676;0,199157781;0,114430387;0,084784023;0,199214411
103;REGIONAL;12/04/2021;2021;15;ARS Centro;All;77837;12156;0;89993;408419;152359;15;560793;255448;153073;408521;0,246050364;0,153893608;0,092218206;0,246111814
104;REGIONAL;19/04/2021;2021;16;ARS Centro;All;30196;24334;0;54530;438615;176693;15;615323;261163;177557;438720;0,264241822;0,157336587;0,106968492;0,264305079
105;REGIONAL;26/04/2021;2021;17;ARS Centro;All;56827;18038;0;74865;495442;194731;15;690188;301046;195776;496822;0,298477017;0,181363938;0,117944454;0,299308392
106;REGIONAL;03/05/2021;2021;18;ARS Centro;All;60192;49345;0;109537;555634;244076;15;799725;317503;245360;562863;0,334739442;0,19127839;0,147816134;0,339094524
107;REGIONAL;10/05/2021;2021;19;ARS Centro;All;50869;55910;1;106780;606503;299986;16;906505;318317;301458;619775;0,365385264;0,191768781;0,181612145;0,373380927
108;REGIONAL;17/05/2021;2021;20;ARS Centro;All;45075;41913;5;86993;651578;341899;21;993498;328470;344164;672634;0,392540514;0,197885415;0,207340201;0,405225616
109;REGIONAL;24/05/2021;2021;21;ARS Centro;All;24382;56475;4;80861;675960;398374;25;1074359;303709;401660;705369;0,407229351;0,182968251;0,241978432;0,424946684
110;REGIONAL;31/05/2021;2021;22;ARS Centro;All;44482;37972;0;82454;720442;436346;25;1156813;309659;442573;752232;0,434027351;0,186552804;0,266626303;0,453179107
111;REGIONAL;07/06/2021;2021;23;ARS Centro;All;58556;41066;1;99623;778998;477412;26;1256436;326375;486194;812569;0,469304175;0,196623291;0,292905597;0,489528887
112;REGIONAL;14/06/2021;2021;24;ARS Centro;All;52193;66025;8;118226;831191;543437;34;1374662;315986;554686;870672;0,500747635;0,19036448;0,334168323;0,524532803
113;REGIONAL;21/06/2021;2021;25;ARS Centro;All;59786;47963;4;107753;890977;591400;38;1482415;330553;606261;936814;0,536765468;0,19914031;0,365239472;0,564379782
114;REGIONAL;28/06/2021;2021;26;ARS Centro;All;50080;77460;3;127543;941057;668860;41;1609958;302038;687114;989152;0,56693596;0,181961564;0,413949033;0,595910597
115;REGIONAL;05/07/2021;2021;27;ARS Centro;All;59673;105273;10;164956;1000730;774133;51;1774914;260071;796830;1056901;0,602885716;0,156678716;0,480046991;0,636725706
116;REGIONAL;12/07/2021;2021;28;ARS Centro;All;28637;82401;6;111044;1029367;856534;57;1885958;216402;883547;1099949;0,62013796;0,130370504;0,532289295;0,662659799
117;REGIONAL;19/07/2021;2021;29;ARS Centro;All;16957;80953;17;97927;1046324;937487;74;1983885;163498;968993;1132491;0,630353636;0,098498705;0,58376589;0,682264594
118;REGIONAL;26/07/2021;2021;30;ARS Centro;All;14474;69213;7;83694;1060798;1006700;81;2067579;116675;1043400;1160075;0,639073438;0,070290379;0,628592084;0,698882463
119;REGIONAL;02/08/2021;2021;31;ARS Centro;All;19342;75411;6;94759;1080140;1082111;87;2162338;74928;1123668;1198596;0,650725947;0,045140069;0,676949214;0,722089282
120;REGIONAL;09/08/2021;2021;32;ARS Centro;All;50722;47189;7;97918;1130862;1129300;94;2260256;93300;1179586;1272886;0,68128321;0,056208205;0,710636785;0,766844991
121;REGIONAL;16/08/2021;2021;33;ARS Centro;All;61472;36172;7;97651;1192334;1165472;101;2357907;131783;1223525;1355308;0,718316766;0,079392132;0,737107657;0,816499789
122;REGIONAL;23/08/2021;2021;34;ARS Centro;All;51311;18504;4;69819;1243645;1183976;105;2427726;164227;1248146;1412373;0,749228869;0,098937888;0,751940478;0,850878366
123;REGIONAL;30/08/2021;2021;35;ARS Centro;All;20805;48375;3;69183;1264450;1232351;108;2496909;133710;1301064;1434774;0,761762757;0,080553045;0,783820712;0,864373757
124;REGIONAL;06/09/2021;2021;36;ARS Centro;All;7899;51114;11;59024;1272349;1283465;119;2555933;89543;1353623;1443166;0,766521477;0,053944816;0,815484668;0,869429484
125;REGIONAL;13/09/2021;2021;37;ARS Centro;All;5958;42715;8;48681;1278307;1326180;127;2604614;51937;1397410;1449347;0,77011085;0,031289234;0,841863968;0,873153202
126;REGIONAL;20/09/2021;2021;38;ARS Centro;All;4077;18741;6;22824;1282384;1344921;133;2627438;36667;1416836;1453503;0,772567022;0,022089885;0,853567082;0,875656967
127;REGIONAL;27/09/2021;2021;39;ARS Centro;All;2914;9823;4;12741;1285298;1354744;137;2640179;29210;1427348;1456558;0,77432255;0,017597446;0,859899994;0,87749744
128;REGIONAL;04/10/2021;2021;40;ARS Centro;All;1562;5515;15;7092;1286860;1360259;152;2647271;25082;1433174;1458256;0,77526357;0,015110549;0,863409844;0,878520393
129;REGIONAL;11/10/2021;2021;41;ARS Centro;All;2146;4713;0;6859;1289006;1364972;152;2654130;22083;1438335;1460418;0,776556419;0,013303813;0,866519067;0,879822881
130;REGIONAL;18/10/2021;2021;42;ARS Centro;All;1748;3750;0;5498;1290754;1368722;152;2659628;19675;1442494;1462169;0,777609495;0,011853124;0,86902464;0,880877764
131;REGIONAL;25/10/2021;2021;43;ARS Centro;All;1752;2894;0;4646;1292506;1371616;152;2664274;18063;1445858;1463921;0,77866498;0,010881981;0,871051268;0,881933249
132;REGIONAL;01/11/2021;2021;44;ARS Centro;All;1295;2274;0;3569;1293801;1373890;152;2667843;16751;1448465;1465216;0,779445147;0,010091572;0,872621845;0,882713416
133;REGIONAL;04/01/2021;2021;1;ARS Lisboa e Vale do Tejo;All;12869;33;0;12902;23723;38;0;23761;23688;38;23726;0,006443699;0,006434192;1,03E-05;0,006444514
134;REGIONAL;11/01/2021;2021;2;ARS Lisboa e Vale do Tejo;All;13357;1128;0;14485;37080;1166;0;38246;35903;1180;37083;0,01007176;0,00975206;0,000320514;0,010072575
135;REGIONAL;18/01/2021;2021;3;ARS Lisboa e Vale do Tejo;All;38067;9113;0;47180;75147;10279;0;85426;64736;10415;75151;0,020411611;0,01758375;0,002828948;0,020412698
136;REGIONAL;25/01/2021;2021;4;ARS Lisboa e Vale do Tejo;All;17444;11968;0;29412;92591;22247;0;114838;70149;22447;92596;0,025149793;0,019054042;0,006097109;0,025151151
137;REGIONAL;01/02/2021;2021;5;ARS Lisboa e Vale do Tejo;All;8852;8957;0;17809;101443;31204;0;132647;70029;31422;101451;0,027554195;0,019021448;0,00853492;0,027556368
138;REGIONAL;08/02/2021;2021;6;ARS Lisboa e Vale do Tejo;All;14479;30567;0;45046;115922;61771;0;177693;53751;62180;115931;0,031487016;0,014599978;0,016889483;0,031489461
139;REGIONAL;15/02/2021;2021;7;ARS Lisboa e Vale do Tejo;All;33106;19139;0;52245;149028;80910;0;229938;67567;81471;149038;0,040479348;0,018352713;0,022129351;0,040482065
140;REGIONAL;22/02/2021;2021;8;ARS Lisboa e Vale do Tejo;All;49523;6735;0;56258;198551;87645;0;286196;110040;88521;198561;0,053930906;0,029889333;0,02404429;0,053933623
141;REGIONAL;01/03/2021;2021;9;ARS Lisboa e Vale do Tejo;All;45359;12918;0;58277;243910;100563;0;344473;142261;101669;243930;0,066251428;0,038641279;0,027615581;0,066256861
142;REGIONAL;08/03/2021;2021;10;ARS Lisboa e Vale do Tejo;All;34191;16647;2;50840;278101;117210;2;395313;159721;118417;278138;0,075538471;0,043383807;0,032164714;0,075548521
143;REGIONAL;15/03/2021;2021;11;ARS Lisboa e Vale do Tejo;All;26459;29154;1;55614;304560;146364;3;450927;156971;147640;304611;0,082725329;0,042636845;0,040102336;0,082739182
144;REGIONAL;22/03/2021;2021;12;ARS Lisboa e Vale do Tejo;All;89691;7810;1;97502;394251;154174;4;548429;238576;155740;394316;0,107087417;0,064802594;0,042302478;0,107105073
145;REGIONAL;29/03/2021;2021;13;ARS Lisboa e Vale do Tejo;All;45832;24129;1;69962;440083;178303;5;618391;260211;179955;440166;0,119536417;0,070679146;0,048879815;0,119558961
146;REGIONAL;05/04/2021;2021;14;ARS Lisboa e Vale do Tejo;All;87616;19915;1;107532;527699;198218;6;725923;327757;200090;527847;0,143334888;0,089026155;0,054348933;0,143375088
147;REGIONAL;12/04/2021;2021;15;ARS Lisboa e Vale do Tejo;All;163821;14567;1;178389;691520;212785;7;904312;476897;214791;691688;0,187832347;0,129535925;0,058342055;0,18787798
148;REGIONAL;19/04/2021;2021;16;ARS Lisboa e Vale do Tejo;All;79431;53968;2;133401;770951;266753;9;1037713;502104;269018;771122;0,209407589;0,136382712;0,073071325;0,209454036
149;REGIONAL;26/04/2021;2021;17;ARS Lisboa e Vale do Tejo;All;107851;25778;1;133630;878802;292531;10;1171343;584069;294938;879007;0,23870234;0,158646245;0,080111778;0,238758023
150;REGIONAL;03/05/2021;2021;18;ARS Lisboa e Vale do Tejo;All;107981;65863;2;173846;986783;358394;12;1345189;628739;360961;989700;0,268032402;0,170779619;0,098045106;0,268824725
151;REGIONAL;10/05/2021;2021;19;ARS Lisboa e Vale do Tejo;All;90657;113561;1;204219;1077440;471955;13;1549408;608132;474822;1082954;0,292656878;0,165182295;0,128972308;0,294154604
152;REGIONAL;17/05/2021;2021;20;ARS Lisboa e Vale do Tejo;All;110234;71523;3;181760;1187674;543478;16;1731168;648477;547343;1195820;0,322598905;0,176140903;0,148670639;0,324811542
153;REGIONAL;24/05/2021;2021;21;ARS Lisboa e Vale do Tejo;All;111017;89197;0;200214;1298691;632675;16;1931382;675388;644529;1319917;0,352753613;0,183450534;0,175068537;0,358519071
154;REGIONAL;31/05/2021;2021;22;ARS Lisboa e Vale do Tejo;All;92507;87342;4;179853;1391198;720017;20;2111235;696429;736782;1433211;0,37788059;0,189165742;0,200126522;0,389292263
155;REGIONAL;07/06/2021;2021;23;ARS Lisboa e Vale do Tejo;All;152517;54446;2;206965;1543715;774463;22;2318200;802570;797782;1600352;0,419307629;0,217996019;0,21669549;0,434691509
156;REGIONAL;14/06/2021;2021;24;ARS Lisboa e Vale do Tejo;All;148067;121759;4;269830;1691782;896222;26;2588030;831516;926153;1757669;0,459525948;0,225858402;0,251563934;0,477422336
157;REGIONAL;21/06/2021;2021;25;ARS Lisboa e Vale do Tejo;All;120530;154207;11;274748;1812312;1050429;37;2862778;804686;1088196;1892882;0,4922646;0,218570772;0,295578448;0,51414922
158;REGIONAL;28/06/2021;2021;26;ARS Lisboa e Vale do Tejo;All;130910;167185;8;298103;1943222;1217614;45;3160881;769884;1265084;2034968;0,527822694;0,209117768;0,343625198;0,552742966
159;REGIONAL;05/07/2021;2021;27;ARS Lisboa e Vale do Tejo;All;144249;274269;4;418522;2087471;1491883;49;3579403;640527;1550495;2191022;0,567003958;0,173981504;0,421149229;0,595130733
160;REGIONAL;12/07/2021;2021;28;ARS Lisboa e Vale do Tejo;All;80371;216564;22;296957;2167842;1708447;71;3876360;533275;1776957;2310232;0,588834525;0,144849455;0,482661389;0,627510844
161;REGIONAL;19/07/2021;2021;29;ARS Lisboa e Vale do Tejo;All;57348;186243;8;243599;2225190;1894690;79;4119959;444488;1974408;2418896;0,604411529;0,120732913;0,536293511;0,657026424
162;REGIONAL;26/07/2021;2021;30;ARS Lisboa e Vale do Tejo;All;36806;181219;13;218038;2261996;2075909;92;4337997;326429;2167550;2493979;0,614408864;0,08866544;0,588755211;0,677420652
163;REGIONAL;02/08/2021;2021;31;ARS Lisboa e Vale do Tejo;All;45806;178906;13;224725;2307802;2254815;105;4562722;222143;2361157;2583300;0,626850801;0,060339023;0,641343216;0,701682239
164;REGIONAL;09/08/2021;2021;32;ARS Lisboa e Vale do Tejo;All;107959;111899;7;219865;2415761;2366714;112;4782587;240573;2494331;2734904;0,656174888;0,065345024;0,677516263;0,742861287
165;REGIONAL;16/08/2021;2021;33;ARS Lisboa e Vale do Tejo;All;107726;91524;10;199260;2523487;2458238;122;4981847;281144;2601899;2883043;0,685435686;0,076365018;0,706734145;0,783099163
166;REGIONAL;23/08/2021;2021;34;ARS Lisboa e Vale do Tejo;All;89442;61336;7;150785;2612929;2519574;129;5132632;321768;2677899;2999667;0,70973014;0,087399408;0,72737745;0,814776858
167;REGIONAL;30/08/2021;2021;35;ARS Lisboa e Vale do Tejo;All;49112;101236;21;150369;2662041;2620810;150;5283001;264704;2792563;3057267;0,723070061;0,071899545;0,758522765;0,83042231
168;REGIONAL;06/09/2021;2021;36;ARS Lisboa e Vale do Tejo;All;28033;92007;54;120094;2690074;2712817;204;5403095;195856;2889893;3085749;0,730684453;0,053198884;0,784959777;0,838158661
169;REGIONAL;13/09/2021;2021;37;ARS Lisboa e Vale do Tejo;All;20099;81915;82;102096;2710173;2794732;286;5505191;130401;2975673;3106074;0,736143793;0,035419837;0,808259549;0,843679387
170;REGIONAL;20/09/2021;2021;38;ARS Lisboa e Vale do Tejo;All;15266;31887;102;47255;2725439;2826619;388;5552446;109311;3012187;3121498;0,740290381;0,02969132;0,818177571;0,847868891
171;REGIONAL;27/09/2021;2021;39;ARS Lisboa e Vale do Tejo;All;9369;20511;70;29950;2734808;2847130;458;5582396;94964;3036293;3131257;0,742835211;0,025794353;0,824725301;0,850519654
172;REGIONAL;04/10/2021;2021;40;ARS Lisboa e Vale do Tejo;All;4538;17861;60;22459;2739346;2864991;518;5604855;81615;3055370;3136985;0,744067834;0,022168465;0,829907043;0,852075508
173;REGIONAL;11/10/2021;2021;41;ARS Lisboa e Vale do Tejo;All;6851;14735;0;21586;2746197;2879726;518;5626441;71964;3071881;3143845;0,745928719;0,019547037;0,834391801;0,853938838
174;REGIONAL;18/10/2021;2021;42;ARS Lisboa e Vale do Tejo;All;5224;12077;1;17302;2751421;2891803;519;5643743;63646;3085429;3149075;0,747347675;0,017287682;0,838071741;0,855359423
175;REGIONAL;25/10/2021;2021;43;ARS Lisboa e Vale do Tejo;All;5296;6131;1;11428;2756717;2897934;520;5655171;61143;3093246;3154389;0,748786187;0,016607811;0,840195014;0,856802825
176;REGIONAL;01/11/2021;2021;44;ARS Lisboa e Vale do Tejo;All;3781;4844;0;8625;2760498;2902778;520;5663796;58800;3099370;3158170;0,749813192;0,015971399;0,84185843;0,857829829
177;REGIONAL;04/01/2021;2021;1;ARS Norte;All;16849;46;0;16895;30308;53;0;30361;30258;57;30315;0,008460257;0,0084463;1,59E-05;0,008462211
178;REGIONAL;11/01/2021;2021;2;ARS Norte;All;15515;44;0;15559;45823;97;0;45920;45705;126;45831;0,012791156;0,012758217;3,52E-05;0,012793389
179;REGIONAL;18/01/2021;2021;3;ARS Norte;All;32480;12756;1;45237;78303;12853;1;91157;65387;12924;78311;0,021857711;0,018252304;0,00360764;0,021859945
180;REGIONAL;25/01/2021;2021;4;ARS Norte;All;14479;15777;1;30257;92782;28630;2;121414;64080;28711;92791;0,025899419;0,017887465;0,008014466;0,025901931
181;REGIONAL;01/02/2021;2021;5;ARS Norte;All;5750;12306;1;18057;98532;40936;3;139471;57525;41021;98546;0,027504489;0,016057684;0,011450713;0,027508397
182;REGIONAL;08/02/2021;2021;6;ARS Norte;All;9014;28923;4;37941;107546;69859;7;177412;37550;70010;107560;0,030020682;0,010481809;0,019542781;0,03002459
183;REGIONAL;15/02/2021;2021;7;ARS Norte;All;33156;15250;2;48408;140702;85109;9;225820;55140;85576;140716;0,039275937;0,015391929;0,023887916;0,039279845
184;REGIONAL;22/02/2021;2021;8;ARS Norte;All;64994;4390;0;69384;205696;89499;9;295204;115522;90188;205710;0,057418538;0,032247124;0,025175323;0,057422446
185;REGIONAL;01/03/2021;2021;9;ARS Norte;All;48257;7178;4;55439;253953;96677;13;350643;156518;97459;253977;0,070889128;0,043690858;0,027204969;0,070895828
186;REGIONAL;08/03/2021;2021;10;ARS Norte;All;25943;14291;0;40234;279896;110968;13;390877;168064;111877;279941;0,078130927;0,04691384;0,031229649;0,078143489
187;REGIONAL;15/03/2021;2021;11;ARS Norte;All;27183;42556;2;69741;307079;153524;15;460618;152667;154469;307136;0,085718864;0,04261588;0,043118895;0,085734775
188;REGIONAL;22/03/2021;2021;12;ARS Norte;All;89366;2586;0;91952;396445;156110;15;552570;239350;157157;396507;0,110664731;0,066812807;0,043869231;0,110682038
189;REGIONAL;29/03/2021;2021;13;ARS Norte;All;54366;32954;0;87320;450811;189064;15;639890;260730;190174;450904;0,125840603;0,072780878;0,053085685;0,125866564
190;REGIONAL;05/04/2021;2021;14;ARS Norte;All;82715;13920;2;96637;533526;202984;17;736527;329498;204172;533670;0,148929892;0,091976964;0,056993125;0,148970089
191;REGIONAL;12/04/2021;2021;15;ARS Norte;All;136241;19399;0;155640;669767;222383;17;892167;446227;223694;669921;0,186960574;0,124561013;0,062442549;0,187003562
192;REGIONAL;19/04/2021;2021;16;ARS Norte;All;65548;46689;2;112239;735315;269072;19;1004406;464677;270794;735471;0,20525782;0,129711196;0,07559017;0,205301367
193;REGIONAL;26/04/2021;2021;17;ARS Norte;All;127141;36980;0;164121;862456;306052;19;1168527;554669;307977;862646;0,240748303;0,154831807;0,085969534;0,240801341
194;REGIONAL;03/05/2021;2021;18;ARS Norte;All;156040;73689;1;229730;1018496;379741;20;1398257;636743;382170;1018913;0,284305732;0,177742165;0,106679969;0,284422134
195;REGIONAL;10/05/2021;2021;19;ARS Norte;All;100341;101443;8;201792;1118837;481184;28;1600049;641276;484744;1126020;0,31231519;0,179007519;0,135312753;0,314320272
196;REGIONAL;17/05/2021;2021;20;ARS Norte;All;111335;71540;5;182880;1230172;552724;33;1782929;679488;565529;1245017;0,343393543;0,18967412;0,157863297;0,347537417
197;REGIONAL;24/05/2021;2021;21;ARS Norte;All;73470;129699;7;203176;1303642;682423;40;1986105;630234;708440;1338674;0,363902158;0,175925225;0,19775586;0,373681086
198;REGIONAL;31/05/2021;2021;22;ARS Norte;All;55486;173145;8;228639;1359128;855568;48;2214744;530537;887935;1418472;0,379390671;0,148095535;0,24786058;0,395956115
199;REGIONAL;07/06/2021;2021;23;ARS Norte;All;107462;107110;10;214582;1466590;962678;58;2429326;528415;1005230;1533645;0,409387904;0,147503194;0,280602624;0,428105819
200;REGIONAL;14/06/2021;2021;24;ARS Norte;All;105585;153149;11;258745;1572175;1115827;69;2688071;486372;1168519;1654891;0,438861187;0,135767197;0,326183558;0,461950755
201;REGIONAL;21/06/2021;2021;25;ARS Norte;All;146603;105752;5;252360;1718778;1221579;74;2940431;530008;1287921;1817929;0,479784346;0,147947868;0,359513756;0,507461624
202;REGIONAL;28/06/2021;2021;26;ARS Norte;All;163821;117796;8;281625;1882599;1339375;82;3222056;566623;1421396;1988019;0,525513783;0,158168679;0,396772329;0,554941007
203;REGIONAL;05/07/2021;2021;27;ARS Norte;All;176165;159265;12;335442;2058764;1498640;94;3557498;579312;1599190;2178502;0,574688958;0,161710721;0,446402227;0,608112948
204;REGIONAL;12/07/2021;2021;28;ARS Norte;All;105454;157479;23;262956;2164218;1656119;117;3820454;559945;1773350;2333295;0,604125673;0,156304564;0,495017721;0,651322285
205;REGIONAL;19/07/2021;2021;29;ARS Norte;All;51941;190131;12;242084;2216159;1846250;129;4062538;460162;1976807;2436969;0,618624625;0,128450867;0,551811259;0,680262126
206;REGIONAL;26/07/2021;2021;30;ARS Norte;All;35396;185603;19;221018;2251555;2031853;148;4283556;333859;2173946;2507805;0,62850516;0,093194305;0,606841174;0,700035479
207;REGIONAL;02/08/2021;2021;31;ARS Norte;All;42142;190261;10;232413;2293697;2222114;158;4515969;212188;2376116;2588304;0,640268792;0,059230733;0,663275455;0,722506188
208;REGIONAL;09/08/2021;2021;32;ARS Norte;All;119328;148066;9;267403;2413025;2370180;167;4783372;224665;2542033;2766698;0,673578333;0,062713597;0,709589976;0,772303572
209;REGIONAL;16/08/2021;2021;33;ARS Norte;All;149025;81267;11;230303;2562050;2451447;178;5013675;310852;2643013;2953865;0,715177575;0,086772069;0,737777806;0,824549875
210;REGIONAL;23/08/2021;2021;34;ARS Norte;All;119196;34042;10;153248;2681246;2485489;188;5166923;383305;2692905;3076210;0,748450269;0,106996796;0,751704794;0,85870159
211;REGIONAL;30/08/2021;2021;35;ARS Norte;All;44811;111448;12;156271;2726057;2596937;200;5323194;307617;2814904;3122521;0,760958933;0,085869042;0,785759926;0,871628968
212;REGIONAL;06/09/2021;2021;36;ARS Norte;All;22078;129183;21;151282;2748135;2726120;221;5474476;196757;2948925;3145682;0,767121846;0,054923282;0,82317091;0,878094192
213;REGIONAL;13/09/2021;2021;37;ARS Norte;All;14809;97229;20;112058;2762944;2823349;241;5586534;112583;3048761;3161344;0,77125567;0,031426724;0,851039402;0,882466125
214;REGIONAL;20/09/2021;2021;38;ARS Norte;All;10381;37150;9;47540;2773325;2860499;250;5634074;84202;3087934;3172136;0,774153451;0,023504374;0,861974259;0,885478633
215;REGIONAL;27/09/2021;2021;39;ARS Norte;All;6829;18885;17;25731;2780154;2879384;267;5659805;70556;3108655;3179211;0,776059716;0,019695193;0,867758375;0,887453568
216;REGIONAL;04/10/2021;2021;40;ARS Norte;All;4908;14834;25;19767;2785062;2894218;292;5679572;59856;3124622;3184478;0,777429749;0,016708366;0,872215447;0,888923813
217;REGIONAL;11/10/2021;2021;41;ARS Norte;All;5790;12558;0;18348;2790852;2906776;292;5697920;51697;3138595;3190292;0,779045985;0,014430841;0,876115908;0,890546748
218;REGIONAL;18/10/2021;2021;42;ARS Norte;All;4209;9821;0;14030;2795061;2916597;292;5711950;44792;3149721;3194513;0,780220897;0,01250336;0,87922165;0,89172501
219;REGIONAL;25/10/2021;2021;43;ARS Norte;All;4108;6349;0;10457;2799169;2922946;292;5722407;41204;3157421;3198625;0,781367615;0,011501796;0,881371048;0,892872845
220;REGIONAL;01/11/2021;2021;44;ARS Norte;All;2994;4310;0;7304;2802163;2927256;292;5729711;38904;3162717;3201621;0,782203368;0,010859768;0,882849388;0,893709156
221;REGIONAL;04/01/2021;2021;1;RA Madeira;All;1836;4;0;1840;2542;5;0;2547;2537;5;2542;0,01012507;0,010105154;1,99E-05;0,01012507
222;REGIONAL;11/01/2021;2021;2;RA Madeira;All;1804;4;0;1808;4346;9;0;4355;4335;11;4346;0,017310603;0,017266789;4,38E-05;0,017310603
223;REGIONAL;18/01/2021;2021;3;RA Madeira;All;1172;596;1;1769;5518;605;1;6124;4911;607;5518;0,02197881;0,019561061;0,002417749;0,02197881
224;REGIONAL;25/01/2021;2021;4;RA Madeira;All;488;1722;4;2214;6006;2327;5;8338;3677;2329;6006;0,023922568;0,014645901;0,009276667;0,023922568
225;REGIONAL;01/02/2021;2021;5;RA Madeira;All;2264;1546;0;3810;8270;3873;5;12148;4395;3875;8270;0,032940333;0,017505776;0,015434557;0,032940333
226;REGIONAL;08/02/2021;2021;6;RA Madeira;All;3188;1160;1;4349;11458;5033;6;16497;6423;5035;11458;0,045638493;0,025583526;0,020054967;0,045638493
227;REGIONAL;15/02/2021;2021;7;RA Madeira;All;2595;707;2;3304;14053;5740;8;19801;8310;5743;14053;0,055974667;0,033099657;0,02287501;0,055974667
228;REGIONAL;22/02/2021;2021;8;RA Madeira;All;2281;2164;1;4446;16334;7904;9;24247;8427;7907;16334;0,065060145;0,033565682;0,031494463;0,065060145
229;REGIONAL;01/03/2021;2021;9;RA Madeira;All;1466;3135;1;4602;17800;11039;10;28849;6758;11042;17800;0,070899387;0,026917868;0,043981518;0,070899387
230;REGIONAL;08/03/2021;2021;10;RA Madeira;All;5006;2397;0;7403;22806;13436;10;36252;9367;13439;22806;0,090838843;0,037309806;0,053529037;0,090838843
231;REGIONAL;15/03/2021;2021;11;RA Madeira;All;3151;2331;1;5483;25957;15767;11;41735;10186;15771;25957;0,103389628;0,040571975;0,062817653;0,103389628
232;REGIONAL;22/03/2021;2021;12;RA Madeira;All;5599;204;0;5803;31556;15971;11;47538;15582;15975;31557;0,12569107;0,062064845;0,063630208;0,125695053
233;REGIONAL;29/03/2021;2021;13;RA Madeira;All;1238;1276;0;2514;32794;17247;11;50052;15545;17252;32797;0,130622162;0,06191747;0,068716641;0,130634111
234;REGIONAL;05/04/2021;2021;14;RA Madeira;All;10219;1309;0;11528;43013;18556;11;61580;24454;18562;43016;0,17132558;0,097403011;0,073934518;0,171337529
235;REGIONAL;12/04/2021;2021;15;RA Madeira;All;8536;1326;0;9862;51549;19882;11;71442;31659;19894;51553;0,20532542;0,12610133;0,079240022;0,205341353
236;REGIONAL;19/04/2021;2021;16;RA Madeira;All;9844;2151;1;11996;61393;22033;12;83438;39284;22114;61398;0,244535171;0,156472556;0,08808253;0,244555086
237;REGIONAL;26/04/2021;2021;17;RA Madeira;All;8823;839;1;9663;70216;22872;13;93101;47275;22964;70239;0,279678165;0,188301601;0,091468175;0,279769776
238;REGIONAL;03/05/2021;2021;18;RA Madeira;All;7661;5359;0;13020;77877;28231;13;106121;49578;28343;77921;0,310192783;0,197474707;0,112893332;0,31036804
239;REGIONAL;10/05/2021;2021;19;RA Madeira;All;11613;6568;4;18185;89490;34799;17;124306;54615;34922;89537;0,356448658;0,21753764;0,139098224;0,356635864
240;REGIONAL;17/05/2021;2021;20;RA Madeira;All;2413;7721;4;10138;91903;42520;21;134444;49309;42649;91958;0,366059906;0,19640325;0,169875727;0,366278977
241;REGIONAL;24/05/2021;2021;21;RA Madeira;All;3530;8995;1;12526;95433;51515;22;146970;43837;51660;95497;0,38012029;0,174607664;0,205767546;0,380375209
242;REGIONAL;31/05/2021;2021;22;RA Madeira;All;7647;11053;2;18702;103080;62568;24;165672;40733;62754;103487;0,410579144;0,162244085;0,249956186;0,412200271
243;REGIONAL;07/06/2021;2021;23;RA Madeira;All;3730;15301;8;19039;106810;77869;32;184711;31223;78094;109317;0,425436151;0,124364694;0,311057118;0,435421812
244;REGIONAL;14/06/2021;2021;24;RA Madeira;All;3671;8494;3;12168;110481;86363;35;196879;28895;86629;115524;0,440058153;0,11509201;0,345052975;0,460144985
245;REGIONAL;21/06/2021;2021;25;RA Madeira;All;12660;3763;9;16432;123141;90126;44;213311;37788;90533;128321;0,490484346;0,150513821;0,360603043;0,511116864
246;REGIONAL;28/06/2021;2021;26;RA Madeira;All;10160;12392;8;22560;133301;102518;52;235871;35640;103034;138674;0,53095276;0,141958098;0,410395921;0,552354019
247;REGIONAL;05/07/2021;2021;27;RA Madeira;All;12809;7037;7;19853;146110;109555;59;255724;41479;110418;151897;0,581972437;0,165215486;0,439807217;0,605022704
248;REGIONAL;12/07/2021;2021;28;RA Madeira;All;10661;5931;13;16605;156771;115486;72;272329;47099;116937;164036;0,62443639;0,187600574;0,465773122;0,653373696
249;REGIONAL;19/07/2021;2021;29;RA Madeira;All;4294;14886;7;19187;161065;130372;79;291516;38790;132075;170865;0,641539871;0,154504899;0,526069465;0,680574365
250;REGIONAL;26/07/2021;2021;30;RA Madeira;All;5582;13924;8;19514;166647;144296;87;311030;33398;146411;179809;0,6637736;0,133027961;0,583171353;0,716199315
251;REGIONAL;02/08/2021;2021;31;RA Madeira;All;4576;14416;3;18995;171223;158712;90;330025;25344;161182;186526;0,682000319;0,100947981;0,642005895;0,742953876
252;REGIONAL;09/08/2021;2021;32;RA Madeira;All;5422;11068;5;16495;176645;169780;95;346520;21163;172503;193666;0,70359675;0,084294591;0,687098702;0,771393292
253;REGIONAL;16/08/2021;2021;33;RA Madeira;All;3632;8178;5;11815;180277;177958;100;358335;17678;180892;198570;0,718063411;0,070413447;0,720513025;0,790926472
254;REGIONAL;23/08/2021;2021;34;RA Madeira;All;2201;6310;3;8514;182478;184268;103;366849;14356;187377;201733;0,72683024;0,05718155;0,746343504;0,803525054
255;REGIONAL;30/08/2021;2021;35;RA Madeira;All;1801;5882;2;7685;184279;190150;105;374534;11103;193485;204588;0,734003824;0,044224488;0,770672349;0,814896837
256;REGIONAL;06/09/2021;2021;36;RA Madeira;All;1307;4804;2;6113;185586;194954;107;380647;8037;198510;206547;0,739209751;0,032012268;0,790687485;0,822699753
257;REGIONAL;13/09/2021;2021;37;RA Madeira;All;852;2895;2;3749;186438;197849;109;384396;6178;201621;207799;0,742603362;0,024607664;0,803078945;0,827686609
258;REGIONAL;20/09/2021;2021;38;RA Madeira;All;816;2141;1;2958;187254;199990;110;387354;4866;204015;208881;0,745853581;0,019381821;0,812614514;0,831996336
259;REGIONAL;27/09/2021;2021;39;RA Madeira;All;788;1360;7;2155;188042;201350;117;389509;4167;205540;209707;0,748992273;0,016597626;0,81868876;0,835286386
260;REGIONAL;04/10/2021;2021;40;RA Madeira;All;641;868;117;1626;188683;202218;234;391135;3820;206562;210382;0,751545447;0,015215486;0,8227595;0,837974986
261;REGIONAL;11/10/2021;2021;41;RA Madeira;All;627;710;6;1343;189310;202928;240;392478;3644;207384;211028;0,754042858;0,014514459;0,826033617;0,840548076
262;REGIONAL;18/10/2021;2021;42;RA Madeira;All;603;704;2;1309;189913;203632;242;393787;3481;208158;211639;0,756444675;0,013865212;0,829116546;0,842981757
263;REGIONAL;25/10/2021;2021;43;RA Madeira;All;257;309;0;566;190170;203941;242;394353;3389;208508;211897;0,757468334;0,013498765;0,830510635;0,8440094
264;REGIONAL;01/11/2021;2021;44;RA Madeira;All;15;20;0;35;190185;203961;242;394388;3378;208534;211912;0,757528081;0,013454951;0,830614196;0,844069147
265;REGIONAL;04/01/2021;2021;1;RA Acores;All;3683;3;1;3687;5727;3;3;5733;5724;3;5727;0,02419958;0,024186903;1,27E-05;0,02419958
266;REGIONAL;11/01/2021;2021;2;RA Acores;All;28;3;0;31;5755;6;3;5764;5749;6;5755;0,024317895;0,024292542;2,54E-05;0,024317895
267;REGIONAL;18/01/2021;2021;3;RA Acores;All;81;1987;2;2070;5836;1993;5;7834;3843;1993;5836;0,024660162;0,016238691;0,008421471;0,024660162
268;REGIONAL;25/01/2021;2021;4;RA Acores;All;315;3622;3;3940;6151;5615;8;11774;536;5615;6151;0,025991202;0,002264881;0,023726321;0,025991202
269;REGIONAL;01/02/2021;2021;5;RA Acores;All;1895;34;1;1930;8046;5649;9;13704;2397;5649;8046;0,033998572;0,010128583;0,023869989;0,033998572
270;REGIONAL;08/02/2021;2021;6;RA Acores;All;1070;55;1;1126;9116;5704;10;14830;3412;5704;9116;0,038519883;0,01441749;0,024102393;0,038519883
271;REGIONAL;15/02/2021;2021;7;RA Acores;All;2095;370;1;2466;11211;6074;11;17296;5137;6074;11211;0,047372357;0,02170652;0,025665837;0,047372357
272;REGIONAL;22/02/2021;2021;8;RA Acores;All;1504;1645;3;3152;12715;7719;14;20448;4995;7720;12715;0,053727547;0,021106496;0,032621051;0,053727547
273;REGIONAL;01/03/2021;2021;9;RA Acores;All;791;1213;4;2008;13506;8932;18;22456;4573;8933;13506;0,057069937;0,019323324;0,037746612;0,057069937
274;REGIONAL;08/03/2021;2021;10;RA Acores;All;2778;2077;2;4857;16284;11009;20;27313;5266;11019;16285;0,068808444;0,022251613;0,046561057;0,06881267
275;REGIONAL;15/03/2021;2021;11;RA Acores;All;2553;1464;4;4021;18837;12473;24;31334;6350;12489;18839;0,079596209;0,026832082;0,052772578;0,07960466
276;REGIONAL;22/03/2021;2021;12;RA Acores;All;4174;754;4;4932;23011;13227;28;36266;9761;13252;23013;0,097233549;0,041245347;0,055996653;0,097242
277;REGIONAL;29/03/2021;2021;13;RA Acores;All;2236;784;2;3022;25247;14011;30;39288;11210;14040;25250;0,106681822;0,047368132;0,059326367;0,106694499
278;REGIONAL;05/04/2021;2021;14;RA Acores;All;3906;2389;5;6300;29153;16400;35;45588;12712;16450;29162;0,123186722;0,05371487;0,069509881;0,123224751
279;REGIONAL;12/04/2021;2021;15;RA Acores;All;4253;2413;8;6674;33406;18813;43;52262;14538;18879;33417;0,141157878;0,061430678;0,079773681;0,141204359
280;REGIONAL;19/04/2021;2021;16;RA Acores;All;7929;1074;13;9016;41335;19887;56;61278;21336;20010;41346;0,174662064;0,090155795;0,084552749;0,174708544
281;REGIONAL;26/04/2021;2021;17;RA Acores;All;9315;3003;8;12326;50650;22890;64;73604;27608;23076;50684;0,214022826;0,116658286;0,097508208;0,214166494
282;REGIONAL;03/05/2021;2021;18;RA Acores;All;9739;2962;11;12712;60389;25852;75;86316;34365;26092;60457;0,255175211;0,145210156;0,110252391;0,255462547
283;REGIONAL;10/05/2021;2021;19;RA Acores;All;9459;2439;10;11908;69848;28291;85;98224;41357;28562;69919;0,29514445;0,174755025;0,120689437;0,295444462
284;REGIONAL;17/05/2021;2021;20;RA Acores;All;12107;5189;10;17306;81955;33480;95;115530;48240;33793;82033;0,346302877;0,203839312;0,142793156;0,346632468
285;REGIONAL;24/05/2021;2021;21;RA Acores;All;5620;8206;77;13903;87575;41686;172;129433;45646;42021;87667;0,370050326;0,192878301;0,177560774;0,370439074
286;REGIONAL;31/05/2021;2021;22;RA Acores;All;5522;10522;23;16067;93097;52208;195;145500;40681;52577;93258;0,393383673;0,171898571;0,222165412;0,394063983
287;REGIONAL;07/06/2021;2021;23;RA Acores;All;7886;12254;34;20174;100983;64462;229;165674;36286;64884;101170;0,426706161;0,153327389;0,274168945;0,427496334
288;REGIONAL;14/06/2021;2021;24;RA Acores;All;9293;7915;38;17246;110276;72377;267;182920;38100;72867;110967;0,465973962;0,160992491;0,307901309;0,4688938
289;REGIONAL;21/06/2021;2021;25;RA Acores;All;7571;10361;47;17979;117847;82738;314;200899;38064;83320;121384;0,49796541;0,160840372;0,352070718;0,512911091
290;REGIONAL;28/06/2021;2021;26;RA Acores;All;6755;12559;127;19441;124602;95297;441;220340;33687;96006;129693;0,526508829;0,142345251;0,405675725;0,548020976
291;REGIONAL;05/07/2021;2021;27;RA Acores;All;6236;16370;47;22653;130838;111667;488;242993;25325;112533;137858;0,552859201;0,107011413;0,475510972;0,582522385
292;REGIONAL;12/07/2021;2021;28;RA Acores;All;2984;11967;41;14992;133822;123634;529;257985;17971;124605;142576;0,565468167;0,075936904;0,526521506;0,60245841
293;REGIONAL;19/07/2021;2021;29;RA Acores;All;5716;9080;33;14829;139538;132714;562;272814;16288;133892;150180;0,589621266;0,068825346;0,565763954;0,6345893
294;REGIONAL;26/07/2021;2021;30;RA Acores;All;7015;9052;28;16095;146553;141766;590;288909;16680;143307;159987;0,619263322;0,070481752;0,605547269;0,676029021
295;REGIONAL;02/08/2021;2021;31;RA Acores;All;9646;6736;25;16407;156199;148502;615;305316;22962;150372;173334;0,660022733;0,097026498;0,635400601;0,732427099
296;REGIONAL;09/08/2021;2021;32;RA Acores;All;5064;6658;32;11754;161263;155160;647;317070;22730;157295;180025;0,68142079;0,096046177;0,664653908;0,760700085
297;REGIONAL;16/08/2021;2021;33;RA Acores;All;2392;7433;35;9860;163655;162593;682;326930;18367;164857;183224;0,691528246;0,077610212;0,696607326;0,774217538
298;REGIONAL;23/08/2021;2021;34;RA Acores;All;5742;9393;14;15149;169397;171986;696;342079;15023;174375;189398;0,715791208;0,063480058;0,73682587;0,800305928
299;REGIONAL;30/08/2021;2021;35;RA Acores;All;3155;5564;13;8732;172552;177550;709;350811;12751;180035;192786;0,729122739;0,053879666;0,76074234;0,814622006
300;REGIONAL;06/09/2021;2021;36;RA Acores;All;2098;2919;15;5032;174650;180469;724;355843;11412;183707;195119;0,73798789;0,048221688;0,776258467;0,824480155
301;REGIONAL;13/09/2021;2021;37;RA Acores;All;872;5327;31;6230;175522;185796;755;362073;6749;189348;196097;0,741672547;0,028518066;0,800094652;0,828612718
302;REGIONAL;20/09/2021;2021;38;RA Acores;All;782;3388;20;4190;176304;189184;775;366263;4068;192906;196974;0,744976908;0,017189434;0,815129069;0,832318503
303;REGIONAL;27/09/2021;2021;39;RA Acores;All;534;1611;29;2174;176838;190795;804;368437;3000;194660;197660;0,747233338;0,012676574;0,822540639;0,835217213
304;REGIONAL;04/10/2021;2021;40;RA Acores;All;411;719;20;1150;177249;191514;824;369587;2640;195511;198151;0,748970028;0,011155385;0,826136561;0,837291946
305;REGIONAL;11/10/2021;2021;41;RA Acores;All;395;748;0;1143;177644;192262;824;370730;2259;196378;198637;0,750639111;0,00954546;0,82980009;0,839345551
306;REGIONAL;18/10/2021;2021;42;RA Acores;All;285;455;0;740;177929;192717;824;371470;2055;196917;198972;0,751843385;0,008683453;0,832077648;0,840761102
307;REGIONAL;25/10/2021;2021;43;RA Acores;All;236;359;1;596;178165;193076;825;372066;1904;197348;199252;0,752840609;0,008045399;0,833898849;0,841944248
308;REGIONAL;01/11/2021;2021;44;RA Acores;All;198;296;0;494;178363;193372;825;372560;1780;197700;199480;0,753677263;0,007521434;0,835386234;0,842907668
309;REGIONAL;04/01/2021;2021;1;Outro;All;0;0;0;0;0;0;0;0;0;0;0;NA;NA;NA;NA
310;REGIONAL;11/01/2021;2021;2;Outro;All;0;0;0;0;0;0;0;0;0;0;0;NA;NA;NA;NA
311;REGIONAL;18/01/2021;2021;3;Outro;All;0;0;0;0;0;0;0;0;0;0;0;NA;NA;NA;NA
312;REGIONAL;25/01/2021;2021;4;Outro;All;0;0;0;0;0;0;0;0;0;0;0;NA;NA;NA;NA
313;REGIONAL;01/02/2021;2021;5;Outro;All;0;0;0;0;0;0;0;0;0;0;0;NA;NA;NA;NA
314;REGIONAL;08/02/2021;2021;6;Outro;All;0;0;0;0;0;0;0;0;0;0;0;NA;NA;NA;NA
315;REGIONAL;15/02/2021;2021;7;Outro;All;0;0;0;0;0;0;0;0;0;0;0;NA;NA;NA;NA
316;REGIONAL;22/02/2021;2021;8;Outro;All;0;0;0;0;0;0;0;0;0;0;0;NA;NA;NA;NA
317;REGIONAL;01/03/2021;2021;9;Outro;All;0;0;0;0;0;0;0;0;0;0;0;NA;NA;NA;NA
318;REGIONAL;08/03/2021;2021;10;Outro;All;0;0;0;0;0;0;0;0;0;0;0;NA;NA;NA;NA
319;REGIONAL;15/03/2021;2021;11;Outro;All;0;0;0;0;0;0;0;0;0;0;0;NA;NA;NA;NA
320;REGIONAL;22/03/2021;2021;12;Outro;All;0;0;0;0;0;0;0;0;0;0;0;NA;NA;NA;NA
321;REGIONAL;29/03/2021;2021;13;Outro;All;0;0;0;0;0;0;0;0;0;0;0;NA;NA;NA;NA
322;REGIONAL;05/04/2021;2021;14;Outro;All;0;0;0;0;0;0;0;0;0;0;0;NA;NA;NA;NA
323;REGIONAL;12/04/2021;2021;15;Outro;All;0;0;0;0;0;0;0;0;0;0;0;NA;NA;NA;NA
324;REGIONAL;19/04/2021;2021;16;Outro;All;0;0;0;0;0;0;0;0;0;0;0;NA;NA;NA;NA
325;REGIONAL;26/04/2021;2021;17;Outro;All;0;0;0;0;0;0;0;0;0;0;0;NA;NA;NA;NA
326;REGIONAL;03/05/2021;2021;18;Outro;All;0;0;0;0;0;0;0;0;0;0;0;NA;NA;NA;NA
327;REGIONAL;10/05/2021;2021;19;Outro;All;0;0;0;0;0;0;0;0;0;0;0;NA;NA;NA;NA
328;REGIONAL;17/05/2021;2021;20;Outro;All;0;0;0;0;0;0;0;0;0;0;0;NA;NA;NA;NA
329;REGIONAL;24/05/2021;2021;21;Outro;All;0;0;0;0;0;0;0;0;0;0;0;NA;NA;NA;NA
330;REGIONAL;31/05/2021;2021;22;Outro;All;0;0;0;0;0;0;0;0;0;0;0;NA;NA;NA;NA
331;REGIONAL;07/06/2021;2021;23;Outro;All;0;0;0;0;0;0;0;0;0;0;0;NA;NA;NA;NA
332;REGIONAL;14/06/2021;2021;24;Outro;All;0;0;0;0;0;0;0;0;0;0;0;NA;NA;NA;NA
333;REGIONAL;21/06/2021;2021;25;Outro;All;0;0;0;0;0;0;0;0;0;0;0;NA;NA;NA;NA
334;REGIONAL;28/06/2021;2021;26;Outro;All;0;0;0;0;0;0;0;0;0;0;0;NA;NA;NA;NA
335;REGIONAL;05/07/2021;2021;27;Outro;All;0;0;0;0;0;0;0;0;0;0;0;NA;NA;NA;NA
336;REGIONAL;12/07/2021;2021;28;Outro;All;0;0;0;0;0;0;0;0;0;0;0;NA;NA;NA;NA
337;REGIONAL;19/07/2021;2021;29;Outro;All;0;0;0;0;0;0;0;0;0;0;0;NA;NA;NA;NA
338;REGIONAL;26/07/2021;2021;30;Outro;All;0;0;0;0;0;0;0;0;0;0;0;NA;NA;NA;NA
339;REGIONAL;02/08/2021;2021;31;Outro;All;0;0;0;0;0;0;0;0;0;0;0;NA;NA;NA;NA
340;REGIONAL;09/08/2021;2021;32;Outro;All;0;0;0;0;0;0;0;0;0;0;0;NA;NA;NA;NA
341;REGIONAL;16/08/2021;2021;33;Outro;All;0;0;0;0;0;0;0;0;0;0;0;NA;NA;NA;NA
342;REGIONAL;23/08/2021;2021;34;Outro;All;0;0;0;0;0;0;0;0;0;0;0;NA;NA;NA;NA
343;REGIONAL;30/08/2021;2021;35;Outro;All;0;0;0;0;0;0;0;0;0;0;0;NA;NA;NA;NA
344;REGIONAL;06/09/2021;2021;36;Outro;All;0;0;0;0;0;0;0;0;0;0;0;NA;NA;NA;NA
345;REGIONAL;13/09/2021;2021;37;Outro;All;0;0;0;0;0;0;0;0;0;0;0;NA;NA;NA;NA
346;REGIONAL;20/09/2021;2021;38;Outro;All;0;0;0;0;0;0;0;0;0;0;0;NA;NA;NA;NA
347;REGIONAL;27/09/2021;2021;39;Outro;All;0;0;0;0;0;0;0;0;0;0;0;NA;NA;NA;NA
348;REGIONAL;04/10/2021;2021;40;Outro;All;0;0;0;0;0;0;0;0;0;0;0;NA;NA;NA;NA
349;REGIONAL;11/10/2021;2021;41;Outro;All;0;0;0;0;0;0;0;0;0;0;0;NA;NA;NA;NA
350;REGIONAL;18/10/2021;2021;42;Outro;All;0;0;0;0;0;0;0;0;0;0;0;NA;NA;NA;NA
351;REGIONAL;25/10/2021;2021;43;Outro;All;0;0;0;0;0;0;0;0;0;0;0;NA;NA;NA;NA
352;REGIONAL;01/11/2021;2021;44;Outro;All;0;0;0;0;0;0;0;0;0;0;0;NA;NA;NA;NA
353;AGES;04/01/2021;2021;1;All;12-17 anos;5;0;0;5;7;0;0;7;7;0;7;1,12E-05;1,12E-05;0;1,12E-05
354;AGES;11/01/2021;2021;2;All;12-17 anos;16;0;0;16;23;0;0;23;23;0;23;3,69E-05;3,69E-05;0;3,69E-05
355;AGES;18/01/2021;2021;3;All;12-17 anos;70;1;0;71;93;1;0;94;92;1;93;0,0001494;0,000147794;1,61E-06;0,0001494
356;AGES;25/01/2021;2021;4;All;12-17 anos;16;3;0;19;109;4;0;113;105;4;109;0,000175103;0,000168678;6,43E-06;0,000175103
357;AGES;01/02/2021;2021;5;All;12-17 anos;35;4;0;39;144;8;0;152;136;8;144;0,000231329;0,000218478;1,29E-05;0,000231329
358;AGES;08/02/2021;2021;6;All;12-17 anos;38;66;0;104;182;74;0;256;108;74;182;0,000292375;0,000173497;0,000118878;0,000292375
359;AGES;15/02/2021;2021;7;All;12-17 anos;32;16;0;48;214;90;0;304;124;90;214;0,000343781;0,0001992;0,000144581;0,000343781
360;AGES;22/02/2021;2021;8;All;12-17 anos;24;33;0;57;238;123;0;361;115;123;238;0,000382336;0,000184742;0,000197594;0,000382336
361;AGES;01/03/2021;2021;9;All;12-17 anos;13;30;0;43;251;153;0;404;98;153;251;0,00040322;0,000157433;0,000245787;0,00040322
362;AGES;08/03/2021;2021;10;All;12-17 anos;20;25;0;45;271;178;0;449;92;179;271;0,000435349;0,000147794;0,000287555;0,000435349
363;AGES;15/03/2021;2021;11;All;12-17 anos;6;23;0;29;277;201;0;478;75;202;277;0,000444988;0,000120484;0,000324504;0,000444988
364;AGES;22/03/2021;2021;12;All;12-17 anos;33;11;0;44;310;212;0;522;97;213;310;0,000498001;0,000155826;0,000342175;0,000498001
365;AGES;29/03/2021;2021;13;All;12-17 anos;16;14;0;30;326;226;0;552;99;227;326;0,000523704;0,000159039;0,000364665;0,000523704
366;AGES;05/04/2021;2021;14;All;12-17 anos;34;6;0;40;360;232;0;592;127;233;360;0,000578323;0,00020402;0,000374304;0,000578323
367;AGES;12/04/2021;2021;15;All;12-17 anos;48;11;0;59;408;243;0;651;164;244;408;0,000655433;0,000263458;0,000391975;0,000655433
368;AGES;19/04/2021;2021;16;All;12-17 anos;31;14;0;45;439;257;0;696;179;260;439;0,000705233;0,000287555;0,000417678;0,000705233
369;AGES;26/04/2021;2021;17;All;12-17 anos;51;29;0;80;490;286;0;776;200;290;490;0,000787163;0,000321291;0,000465872;0,000787163
370;AGES;03/05/2021;2021;18;All;12-17 anos;112;16;0;128;602;302;0;904;295;307;602;0,000967085;0,000473904;0,000493181;0,000967085
371;AGES;10/05/2021;2021;19;All;12-17 anos;175;47;0;222;777;349;0;1126;423;354;777;0,001248215;0,00067953;0,000568685;0,001248215
372;AGES;17/05/2021;2021;20;All;12-17 anos;318;27;0;345;1095;376;0;1471;714;381;1095;0,001759067;0,001147008;0,000612059;0,001759067
373;AGES;24/05/2021;2021;21;All;12-17 anos;307;40;0;347;1402;416;0;1818;975;427;1402;0,002252249;0,001566293;0,000685956;0,002252249
374;AGES;31/05/2021;2021;22;All;12-17 anos;281;121;0;402;1683;537;0;2220;1123;560;1683;0,002703662;0,001804048;0,000899614;0,002703662
375;AGES;07/06/2021;2021;23;All;12-17 anos;405;171;0;576;2088;708;0;2796;1352;737;2089;0,003354276;0,002171926;0,001183957;0,003355883
376;AGES;14/06/2021;2021;24;All;12-17 anos;589;337;0;926;2677;1045;0;3722;1601;1079;2680;0,004300478;0,002571933;0,001733364;0,004305297
377;AGES;21/06/2021;2021;25;All;12-17 anos;415;298;1;714;3092;1343;1;4436;1714;1388;3102;0,004967156;0,002753462;0,002229758;0,004983221
378;AGES;28/06/2021;2021;26;All;12-17 anos;239;286;0;525;3331;1629;1;4961;1662;1679;3341;0,005351099;0,002669927;0,002697236;0,005367163
379;AGES;05/07/2021;2021;27;All;12-17 anos;444;669;1;1114;3775;2298;2;6075;1427;2359;3786;0,006064364;0,00229241;0,003789625;0,006082035
380;AGES;12/07/2021;2021;28;All;12-17 anos;281;322;1;604;4056;2620;3;6679;1382;2701;4083;0,006515778;0,00222012;0,004339032;0,006559152
381;AGES;19/07/2021;2021;29;All;12-17 anos;275;284;2;561;4331;2904;5;7240;1362;3007;4369;0,006957553;0,00218799;0,004830607;0,007018598
382;AGES;26/07/2021;2021;30;All;12-17 anos;1634;399;0;2033;5965;3303;5;9273;2559;3453;6012;0,009582499;0,004110916;0,005547086;0,009658002
383;AGES;02/08/2021;2021;31;All;12-17 anos;4636;218;1;4855;10601;3521;6;14128;6845;3833;10678;0,01703002;0,010996178;0,006157539;0,017153717
384;AGES;09/08/2021;2021;32;All;12-17 anos;142704;426;2;143132;153305;3947;8;157260;137976;15532;153508;0,246277444;0,22165211;0,024951445;0,246603554
385;AGES;16/08/2021;2021;33;All;12-17 anos;177945;1589;1;179535;331250;5536;9;336795;302135;29384;331519;0,532137917;0,485366006;0,047204047;0,532570053
386;AGES;23/08/2021;2021;34;All;12-17 anos;132445;3948;4;136397;463695;9484;13;473192;421816;42172;463988;0,744904729;0,677628038;0,067747382;0,74537542
387;AGES;30/08/2021;2021;35;All;12-17 anos;42150;110139;14;152303;505845;119623;27;625495;349136;157010;506146;0,812616769;0,560870955;0,252229357;0,813100312
388;AGES;06/09/2021;2021;36;All;12-17 anos;20563;162778;15;183356;526408;282401;42;808851;205098;321614;526712;0,845650285;0,329480521;0,516658126;0,846138647
389;AGES;13/09/2021;2021;37;All;12-17 anos;12841;126944;33;139818;539249;409345;75;948669;89745;449809;539554;0,866278762;0,144171222;0,722597508;0,86676873
390;AGES;20/09/2021;2021;38;All;12-17 anos;5669;41694;16;47379;544918;451039;91;996048;52775;492449;545224;0,87538575;0,084780615;0,79109671;0,875877325
391;AGES;27/09/2021;2021;39;All;12-17 anos;3259;17233;15;20507;548177;468272;106;1016555;38008;510477;548485;0,880621184;0,061058107;0,820057864;0,881115972
392;AGES;04/10/2021;2021;40;All;12-17 anos;2324;10966;5;13295;550501;479238;111;1029850;28961;521849;550810;0,884354583;0,046524517;0,83832646;0,884850977
393;AGES;11/10/2021;2021;41;All;12-17 anos;2596;6745;0;9341;553097;485983;111;1039191;24325;529082;553407;0,888524938;0,039076996;0,849945943;0,889022939
394;AGES;18/10/2021;2021;42;All;12-17 anos;2060;4124;0;6184;555157;490107;111;1045375;21765;533702;555467;0,891834233;0,034964473;0,857367761;0,892332234
395;AGES;25/10/2021;2021;43;All;12-17 anos;2058;2641;0;4699;557215;492748;111;1050074;20631;536894;557525;0,895140316;0,033142754;0,862495562;0,895638317
396;AGES;01/11/2021;2021;44;All;12-17 anos;1684;2144;0;3828;558899;494892;111;1053902;19691;539518;559209;0,897845584;0,031632687;0,866710898;0,898343585
397;AGES;04/01/2021;2021;1;All;18-24 anos;1854;4;0;1858;3225;5;0;3230;3219;6;3225;0,004128396;0,004120716;7,68E-06;0,004128396
398;AGES;11/01/2021;2021;2;All;18-24 anos;1451;59;0;1510;4676;64;0;4740;4612;66;4678;0,005985855;0,005903927;8,45E-05;0,005988415
399;AGES;18/01/2021;2021;3;All;18-24 anos;3875;1202;0;5077;8551;1266;0;9817;7283;1271;8554;0,010946331;0,009323135;0,001627036;0,010950171
400;AGES;25/01/2021;2021;4;All;18-24 anos;1403;1648;1;3052;9954;2914;1;12869;7039;2920;9959;0,012742343;0,009010785;0,003737959;0,012748744
401;AGES;01/02/2021;2021;5;All;18-24 anos;1002;947;0;1949;10956;3861;1;14818;7093;3869;10962;0,014025026;0,009079912;0,004952795;0,014032707
402;AGES;08/02/2021;2021;6;All;18-24 anos;1488;3078;0;4566;12444;6939;1;19384;5491;6959;12450;0,015929849;0,007029155;0,008908375;0,01593753
403;AGES;15/02/2021;2021;7;All;18-24 anos;2333;1752;1;4086;14777;8691;2;23470;6033;8750;14783;0,018916376;0,007722981;0,011201075;0,018924057
404;AGES;22/02/2021;2021;8;All;18-24 anos;1343;708;0;2051;16120;9399;2;25521;6639;9487;16126;0,020635581;0,008498736;0,012144526;0,020643262
405;AGES;01/03/2021;2021;9;All;18-24 anos;961;1050;1;2012;17081;10449;3;27533;6528;10561;17089;0,021865779;0,008356642;0,013519378;0,02187602
406;AGES;08/03/2021;2021;10;All;18-24 anos;1400;649;1;2050;18481;11098;4;29583;7270;11222;18492;0,023657951;0,009306493;0,014365539;0,023672033
407;AGES;15/03/2021;2021;11;All;18-24 anos;289;404;1;694;18770;11502;5;30277;7155;11628;18783;0,024027907;0,009159279;0,014885269;0,024044548
408;AGES;22/03/2021;2021;12;All;18-24 anos;3314;183;0;3497;22084;11685;5;33774;10271;11827;22098;0,028270234;0,013148142;0,015140013;0,028288156
409;AGES;29/03/2021;2021;13;All;18-24 anos;701;109;0;810;22785;11794;5;34584;10851;11951;22802;0,0291676;0,013890613;0,015298749;0,029189362
410;AGES;05/04/2021;2021;14;All;18-24 anos;814;199;0;1013;23599;11993;5;35597;11473;12158;23631;0,03020962;0,01468685;0,015563734;0,030250584
411;AGES;12/04/2021;2021;15;All;18-24 anos;4315;115;0;4430;27914;12108;5;40027;15660;12293;27953;0,03573335;0,020046724;0,015736551;0,035783275
412;AGES;19/04/2021;2021;16;All;18-24 anos;1318;115;0;1433;29232;12223;5;41460;16822;12449;29271;0,037420552;0,021534227;0,01593625;0,037470477
413;AGES;26/04/2021;2021;17;All;18-24 anos;2689;188;0;2877;31921;12411;5;44337;19322;12668;31990;0,040862803;0,024734535;0,016216597;0,040951131
414;AGES;03/05/2021;2021;18;All;18-24 anos;1856;852;0;2708;33777;13263;5;47045;20342;13555;33897;0,043238711;0,02604026;0,017352066;0,043392326
415;AGES;10/05/2021;2021;19;All;18-24 anos;2272;5433;1;7706;36049;18696;6;54751;17161;19023;36184;0,04614715;0,021968189;0,024351778;0,046319967
416;AGES;17/05/2021;2021;20;All;18-24 anos;2124;2489;0;4613;38173;21185;6;59364;16730;21583;38313;0,048866131;0,021416456;0,027628892;0,049045348
417;AGES;24/05/2021;2021;21;All;18-24 anos;2294;3313;1;5608;40467;24498;7;64972;15514;25116;40630;0,051802733;0,019859827;0,032151567;0,052011393
418;AGES;31/05/2021;2021;22;All;18-24 anos;2400;2716;1;5117;42867;27214;8;70089;14949;28092;43041;0,054875028;0,019136557;0,035961212;0,055097769
419;AGES;07/06/2021;2021;23;All;18-24 anos;2898;2954;1;5853;45765;30168;9;75942;14707;31268;45975;0,058584824;0,018826767;0,040026883;0,05885365
420;AGES;14/06/2021;2021;24;All;18-24 anos;3126;4668;2;7796;48891;34836;11;83738;13181;36201;49382;0,062586488;0,0168733;0,046341729;0,063215029
421;AGES;21/06/2021;2021;25;All;18-24 anos;2955;3063;2;6020;51846;37899;13;89758;13255;39611;52866;0,066369251;0,016968029;0,050706948;0,067674977
422;AGES;28/06/2021;2021;26;All;18-24 anos;2151;3119;7;5277;53997;41018;20;95035;12549;42970;55519;0,069122796;0,016064262;0,055006881;0,071071143
423;AGES;05/07/2021;2021;27;All;18-24 anos;11939;5125;13;17077;65936;46143;33;112112;20064;49037;69101;0,084406183;0,025684386;0,062773386;0,088457772
424;AGES;12/07/2021;2021;28;All;18-24 anos;14205;7904;3;22112;80141;54047;36;134224;31282;58178;89460;0,102590329;0,040044804;0,07447499;0,114519794
425;AGES;19/07/2021;2021;29;All;18-24 anos;19539;19699;2;39240;99680;73746;38;173464;46410;79937;126347;0,12760265;0,059410503;0,102329184;0,161739687
426;AGES;26/07/2021;2021;30;All;18-24 anos;21053;22642;15;43710;120733;96388;53;217174;62012;104841;166853;0,154553077;0,079382981;0,134209364;0,213592345
427;AGES;02/08/2021;2021;31;All;18-24 anos;54016;56538;5;110559;174749;152926;58;327733;101915;167045;268960;0,223700195;0,130463725;0,213838128;0,344301853
428;AGES;09/08/2021;2021;32;All;18-24 anos;87854;82667;7;170528;262603;235593;65;498261;165973;261006;426979;0,336164112;0,212465837;0,334119755;0,546585592
429;AGES;16/08/2021;2021;33;All;18-24 anos;94423;74489;15;168927;357026;310082;80;667188;230145;347414;577559;0,457037156;0,294613883;0,444732614;0,739346497
430;AGES;23/08/2021;2021;34;All;18-24 anos;56409;43849;7;100265;413435;353931;87;767453;250417;397871;648288;0,529247608;0,320564534;0,509323775;0,829888309
431;AGES;30/08/2021;2021;35;All;18-24 anos;22724;100568;7;123299;436159;454499;94;890752;171818;502818;674636;0,55833712;0,219948155;0,643668832;0,863616987
432;AGES;06/09/2021;2021;36;All;18-24 anos;12971;78557;17;91545;449130;533056;111;982297;105078;583427;688505;0,574941594;0,134512753;0,746858258;0,881371012
433;AGES;13/09/2021;2021;37;All;18-24 anos;9131;52641;7;61779;458261;585697;118;1044076;60737;637483;698220;0,586630397;0,077750824;0,816056581;0,893807406
434;AGES;20/09/2021;2021;38;All;18-24 anos;7178;18703;6;25887;465439;604400;124;1069963;48123;657641;705764;0,595819119;0,061603354;0,841861299;0,903464653
435;AGES;27/09/2021;2021;39;All;18-24 anos;5026;11455;7;16488;470465;615855;131;1086451;40603;670489;711092;0,602253016;0,05197683;0,858308318;0,910285147
436;AGES;04/10/2021;2021;40;All;18-24 anos;2975;9418;17;12410;473440;625273;148;1098861;33869;680646;714515;0,606061382;0,043356482;0,871310526;0,914667008
437;AGES;11/10/2021;2021;41;All;18-24 anos;4156;7704;1;11861;477596;632977;149;1110722;29208;689490;718698;0,611381573;0,037389829;0,882631933;0,920021762
438;AGES;18/10/2021;2021;42;All;18-24 anos;2940;6073;0;9013;480536;639050;149;1119735;25077;696590;721667;0,615145134;0,032101642;0,891720805;0,923822447
439;AGES;25/10/2021;2021;43;All;18-24 anos;2910;3410;2;6322;483446;642460;151;1126057;23389;701200;724589;0,618870292;0,029940794;0,897622172;0,927562966
440;AGES;01/11/2021;2021;44;All;18-24 anos;2049;2476;0;4525;485495;644936;151;1130582;22029;704611;726640;0,621493263;0,028199827;0,901988671;0,930188498
441;AGES;04/01/2021;2021;1;All;25-49 anos;28065;87;0;28152;52183;98;1;52282;52089;101;52190;0,015663228;0,015635013;3,03E-05;0,015665329
442;AGES;11/01/2021;2021;2;All;25-49 anos;16939;819;0;17758;69122;917;1;70040;68198;931;69129;0,020747632;0,020470284;0,000279449;0,020749733
443;AGES;18/01/2021;2021;3;All;25-49 anos;37905;21840;2;59747;107027;22757;3;129787;84224;22811;107035;0,032125181;0,025280642;0,006846941;0,032127582
444;AGES;25/01/2021;2021;4;All;25-49 anos;15890;26315;7;42212;122917;49072;10;171999;73778;49147;122925;0,036894717;0,022145175;0,014751944;0,036897118
445;AGES;01/02/2021;2021;5;All;25-49 anos;10183;12602;2;22787;133100;61674;12;194786;71356;61758;133114;0,039951242;0,021418188;0,018537256;0,039955444
446;AGES;08/02/2021;2021;6;All;25-49 anos;13960;30983;5;44948;147060;92657;17;239734;54222;92853;147075;0,04414147;0,016275254;0,027870719;0,044145972
447;AGES;15/02/2021;2021;7;All;25-49 anos;22506;19106;6;41618;169566;111763;23;281352;57290;112292;169582;0,050896862;0,017196143;0,033705521;0,050901664
448;AGES;22/02/2021;2021;8;All;25-49 anos;11805;7398;0;19203;181371;119161;23;300555;61462;119925;181387;0,054440246;0,018448409;0,035996639;0,054445048
449;AGES;01/03/2021;2021;9;All;25-49 anos;7775;10092;6;17873;189146;129253;29;318428;58973;130200;189173;0,056773987;0,017701312;0,039080779;0,056782091
450;AGES;08/03/2021;2021;10;All;25-49 anos;16625;6375;2;23002;205771;135628;31;341430;69092;136727;205819;0,06176414;0,020738627;0,041039921;0,061778548
451;AGES;15/03/2021;2021;11;All;25-49 anos;4840;3435;4;8279;210611;139063;35;349709;70467;140203;210670;0,063216912;0,021151346;0,042083276;0,063234622
452;AGES;22/03/2021;2021;12;All;25-49 anos;42602;1853;1;44456;253213;140916;36;394165;111047;142236;253283;0,076004311;0,033331823;0,0426935;0,076025323
453;AGES;29/03/2021;2021;13;All;25-49 anos;4859;1330;1;6190;258072;142246;37;400355;114536;143635;258171;0,077462787;0,034379079;0,043113423;0,077492503
454;AGES;05/04/2021;2021;14;All;25-49 anos;9248;1474;1;10723;267320;143720;38;411078;122264;145223;267487;0,080238663;0,036698713;0,043590077;0,08028879
455;AGES;12/04/2021;2021;15;All;25-49 anos;89495;985;1;90481;356815;144705;39;501559;210642;146359;357001;0,107101446;0,063226217;0,043931058;0,107157276
456;AGES;19/04/2021;2021;16;All;25-49 anos;11383;987;2;12372;368198;145692;41;513931;220667;147722;368389;0,110518163;0,066235317;0,044340176;0,110575493
457;AGES;26/04/2021;2021;17;All;25-49 anos;11368;1129;2;12499;379566;146821;43;526430;230835;149006;379841;0,113930377;0,06928734;0,044725581;0,114012921
458;AGES;03/05/2021;2021;18;All;25-49 anos;10712;8294;2;19008;390278;155115;45;545438;233146;157511;390657;0,117145686;0,069981009;0,047278438;0,117259447
459;AGES;10/05/2021;2021;19;All;25-49 anos;25556;100699;8;126263;415834;255814;53;671701;157692;258629;416321;0,124816565;0,047332767;0,077629976;0,124962743
460;AGES;17/05/2021;2021;20;All;25-49 anos;33078;22265;8;55351;448912;278079;61;727052;167860;281680;449540;0,134745244;0,05038479;0,084548955;0,134933744
461;AGES;24/05/2021;2021;21;All;25-49 anos;26820;18657;6;45483;475732;296736;67;772535;174142;302500;476642;0,142795524;0,052270392;0,090798277;0,14306867
462;AGES;31/05/2021;2021;22;All;25-49 anos;43015;24213;13;67241;518747;320949;80;839776;190860;329209;520069;0,155706889;0,05728846;0,09881524;0,1561037
463;AGES;07/06/2021;2021;23;All;25-49 anos;128917;32416;19;161352;647664;353365;99;1001128;284143;366951;651094;0,194402564;0,085288248;0,110143863;0,195432111
464;AGES;14/06/2021;2021;24;All;25-49 anos;240837;85929;31;326797;888501;439294;130;1327925;446297;462947;909244;0,2666921;0,133960327;0,138957984;0,272918311
465;AGES;21/06/2021;2021;25;All;25-49 anos;273448;56828;28;330304;1161949;496122;158;1658229;674806;533571;1208377;0,348770141;0,202549496;0,160156455;0,362705951
466;AGES;28/06/2021;2021;26;All;25-49 anos;315869;62251;79;378199;1477818;558373;237;2036428;927646;613499;1541145;0,443581252;0,278441848;0,184147611;0,462589459
467;AGES;05/07/2021;2021;27;All;25-49 anos;369096;148118;17;517231;1846914;706491;254;2553659;1153228;785409;1938637;0,554368958;0,346152449;0,235748047;0,581900496
468;AGES;12/07/2021;2021;28;All;25-49 anos;208650;317350;67;526067;2055564;1023841;321;3079726;1118813;1124195;2243008;0,616997257;0,335822457;0,337437916;0,673260373
469;AGES;19/07/2021;2021;29;All;25-49 anos;104005;344395;48;448448;2159569;1368236;369;3528174;956390;1484604;2440994;0,648215356;0,287069635;0,445618135;0,73268777
470;AGES;26/07/2021;2021;30;All;25-49 anos;61767;354475;31;416273;2221336;1722711;400;3944447;712912;1853198;2566110;0,666755314;0,213987377;0,556255161;0,770242538
471;AGES;02/08/2021;2021;31;All;25-49 anos;53007;383800;43;436850;2274343;2106511;443;4381297;419538;2251557;2671095;0,682665873;0,125928356;0,675826437;0,801754793
472;AGES;09/08/2021;2021;32;All;25-49 anos;70799;237882;43;308724;2345142;2344393;486;4690021;292748;2508443;2801191;0,703916873;0,087871121;0,752933235;0,840804356
473;AGES;16/08/2021;2021;33;All;25-49 anos;78193;145664;35;223892;2423335;2490057;521;4913913;253215;2669856;2923071;0,727387252;0,076004912;0,801382895;0,877387807
474;AGES;23/08/2021;2021;34;All;25-49 anos;88391;79968;21;168380;2511726;2570025;542;5082293;265543;2766136;3031679;0,753918659;0,079705279;0,830282261;0,90998754
475;AGES;30/08/2021;2021;35;All;25-49 anos;46574;80605;22;127201;2558300;2650630;564;5209494;225631;2860093;3085724;0,767898292;0,06772531;0,858484356;0,926209666
476;AGES;06/09/2021;2021;36;All;25-49 anos;25155;63690;44;88889;2583455;2714320;608;5298383;182892;2929824;3112716;0,775448806;0,054896789;0,879414785;0,934311573
477;AGES;13/09/2021;2021;37;All;25-49 anos;18832;66819;44;85695;2602287;2781139;652;5384078;132476;3000710;3133186;0,781101412;0,039763942;0,900691898;0,94045584
478;AGES;20/09/2021;2021;38;All;25-49 anos;16677;32184;42;48903;2618964;2813323;694;5432981;113829;3037049;3150878;0,786107173;0,034166867;0,911599397;0,945766264
479;AGES;27/09/2021;2021;39;All;25-49 anos;11142;21265;47;32454;2630106;2834588;741;5465435;100753;3062150;3162903;0,789451551;0,03024198;0,919133703;0,949375683
480;AGES;04/10/2021;2021;40;All;25-49 anos;6297;17484;100;23881;2636403;2852072;841;5489316;89146;3081249;3170395;0,791341656;0,026758027;0,924866451;0,951624479
481;AGES;11/10/2021;2021;41;All;25-49 anos;8666;16278;4;24948;2645069;2868350;845;5514264;79452;3099711;3179163;0,793942839;0,02384828;0,930407998;0,954256278
482;AGES;18/10/2021;2021;42;All;25-49 anos;6472;13433;2;19907;2651541;2881783;847;5534171;70845;3114875;3185720;0,795885472;0,021264806;0,934959618;0,956224425
483;AGES;25/10/2021;2021;43;All;25-49 anos;6308;7903;0;14211;2657849;2889686;847;5548382;67418;3124652;3192070;0,797778879;0,02023616;0,937894278;0,958130438
484;AGES;01/11/2021;2021;44;All;25-49 anos;4545;6109;0;10654;2662394;2895795;847;5559036;64551;3132090;3196641;0,799143104;0,019375602;0,940126865;0,959502467
485;AGES;04/01/2021;2021;1;All;50-64 anos;13023;10;0;13033;22291;12;0;22303;22283;13;22296;0,010252596;0,010248917;5,98E-06;0,010254896
486;AGES;11/01/2021;2021;2;All;50-64 anos;11724;311;0;12035;34015;323;0;34338;33686;334;34020;0,015644972;0,01549365;0,000153621;0,015647271
487;AGES;18/01/2021;2021;3;All;50-64 anos;27490;8599;2;36091;61505;8922;2;70429;52555;8955;61510;0,028288813;0,024172321;0,004118792;0,028291113
488;AGES;25/01/2021;2021;4;All;50-64 anos;10824;12444;2;23270;72329;21366;4;93699;50924;21410;72334;0,033267239;0,023422153;0,009847386;0,033269539
489;AGES;01/02/2021;2021;5;All;50-64 anos;5600;9234;0;14834;77929;30600;4;108533;47286;30651;77937;0,035842922;0,021748879;0,014097722;0,035846602
490;AGES;08/02/2021;2021;6;All;50-64 anos;6930;22312;3;29245;84859;52912;7;137778;31848;53019;84867;0,039030329;0,014648274;0,024385734;0,039034009
491;AGES;15/02/2021;2021;7;All;50-64 anos;25183;12998;0;38181;110042;65910;7;175959;43917;66133;110050;0,050613081;0,02019933;0,030417431;0,050616761
492;AGES;22/02/2021;2021;8;All;50-64 anos;49921;4978;3;54902;159963;70888;10;230861;88687;71284;159971;0,073573911;0,040790992;0,032786599;0,073577591
493;AGES;01/03/2021;2021;9;All;50-64 anos;30285;6015;3;36303;190248;76903;13;267164;112875;77388;190263;0,087503294;0,051916101;0,035594093;0,087510193
494;AGES;08/03/2021;2021;10;All;50-64 anos;22510;4307;1;26818;212758;81210;14;293982;131018;81768;212786;0,097856618;0,060260852;0,037608644;0,097869497
495;AGES;15/03/2021;2021;11;All;50-64 anos;4877;2360;1;7238;217635;83570;15;301220;133532;84152;217684;0,100099762;0,06141715;0,038705149;0,100122299
496;AGES;22/03/2021;2021;12;All;50-64 anos;34787;1022;2;35811;252422;84592;17;337031;167155;85325;252480;0,11609981;0,076881824;0,039244663;0,116126486
497;AGES;29/03/2021;2021;13;All;50-64 anos;7912;839;0;8751;260334;85431;17;345782;174227;86188;260415;0,119738881;0,080134543;0,039641594;0,119776136
498;AGES;05/04/2021;2021;14;All;50-64 anos;15302;1018;1;16321;275636;86449;18;362103;188453;87310;275763;0,126776933;0,086677696;0,04015765;0,126835346
499;AGES;12/04/2021;2021;15;All;50-64 anos;88127;665;0;88792;363763;87114;18;450895;275832;88071;363903;0,167310357;0,126867082;0,040507667;0,167374749
500;AGES;19/04/2021;2021;16;All;50-64 anos;14587;1883;2;16472;378350;88997;20;467367;288287;90205;378492;0,17401955;0,132595676;0,041489186;0,174084862
501;AGES;26/04/2021;2021;17;All;50-64 anos;33103;3013;4;36120;411453;92010;24;503487;318503;93360;411863;0,189245054;0,146493323;0,042940307;0,18943363
502;AGES;03/05/2021;2021;18;All;50-64 anos;151665;14948;6;166619;563118;106958;30;670106;460520;108680;569200;0,259002355;0,211813092;0,049986639;0,261799731
503;AGES;10/05/2021;2021;19;All;50-64 anos;166839;110037;9;276885;729957;216995;39;946991;526409;219362;745771;0,335738837;0,242118296;0,100894084;0,34301238
504;AGES;17/05/2021;2021;20;All;50-64 anos;224883;76032;13;300928;954840;293027;52;1247919;690047;298867;988914;0,439172268;0,317382499;0,137461876;0,454844376
505;AGES;24/05/2021;2021;21;All;50-64 anos;175394;98773;71;274238;1130234;391800;123;1522157;801486;406982;1208468;0,519843564;0,368638122;0,187188647;0,555826769
506;AGES;31/05/2021;2021;22;All;50-64 anos;163819;169205;11;333035;1294053;561005;134;1855192;837854;584421;1422275;0,595191017;0,38536534;0,268800528;0,654165868
507;AGES;07/06/2021;2021;23;All;50-64 anos;210077;139620;30;349727;1504130;700625;164;2204919;920882;735067;1655949;0,691814527;0,423553513;0,338089147;0,76164266
508;AGES;14/06/2021;2021;24;All;50-64 anos;86446;231623;26;318095;1590576;932248;190;2523014;785586;973345;1758931;0,731574786;0,361325023;0,447683519;0,809008542
509;AGES;21/06/2021;2021;25;All;50-64 anos;86634;184276;35;270945;1677210;1116524;225;2793959;696101;1165596;1861697;0,771421515;0,320166996;0,536108079;0,856275076
510;AGES;28/06/2021;2021;26;All;50-64 anos;59440;179292;51;238783;1736650;1295816;276;3032742;575726;1352420;1928146;0,798760545;0,264801321;0,622036528;0,886837848
511;AGES;05/07/2021;2021;27;All;50-64 anos;41435;258577;33;300045;1778085;1554393;309;3332787;358174;1618440;1976614;0,817818296;0,164739734;0,744390646;0,909130381
512;AGES;12/07/2021;2021;28;All;50-64 anos;15437;134822;29;150288;1793522;1689215;338;3483075;243745;1759461;2003206;0,824918441;0,112108881;0,809252312;0,921361193
513;AGES;19/07/2021;2021;29;All;50-64 anos;10959;115237;21;126217;1804481;1804452;359;3609292;151295;1881374;2032669;0,829958959;0,069587123;0,86532538;0,934912503
514;AGES;26/07/2021;2021;30;All;50-64 anos;9871;87550;23;97444;1814352;1892002;382;3706736;83607;1975660;2059267;0,83449906;0,03845448;0,908691595;0,947146075
515;AGES;02/08/2021;2021;31;All;50-64 anos;8643;54085;15;62743;1822995;1946087;397;3769479;46644;2035883;2082527;0,83847435;0,021453596;0,93639076;0,957844356
516;AGES;09/08/2021;2021;32;All;50-64 anos;7388;24459;6;31853;1830383;1970546;403;3801332;35481;2065584;2101065;0,841872411;0,016319248;0,950051537;0,966370785
517;AGES;16/08/2021;2021;33;All;50-64 anos;7550;13107;14;20671;1837933;1983653;417;3822003;33244;2082922;2116166;0,845344983;0,015290355;0,958026034;0,973316389
518;AGES;23/08/2021;2021;34;All;50-64 anos;11309;8288;3;19600;1849242;1991941;420;3841603;36455;2095997;2132452;0,850546482;0,016767233;0,964039792;0,980807026
519;AGES;30/08/2021;2021;35;All;50-64 anos;12909;6153;11;19073;1862151;1998094;431;3860676;40892;2107571;2148463;0,85648389;0,018808002;0,969363176;0,988171178
520;AGES;06/09/2021;2021;36;All;50-64 anos;5598;4029;24;9651;1867749;2002123;455;3870327;40790;2113908;2154698;0,859058652;0,018761088;0,972277837;0,991038925
521;AGES;13/09/2021;2021;37;All;50-64 anos;3678;7376;35;11089;1871427;2009499;490;3881416;36365;2122482;2158847;0,860750324;0,016725838;0,976221391;0,992947229
522;AGES;20/09/2021;2021;38;All;50-64 anos;3266;6599;46;9911;1874693;2016098;536;3891327;32282;2130169;2162451;0,862252499;0,01484789;0,979756975;0,994604865
523;AGES;27/09/2021;2021;39;All;50-64 anos;2026;5019;40;7085;1876719;2021117;576;3898412;28829;2135879;2164708;0,863184344;0,013259706;0,982383251;0,995642957
524;AGES;04/10/2021;2021;40;All;50-64 anos;1025;3850;77;4952;1877744;2024967;653;3903364;26027;2140008;2166035;0,863655786;0,011970944;0,984282357;0,996253302
525;AGES;11/10/2021;2021;41;All;50-64 anos;1336;3415;1;4752;1879080;2028382;654;3908116;23708;2143709;2167417;0,86427027;0,010904336;0,985984608;0,996888943
526;AGES;18/10/2021;2021;42;All;50-64 anos;1150;3308;1;4459;1880230;2031690;655;3912575;21311;2147278;2168589;0,864799205;0,009801852;0,987626145;0,997427997
527;AGES;25/10/2021;2021;43;All;50-64 anos;1029;1957;0;2986;1881259;2033647;655;3915561;20165;2149462;2169627;0,865272487;0,009274757;0,988630661;0,997905418
528;AGES;01/11/2021;2021;44;All;50-64 anos;673;1273;0;1946;1881932;2034920;655;3917507;19427;2150876;2170303;0,865582028;0,008935319;0,989281021;0,99821634
529;AGES;04/01/2021;2021;1;All;65-79 anos;2318;4;0;2322;3291;6;0;3297;3286;6;3292;0,002021427;0,002018356;3,69E-06;0,002022041
530;AGES;11/01/2021;2021;2;All;65-79 anos;5571;31;0;5602;8862;37;0;8899;8817;46;8863;0,005443295;0,005415655;2,83E-05;0,005443909
531;AGES;18/01/2021;2021;3;All;65-79 anos;14190;919;0;15109;23052;956;0;24008;22067;986;23053;0,014159201;0,013554185;0,00060563;0,014159815
532;AGES;25/01/2021;2021;4;All;65-79 anos;6656;2163;0;8819;29708;3119;0;32827;26544;3165;29709;0,018247507;0,016304087;0,001944034;0,018248121
533;AGES;01/02/2021;2021;5;All;65-79 anos;2863;4195;0;7058;32571;7314;0;39885;25211;7361;32572;0,020006044;0,015485321;0,004521338;0,020006658
534;AGES;08/02/2021;2021;6;All;65-79 anos;3830;11578;1;15409;36401;18892;1;55294;17442;18960;36402;0,02235854;0,010713378;0,011645777;0,022359154
535;AGES;15/02/2021;2021;7;All;65-79 anos;5186;7307;0;12493;41587;26199;1;67787;15296;26292;41588;0,02554393;0,009395243;0,016149302;0,025544544
536;AGES;22/02/2021;2021;8;All;65-79 anos;11717;2498;3;14218;53304;28697;4;82005;24470;28835;53305;0,032740848;0,015030177;0,017711285;0,032741463
537;AGES;01/03/2021;2021;9;All;65-79 anos;13381;3848;0;17229;66685;32545;4;99234;33995;32701;66696;0,040959843;0,020880706;0,020085894;0,040966599
538;AGES;08/03/2021;2021;10;All;65-79 anos;16031;3614;0;19645;82716;36159;4;118879;46405;36340;82745;0,050806544;0,028503284;0,022321072;0,050824356
539;AGES;15/03/2021;2021;11;All;65-79 anos;18226;6894;3;25123;100942;43053;7;144002;57735;43244;100979;0,062001477;0,035462496;0,026561707;0,062024203
540;AGES;22/03/2021;2021;12;All;65-79 anos;52938;2263;1;55202;153880;45316;8;199204;108348;45579;153927;0,094517517;0,066550455;0,027995931;0,094546386
541;AGES;29/03/2021;2021;13;All;65-79 anos;88389;7480;0;95869;242269;52796;8;295073;189232;53101;242333;0,148808581;0,116231731;0,03261616;0,148847891
542;AGES;05/04/2021;2021;14;All;65-79 anos;201489;5427;4;206920;443758;58223;12;501993;385192;58650;443842;0,272568913;0,236595994;0,036024515;0,272620509
543;AGES;12/04/2021;2021;15;All;65-79 anos;233837;3710;3;237550;677595;61933;15;739543;615186;62497;677683;0,416198317;0,377864916;0,038387453;0,416252369
544;AGES;19/04/2021;2021;16;All;65-79 anos;175942;13363;10;189315;853537;75296;25;928858;777581;76047;853628;0,524266949;0,477612591;0,046710252;0,524322844
545;AGES;26/04/2021;2021;17;All;65-79 anos;293335;46502;4;339841;1146872;121798;29;1268699;1025178;122790;1147968;0,704441734;0,629693782;0,075421146;0,705114928
546;AGES;03/05/2021;2021;18;All;65-79 anos;202508;164597;6;367111;1349380;286395;35;1635810;1069337;287680;1357017;0,828827966;0,656817509;0,176701321;0,83351883
547;AGES;10/05/2021;2021;19;All;65-79 anos;91573;80396;5;171974;1440953;366791;40;1807784;1087886;368539;1456425;0,885074733;0,668210838;0,226367242;0,89457808
548;AGES;17/05/2021;2021;20;All;65-79 anos;41357;111909;7;153273;1482310;478700;47;1961057;1017095;485886;1502981;0,910477391;0,624728972;0,298445141;0,923174113
549;AGES;24/05/2021;2021;21;All;65-79 anos;23649;202884;11;226544;1505959;681584;58;2187601;833681;697591;1531272;0,925003286;0,512070823;0,428480435;0,940551258
550;AGES;31/05/2021;2021;22;All;65-79 anos;18708;137744;12;156464;1524667;819328;70;2344065;717226;838473;1555699;0,936494277;0,440540816;0,515014207;0,955555023
551;AGES;07/06/2021;2021;23;All;65-79 anos;16104;71881;4;87989;1540771;891209;74;2432054;660718;913211;1573929;0,946385817;0,405831979;0,560920434;0,966752413
552;AGES;14/06/2021;2021;24;All;65-79 anos;10909;62796;6;73711;1551680;954005;80;2505765;608105;978092;1586197;0,953086438;0,373515563;0,600772208;0,974287771
553;AGES;21/06/2021;2021;25;All;65-79 anos;10330;97410;7;107747;1562010;1051415;87;2613512;520350;1078102;1598452;0,959431421;0,31961392;0,662201224;0,981815144
554;AGES;28/06/2021;2021;26;All;65-79 anos;9067;182594;26;191687;1571077;1234009;113;2805199;345378;1263532;1608910;0,965000633;0,212141091;0,776097657;0,988238748
555;AGES;05/07/2021;2021;27;All;65-79 anos;8156;204313;15;212484;1579233;1438322;128;3017683;147352;1470817;1618169;0,970010282;0,090507832;0,90341806;0,993925892
556;AGES;12/07/2021;2021;28;All;65-79 anos;5487;57937;8;63432;1584720;1496259;136;3081115;93898;1532031;1625929;0,973380555;0,057674849;0,941017458;0,998692307
557;AGES;19/07/2021;2021;29;All;65-79 anos;7159;42691;5;49855;1591879;1538950;141;3130970;56055;1579771;1635826;0,977777819;0,034430592;0,970340737;1
558;AGES;26/07/2021;2021;30;All;65-79 anos;8638;32480;10;41128;1600517;1571430;151;3172098;28375;1618306;1646681;0,983083527;0,01742874;0,994010041;1
559;AGES;02/08/2021;2021;31;All;65-79 anos;7638;11759;6;19403;1608155;1583189;157;3191501;20489;1635643;1656132;0,987775006;0,012584932;1;1
560;AGES;09/08/2021;2021;32;All;65-79 anos;4610;6299;4;10913;1612765;1589488;161;3202414;17192;1645014;1662206;0,9906066;0,01055982;1;1
561;AGES;16/08/2021;2021;33;All;65-79 anos;3698;3001;6;6705;1616463;1592489;167;3209119;16851;1650210;1667061;0,992878018;0,010350368;1;1
562;AGES;23/08/2021;2021;34;All;65-79 anos;4311;2523;2;6836;1620774;1595012;169;3215955;17851;1654862;1672713;0,995525958;0,010964597;1;1
563;AGES;30/08/2021;2021;35;All;65-79 anos;4912;2253;3;7168;1625686;1597265;172;3223123;19380;1659415;1678795;0,998543049;0,011903753;1;1
564;AGES;06/09/2021;2021;36;All;65-79 anos;2258;1388;7;3653;1627944;1598653;179;3226776;19511;1661755;1681266;0,999929978;0,011984217;1;1
565;AGES;13/09/2021;2021;37;All;65-79 anos;1643;3293;27;4963;1629587;1601946;206;3231739;17487;1665566;1683053;1,000939156;0,010741018;1;1
566;AGES;20/09/2021;2021;38;All;65-79 anos;1418;3371;37;4826;1631005;1605317;243;3236565;15177;1669372;1684549;1,001810132;0,009322149;1;1
567;AGES;27/09/2021;2021;39;All;65-79 anos;907;2734;23;3664;1631912;1608051;266;3240229;13158;1672356;1685514;1,002367238;0,008082022;1;1
568;AGES;04/10/2021;2021;40;All;65-79 anos;468;2221;39;2728;1632380;1610272;305;3242957;11428;1674670;1686098;1,002654697;0,007019406;1;1
569;AGES;11/10/2021;2021;41;All;65-79 anos;581;2082;0;2663;1632961;1612354;305;3245620;9872;1676823;1686695;1,003011563;0,006063666;1;1
570;AGES;18/10/2021;2021;42;All;65-79 anos;510;1998;0;2508;1633471;1614352;305;3248128;8320;1678896;1687216;1,00332482;0,005110383;1;1
571;AGES;25/10/2021;2021;43;All;65-79 anos;436;1439;0;1875;1633907;1615791;305;3250003;7256;1680399;1687655;1,003592624;0,004456844;1;1
572;AGES;01/11/2021;2021;44;All;65-79 anos;299;802;0;1101;1634206;1616593;305;3251104;6680;1681274;1687954;1,003776278;0,004103048;1;1
573;AGES;04/01/2021;2021;1;All;80 ou mais anos;3785;8;1;3794;4054;8;2;4064;4045;9;4054;0,005947857;0,005934653;1,32E-05;0,005947857
574;AGES;11/01/2021;2021;2;All;80 ou mais anos;14515;1;1;14517;18569;9;3;18581;18536;33;18569;0,027243651;0,027195235;4,84E-05;0,027243651
575;AGES;18/01/2021;2021;3;All;80 ou mais anos;39084;255;1;39340;57653;264;4;57921;57255;398;57653;0,084586041;0,084002113;0,000583929;0,084586041
576;AGES;25/01/2021;2021;4;All;80 ou mais anos;7398;3400;1;10799;65051;3664;5;68720;61221;3830;65051;0,095440074;0,08982086;0,005619214;0,095440074
577;AGES;01/02/2021;2021;5;All;80 ou mais anos;4553;10669;0;15222;69604;14333;5;83942;55097;14507;69604;0,102120043;0,080835986;0,021284056;0,102120043
578;AGES;08/02/2021;2021;6;All;80 ou mais anos;14835;31615;0;46450;84439;45948;5;130392;38225;46214;84439;0,123885327;0,056082102;0,067803225;0,123885327
579;AGES;15/02/2021;2021;7;All;80 ou mais anos;48636;9302;0;57938;133075;55250;5;188330;77503;55572;133075;0,195242008;0,113709121;0,081532886;0,195242008
580;AGES;22/02/2021;2021;8;All;80 ou mais anos;102591;5215;0;107806;235666;60465;5;296136;174773;60893;235666;0,345759181;0,256419548;0,089339632;0,345759181
581;AGES;01/03/2021;2021;9;All;80 ou mais anos;87253;12804;0;100057;322919;73269;5;396193;249170;73750;322920;0,473773089;0,365571678;0,108202879;0,473774557
582;AGES;08/03/2021;2021;10;All;80 ou mais anos;40187;37324;0;77511;363106;110593;5;473704;252012;111096;363108;0,532733755;0,36974134;0,162995349;0,532736689
583;AGES;15/03/2021;2021;11;All;80 ou mais anos;54402;97483;1;151886;417508;208076;6;625590;208884;208626;417510;0,612550067;0,306465764;0,306087237;0,612553001
584;AGES;22/03/2021;2021;12;All;80 ou mais anos;124589;16953;2;141544;542097;225029;8;767134;316406;225693;542099;0,795341774;0,464217491;0,331127217;0,795344709
585;AGES;29/03/2021;2021;13;All;80 ou mais anos;36749;75564;3;112316;578846;300593;11;879450;277557;301293;578850;0,849258352;0,407219883;0,442044338;0,84926422
586;AGES;05/04/2021;2021;14;All;80 ou mais anos;30371;45955;3;76329;609217;346548;14;955779;261911;347311;609222;0,893817398;0,384264734;0,509559999;0,893824733
587;AGES;12/04/2021;2021;15;All;80 ou mais anos;10521;49564;5;60090;619738;396112;19;1015869;222805;396938;619743;0,909253363;0,326890066;0,582370633;0,909260699
588;AGES;19/04/2021;2021;16;All;80 ou mais anos;8411;123412;4;131827;628149;519524;23;1147696;107709;520446;628155;0,921593627;0,158026086;0,763576344;0,92160243
589;AGES;26/04/2021;2021;17;All;80 ou mais anos;6138;39890;0;46028;634287;559414;23;1193724;73919;560385;634304;0,93059904;0,108450828;0,822173154;0,930623982
590;AGES;03/05/2021;2021;18;All;80 ou mais anos;5112;31877;1;36990;639399;591291;24;1230714;47213;592352;639565;0,938099151;0,069268915;0,869073783;0,938342699
591;AGES;10/05/2021;2021;19;All;80 ou mais anos;3785;10008;1;13794;643184;601299;25;1244508;41065;602486;643551;0,943652342;0,06024883;0,883941959;0,944190789
592;AGES;17/05/2021;2021;20;All;80 ou mais anos;4759;8397;2;13158;647943;609696;27;1257666;36378;612370;648748;0,950634546;0,053372262;0,898443346;0,951815608
593;AGES;24/05/2021;2021;21;All;80 ou mais anos;4460;6387;0;10847;652403;616083;27;1268513;32664;621020;653684;0,957178069;0,047923238;0,91113426;0,959057498
594;AGES;31/05/2021;2021;22;All;80 ou mais anos;3061;6191;2;9254;655464;622274;29;1277767;29146;628202;657348;0,961669039;0,042761778;0,921671386;0,964433164
595;AGES;07/06/2021;2021;23;All;80 ou mais anos;2754;4841;1;7596;658218;627115;30;1285363;26583;633897;660480;0,965709591;0,039001452;0,930026849;0,969028301
596;AGES;14/06/2021;2021;24;All;80 ou mais anos;2634;4798;0;7432;660852;631913;30;1292795;23748;639639;663387;0,969574084;0,03484206;0,938451268;0,973293329
597;AGES;21/06/2021;2021;25;All;80 ou mais anos;3404;4841;3;8248;664256;636754;33;1301043;20994;646261;667255;0,974568289;0,030801508;0,948166786;0,978968295
598;AGES;28/06/2021;2021;26;All;80 ou mais anos;3275;5441;1;8717;667531;642195;34;1309760;17461;653490;670951;0,97937323;0,02561804;0,958772869;0,984390909
599;AGES;05/07/2021;2021;27;All;80 ou mais anos;2671;5276;2;7949;670202;647471;36;1317709;13710;660244;673954;0,983292008;0,020114732;0,968682052;0,988796784
600;AGES;12/07/2021;2021;28;All;80 ou mais anos;2107;3565;2;5674;672309;651036;38;1323383;11322;665237;676559;0,98638331;0,016611159;0,976007571;0,99261873
601;AGES;19/07/2021;2021;29;All;80 ou mais anos;2208;3092;1;5301;674517;654128;39;1328684;9463;669904;679367;0,989622794;0,013883713;0,982854795;0,996738508
602;AGES;26/07/2021;2021;30;All;80 ou mais anos;2597;2894;1;5492;677114;657022;40;1334176;7815;674655;682470;0,993433002;0,011465837;0,989825262;1
603;AGES;02/08/2021;2021;31;All;80 ou mais anos;2494;2103;1;4598;679608;659125;41;1338774;6841;678582;685423;0,997092093;0,010036826;0,99558679;1
604;AGES;09/08/2021;2021;32;All;80 ou mais anos;1581;1724;1;3306;681189;660849;42;1342080;6049;681384;687433;0,99941167;0,008874837;0,999697766;1
605;AGES;16/08/2021;2021;33;All;80 ou mais anos;1350;1129;1;2480;682539;661978;43;1344560;5692;683402;689094;1,001392333;0,008351061;1;1
606;AGES;23/08/2021;2021;34;All;80 ou mais anos;1537;973;0;2510;684076;662951;43;1347070;5820;685188;691008;1,003647354;0,008538858;1;1
607;AGES;30/08/2021;2021;35;All;80 ou mais anos;1668;824;0;2492;685744;663775;43;1349562;6220;686776;692996;1,006094573;0,009125721;1;1
608;AGES;06/09/2021;2021;36;All;80 ou mais anos;769;574;3;1346;686513;664349;46;1350908;6156;687681;693837;1,007222817;0,009031823;1;1
609;AGES;13/09/2021;2021;37;All;80 ou mais anos;551;961;4;1516;687064;665310;50;1352424;5621;688809;694430;1,008031221;0,008246893;1;1
610;AGES;20/09/2021;2021;38;All;80 ou mais anos;599;1047;3;1649;687663;666357;53;1354073;4994;690055;695049;1,008910049;0,007326985;1;1
611;AGES;27/09/2021;2021;39;All;80 ou mais anos;367;799;6;1172;688030;667156;59;1355245;4488;690957;695445;1,009448495;0,006584604;1;1
612;AGES;04/10/2021;2021;40;All;80 ou mais anos;167;574;3;744;688197;667730;62;1355989;4083;691563;695646;1,009693511;0,005990405;1;1
613;AGES;11/10/2021;2021;41;All;80 ou mais anos;237;782;0;1019;688434;668512;62;1357008;3474;692411;695885;1,010041227;0,005096906;1;1
614;AGES;18/10/2021;2021;42;All;80 ou mais anos;268;716;0;984;688702;669228;62;1357992;2976;693179;696155;1,010434425;0,004366261;1;1
615;AGES;25/10/2021;2021;43;All;80 ou mais anos;236;651;0;887;688938;669879;62;1358879;2516;693879;696395;1,010780675;0,003691369;1;1
616;AGES;01/11/2021;2021;44;All;80 ou mais anos;217;401;0;618;689155;670280;62;1359497;2284;694329;696613;1,011099048;0,003350988;1;1
617;AGES;04/01/2021;2021;1;All;Desconhecido;1;0;0;1;2;0;0;2;2;0;2;NA;NA;NA;NA
618;AGES;11/01/2021;2021;2;All;Desconhecido;1;0;0;1;3;0;0;3;3;0;3;NA;NA;NA;NA
619;AGES;18/01/2021;2021;3;All;Desconhecido;1;1;0;2;4;1;0;5;3;1;4;NA;NA;NA;NA
620;AGES;25/01/2021;2021;4;All;Desconhecido;1;1;0;2;5;2;0;7;3;2;5;NA;NA;NA;NA
621;AGES;01/02/2021;2021;5;All;Desconhecido;0;1;0;1;5;3;0;8;2;3;5;NA;NA;NA;NA
622;AGES;08/02/2021;2021;6;All;Desconhecido;2;1;0;3;7;4;0;11;3;4;7;NA;NA;NA;NA
623;AGES;15/02/2021;2021;7;All;Desconhecido;2;1;0;3;9;5;0;14;4;5;9;NA;NA;NA;NA
624;AGES;22/02/2021;2021;8;All;Desconhecido;3;1;0;4;12;6;0;18;6;6;12;NA;NA;NA;NA
625;AGES;01/03/2021;2021;9;All;Desconhecido;1;1;0;2;13;7;0;20;6;7;13;NA;NA;NA;NA
626;AGES;08/03/2021;2021;10;All;Desconhecido;2;1;0;3;15;8;0;23;7;8;15;NA;NA;NA;NA
627;AGES;15/03/2021;2021;11;All;Desconhecido;1;2;0;3;16;10;0;26;6;10;16;NA;NA;NA;NA
628;AGES;22/03/2021;2021;12;All;Desconhecido;2;2;0;4;18;12;0;30;6;12;18;NA;NA;NA;NA
629;AGES;29/03/2021;2021;13;All;Desconhecido;2;0;0;2;20;12;0;32;8;12;20;NA;NA;NA;NA
630;AGES;05/04/2021;2021;14;All;Desconhecido;3;1;0;4;23;13;0;36;10;13;23;NA;NA;NA;NA
631;AGES;12/04/2021;2021;15;All;Desconhecido;3;1;0;4;26;14;0;40;12;14;26;NA;NA;NA;NA
632;AGES;19/04/2021;2021;16;All;Desconhecido;2;1;0;3;28;15;0;43;13;15;28;NA;NA;NA;NA
633;AGES;26/04/2021;2021;17;All;Desconhecido;3;1;0;4;31;16;0;47;15;16;31;NA;NA;NA;NA
634;AGES;03/05/2021;2021;18;All;Desconhecido;2;2;0;4;33;18;0;51;15;18;33;NA;NA;NA;NA
635;AGES;10/05/2021;2021;19;All;Desconhecido;2;4;0;6;35;22;0;57;14;22;36;NA;NA;NA;NA
636;AGES;17/05/2021;2021;20;All;Desconhecido;3;2;0;5;38;24;0;62;16;24;40;NA;NA;NA;NA
637;AGES;24/05/2021;2021;21;All;Desconhecido;3;2;0;5;41;26;0;67;17;26;43;NA;NA;NA;NA
638;AGES;31/05/2021;2021;22;All;Desconhecido;3;3;0;6;44;29;0;73;18;29;47;NA;NA;NA;NA
639;AGES;07/06/2021;2021;23;All;Desconhecido;2;3;0;5;46;32;0;78;18;32;50;NA;NA;NA;NA
640;AGES;14/06/2021;2021;24;All;Desconhecido;2;4;0;6;48;36;0;84;17;36;53;NA;NA;NA;NA
641;AGES;21/06/2021;2021;25;All;Desconhecido;2;4;0;6;50;40;0;90;16;40;56;NA;NA;NA;NA
642;AGES;28/06/2021;2021;26;All;Desconhecido;1;4;0;5;51;44;0;95;14;44;58;NA;NA;NA;NA
643;AGES;05/07/2021;2021;27;All;Desconhecido;2;4;0;6;53;48;0;101;13;48;61;NA;NA;NA;NA
644;AGES;12/07/2021;2021;28;All;Desconhecido;3;3;0;6;56;51;0;107;14;51;65;NA;NA;NA;NA
645;AGES;19/07/2021;2021;29;All;Desconhecido;3;4;0;7;59;55;0;114;14;55;69;NA;NA;NA;NA
646;AGES;26/07/2021;2021;30;All;Desconhecido;3;4;0;7;62;59;0;121;14;59;73;NA;NA;NA;NA
647;AGES;02/08/2021;2021;31;All;Desconhecido;3;2;0;5;65;61;0;126;16;61;77;NA;NA;NA;NA
648;AGES;09/08/2021;2021;32;All;Desconhecido;3;3;0;6;68;64;0;132;17;64;81;NA;NA;NA;NA
649;AGES;16/08/2021;2021;33;All;Desconhecido;2;3;0;5;70;67;0;137;17;67;84;NA;NA;NA;NA
650;AGES;23/08/2021;2021;34;All;Desconhecido;3;3;1;7;73;70;1;144;18;70;88;NA;NA;NA;NA
651;AGES;30/08/2021;2021;35;All;Desconhecido;2;3;0;5;75;73;1;149;18;73;91;NA;NA;NA;NA
652;AGES;06/09/2021;2021;36;All;Desconhecido;2;3;0;5;77;76;1;154;17;76;93;NA;NA;NA;NA
653;AGES;13/09/2021;2021;37;All;Desconhecido;2;3;0;5;79;79;1;159;17;79;96;NA;NA;NA;NA
654;AGES;20/09/2021;2021;38;All;Desconhecido;1;2;0;3;80;81;1;162;17;81;98;NA;NA;NA;NA
655;AGES;27/09/2021;2021;39;All;Desconhecido;2;1;0;3;82;82;1;165;18;82;100;NA;NA;NA;NA
656;AGES;04/10/2021;2021;40;All;Desconhecido;1;3;0;4;83;85;1;169;17;85;102;NA;NA;NA;NA
657;AGES;11/10/2021;2021;41;All;Desconhecido;1;1;0;2;84;86;1;171;17;86;103;NA;NA;NA;NA
658;AGES;18/10/2021;2021;42;All;Desconhecido;0;1;0;1;84;87;1;172;16;87;103;NA;NA;NA;NA
659;AGES;25/10/2021;2021;43;All;Desconhecido;1;1;0;2;85;88;1;174;16;88;104;NA;NA;NA;NA
660;AGES;01/11/2021;2021;44;All;Desconhecido;1;1;0;2;86;89;1;176;16;89;105;NA;NA;NA;NA
661;GENERAL;04/01/2021;2021;1;All;All;49052;113;1;49166;85054;129;3;85186;84932;135;85067;0,008219452;0,008207662;1,30E-05;0,008220708
662;GENERAL;11/01/2021;2021;2;All;All;50217;1221;1;51439;135271;1350;4;136625;133876;1410;135286;0,013072324;0,012937514;0,00013626;0,013073774
663;GENERAL;18/01/2021;2021;3;All;All;122615;32817;5;155437;257886;34167;9;292062;223480;34423;257903;0,024921598;0,021596669;0,003326571;0,02492324
664;GENERAL;25/01/2021;2021;4;All;All;42188;45974;11;88173;300074;80141;20;380235;219615;80478;300093;0,028998563;0,021223163;0,007777236;0,029000399
665;GENERAL;01/02/2021;2021;5;All;All;24237;37652;2;61891;324311;117793;22;442126;206183;118157;324340;0,031340779;0,019925121;0,011418461;0,031343582
666;GENERAL;08/02/2021;2021;6;All;All;41083;99633;9;140725;365394;217426;31;582851;147341;218083;365424;0,03531096;0,014238745;0,021075114;0,035313859
667;GENERAL;15/02/2021;2021;7;All;All;103878;50482;7;154367;469272;267908;38;737218;200169;269134;469303;0,045349526;0,01934394;0,026008582;0,045352522
668;GENERAL;22/02/2021;2021;8;All;All;177404;20831;6;198241;646676;288739;44;935459;356154;290553;646707;0,062493501;0,034418024;0,028078472;0,062496497
669;GENERAL;01/03/2021;2021;9;All;All;139669;33840;10;173519;786345;322579;54;1108978;461647;324760;786407;0,075990839;0,044612661;0,03138417;0,075996831
670;GENERAL;08/03/2021;2021;10;All;All;96776;52295;4;149075;883121;374874;58;1258053;505899;377340;883239;0,085343082;0,048889088;0,036465398;0,085354486
671;GENERAL;15/03/2021;2021;11;All;All;82641;110601;10;193252;965762;485475;68;1451305;477857;488065;965922;0,093329347;0,046179164;0,047165645;0,093344809
672;GENERAL;22/03/2021;2021;12;All;All;258266;22287;6;280559;1224028;507762;74;1731864;713334;510885;1224219;0,118287667;0,0689352;0,049370925;0,118306125
673;GENERAL;29/03/2021;2021;13;All;All;138628;85336;4;223968;1362656;593098;78;1955832;766514;596407;1362921;0,131684405;0,074074411;0,057635603;0,131710014
674;GENERAL;05/04/2021;2021;14;All;All;257261;54080;9;311350;1619917;647178;87;2267182;969434;650898;1620332;0,156545604;0,093684202;0,062901507;0,156585708
675;GENERAL;12/04/2021;2021;15;All;All;426347;55051;9;481407;2046264;702229;96;2748589;1340306;706416;2046722;0,197746942;0,129524545;0,068266658;0,197791202
676;GENERAL;19/04/2021;2021;16;All;All;211674;139775;18;351467;2257938;842004;114;3100056;1411263;847144;2258407;0,218202703;0,13638169;0,081866336;0,218248026
677;GENERAL;26/04/2021;2021;17;All;All;346687;90752;10;437449;2604625;932756;124;3537505;1667977;938515;2606492;0,251705855;0,161190028;0,09069625;0,251886278
678;GENERAL;03/05/2021;2021;18;All;All;371968;220587;15;592570;2976593;1153343;139;4130075;1830873;1160104;2990977;0,287652113;0,176931978;0,112110177;0,289042155
679;GENERAL;10/05/2021;2021;19;All;All;290204;306624;24;596852;3266797;1459967;163;4726927;1830657;1468416;3299073;0,315696859;0,176911104;0,141904844;0,318815948
680;GENERAL;17/05/2021;2021;20;All;All;306523;221121;30;527674;3573320;1681088;193;5254601;1928848;1700792;3629640;0,345318641;0,18640009;0,164361205;0,350761295
681;GENERAL;24/05/2021;2021;21;All;All;232928;330057;89;563074;3806248;2011145;282;5817675;1858487;2053664;3912151;0,367828346;0,179600541;0,198462064;0,378062604
682;GENERAL;31/05/2021;2021;22;All;All;231288;340195;39;571522;4037536;2351340;321;6389197;1791183;2408990;4200173;0,390179565;0,173096414;0,232800072;0,405896486
683;GENERAL;07/06/2021;2021;23;All;All;361158;251887;55;613100;4398694;2603227;376;7002297;1908410;2681168;4589578;0,425081166;0,184425002;0,25910282;0,443527822
684;GENERAL;14/06/2021;2021;24;All;All;344544;390156;65;734765;4743238;2993383;441;7737062;1878542;3091345;4969887;0,458377223;0,181538617;0,298741521;0,480280138
685;GENERAL;21/06/2021;2021;25;All;All;377188;346723;76;723987;5120426;3340106;517;8461049;1927241;3464578;5391819;0,494827932;0,186244793;0,334810027;0,52105482
686;GENERAL;28/06/2021;2021;26;All;All;390044;432989;164;823197;5510470;3773095;681;9284246;1880441;3927645;5808086;0,53252102;0,181722132;0,379559914;0,561282047
687;GENERAL;05/07/2021;2021;27;All;All;433743;622082;81;1055906;5944213;4395177;762;10340152;1693973;4586365;6280338;0,574437093;0,16370223;0,443217324;0,606919554
688;GENERAL;12/07/2021;2021;28;All;All;246171;521905;110;768186;6190384;4917082;872;11108338;1500461;5141867;6642328;0,598226576;0,14500161;0,496899948;0,641901558
689;GENERAL;19/07/2021;2021;29;All;All;144148;525403;79;669630;6334532;5442485;951;11777968;1220993;5698666;6919659;0,612156756;0,11799437;0,550707912;0,668702283
690;GENERAL;26/07/2021;2021;30;All;All;105563;500444;80;606087;6440095;5942929;1031;12384055;897298;6230186;7127484;0,622358158;0,08671312;0,602072963;0,688786083
691;GENERAL;02/08/2021;2021;31;All;All;130439;508506;71;639016;6570534;6451435;1102;13023071;602294;6772619;7374913;0,634963527;0,058204512;0,654492625;0,712697137
692;GENERAL;09/08/2021;2021;32;All;All;314947;353461;63;668471;6885481;6804896;1165;13691542;655449;7177043;7832492;0,665399388;0,063341307;0,693575368;0,756916674
693;GENERAL;16/08/2021;2021;33;All;All;363195;238982;72;602249;7248676;7043878;1237;14293791;841344;7463273;8304617;0,700497841;0,081305835;0,721236074;0,802541909
694;GENERAL;23/08/2021;2021;34;All;All;294504;139553;38;434095;7543180;7183431;1275;14727886;998061;7642317;8640378;0,72895813;0,096450659;0,738538535;0,834989194
695;GENERAL;30/08/2021;2021;35;All;All;130961;300546;57;431564;7674141;7483977;1332;15159450;813252;7973783;8787035;0,741613944;0,078591079;0,77057076;0,849161839
696;GENERAL;06/09/2021;2021;36;All;All;67375;311020;110;378505;7741516;7794997;1442;15537955;559752;8298318;8858070;0,748124932;0,054093336;0,801933186;0,856026522
697;GENERAL;13/09/2021;2021;37;All;All;46730;258044;150;304924;7788246;8053041;1592;15842879;342701;8564980;8907681;0,752640828;0,033117953;0,827702879;0,860820832
698;GENERAL;20/09/2021;2021;38;All;All;34823;103604;150;138577;7823069;8156645;1742;15981456;267459;8676864;8944323;0,756006054;0,025846714;0,838515129;0,864361843
699;GENERAL;27/09/2021;2021;39;All;All;22732;58512;138;81382;7845801;8215157;1880;16062838;226115;8742445;8968560;0,75820283;0,02185131;0,844852749;0,866704059
700;GENERAL;04/10/2021;2021;40;All;All;13308;44518;241;58067;7859109;8259675;2121;16120905;193836;8790129;8983965;0,759488889;0,018731931;0,849460837;0,868192768
701;GENERAL;11/10/2021;2021;41;All;All;17596;37011;6;54613;7876705;8296686;2127;16175518;170379;8831376;9001755;0,761189332;0,016465093;0,853446866;0,869911959
702;GENERAL;18/10/2021;2021;42;All;All;13410;29658;3;43071;7890115;8326344;2130;16218589;150637;8864677;9015314;0,762485248;0,014557264;0,85666501;0,871222274
703;GENERAL;25/10/2021;2021;43;All;All;12980;18004;2;30986;7903095;8344348;2132;16249575;141717;8886647;9028364;0,76373961;0,013695253;0,858788147;0,8724834
704;GENERAL;01/11/2021;2021;44;All;All;9469;13207;0;22676;7912564;8357555;2132;16272251;135004;8902861;9037865;0,764654676;0,013046522;0,860355037;0,873401559