;TYPE;DATE;YEAR;WEEK;REGION;AGEGROUP;TOTAL_VAC_1;TOTAL_VAC_2;TOTAL_VAC_UNK;TOTAL;CUMUL_VAC_1;CUMUL_VAC_2;CUMUL_VAC_UNK;CUMUL;CUMUL_VAC_INIT;CUMUL_VAC_COMPLETE;CUMUL_VAC_LEAST;COVER_1_VAC;COVER_INIT;COVER_COMPLETE;COVER_LEAST
1;REGIONAL;04/01/21;2021;1;ARS Alentejo;All;3474;1;0;3475;4699;1;0;4700;4698;1;4699;0,010023421;0,010021288;2,13E-06;0,010023421
2;REGIONAL;11/01/21;2021;2;ARS Alentejo;All;5357;10;0;5367;10056;11;0;10067;10045;11;10056;0,02145042;0,021426956;2,35E-05;0,02145042
3;REGIONAL;18/01/21;2021;3;ARS Alentejo;All;10430;1133;0;11563;20486;1144;0;21630;19342;1144;20486;0,043698619;0,041258356;0,002440263;0,043698619
4;REGIONAL;25/01/21;2021;4;ARS Alentejo;All;2297;3122;0;5419;22783;4266;0;27049;18516;4267;22783;0,048598342;0,039496419;0,009101924;0,048598342
5;REGIONAL;01/02/21;2021;5;ARS Alentejo;All;1452;4339;0;5791;24235;8605;0;32840;15628;8607;24235;0,051695599;0,033336035;0,018359563;0,051695599
6;REGIONAL;08/02/21;2021;6;ARS Alentejo;All;3335;8778;0;12113;27570;17383;0;44953;10184;17386;27570;0,058809476;0,021723457;0,037086019;0,058809476
7;REGIONAL;15/02/21;2021;7;ARS Alentejo;All;4060;2812;0;6872;31630;20195;0;51825;11432;20198;31630;0,067469849;0,024385561;0,043084287;0,067469849
8;REGIONAL;22/02/21;2021;8;ARS Alentejo;All;12033;1651;0;13684;43663;21846;0;65509;21813;21850;43663;0,093137401;0,046529238;0,046608163;0,093137401
9;REGIONAL;01/03/21;2021;9;ARS Alentejo;All;10459;2835;1;13295;54122;24681;1;78804;29436;24686;54122;0,11544746;0,062789835;0,052657625;0,11544746
10;REGIONAL;08/03/21;2021;10;ARS Alentejo;All;5829;1671;0;7500;59951;26352;1;86304;33589;26362;59951;0,12788128;0,071648585;0,056232695;0,12788128
11;REGIONAL;15/03/21;2021;11;ARS Alentejo;All;3711;7728;0;11439;63662;34080;1;97743;29573;34090;63663;0,135797202;0,063082069;0,072717267;0,135799335
12;REGIONAL;22/03/21;2021;12;ARS Alentejo;All;11910;2108;0;14018;75572;36188;1;111761;39376;36198;75574;0,161202384;0,083992816;0,077213834;0,16120665
13;REGIONAL;29/03/21;2021;13;ARS Alentejo;All;6156;6281;0;12437;81728;42469;1;124198;39251;42479;81730;0,174333727;0,083726179;0,090611815;0,174337993
14;REGIONAL;05/04/21;2021;14;ARS Alentejo;All;14051;4306;0;18357;95779;46775;1;142555;48998;46785;95783;0,204305869;0,104517472;0,099796929;0,204314401
15;REGIONAL;12/04/21;2021;15;ARS Alentejo;All;21910;2966;0;24876;117689;49741;1;167431;67942;49752;117694;0,251042018;0,144926856;0,106125827;0,251052683
16;REGIONAL;19/04/21;2021;16;ARS Alentejo;All;11373;5958;1;17332;129062;55699;2;184763;73356;55711;129067;0,275301727;0,156475442;0,11883695;0,275312392
17;REGIONAL;26/04/21;2021;17;ARS Alentejo;All;20217;2776;0;22993;149279;58475;2;207756;90802;58488;149290;0,318426543;0,193689447;0,12476056;0,318450007
18;REGIONAL;03/05/21;2021;18;ARS Alentejo;All;13677;14318;1;27996;162956;72793;3;235752;93273;72809;166082;0,347600906;0,198960329;0,155308638;0,354268966
19;REGIONAL;10/05/21;2021;19;ARS Alentejo;All;17430;15261;0;32691;180386;88054;3;268443;95935;88083;184018;0,384780782;0,204638632;0,187889557;0,392528189
20;REGIONAL;17/05/21;2021;20;ARS Alentejo;All;13217;12212;1;25430;193603;100266;4;293873;100253;100396;200649;0,412973921;0,213849344;0,214154376;0,42800372
21;REGIONAL;24/05/21;2021;21;ARS Alentejo;All;7193;18509;0;25702;200796;118775;4;319575;90618;119351;209969;0,428317285;0,193296957;0,254587224;0,447884181
22;REGIONAL;31/05/21;2021;22;ARS Alentejo;All;17391;7294;0;24685;218187;126069;4;344260;100347;127354;227701;0,46541397;0,214049855;0,271658397;0,485708252
23;REGIONAL;07/06/21;2021;23;ARS Alentejo;All;13808;15259;0;29067;231995;141328;4;373327;98971;143171;242142;0,494867769;0,211114714;0,305397588;0,516512302
24;REGIONAL;14/06/21;2021;24;ARS Alentejo;All;10225;19232;1;29458;242220;160560;5;402785;91213;162828;254041;0,516678683;0,194566149;0,34732787;0,541894019
25;REGIONAL;21/06/21;2021;25;ARS Alentejo;All;10548;14175;1;24724;252768;174735;6;427509;89825;177533;267358;0,539178587;0,191605411;0,378695057;0,570300468
26;REGIONAL;28/06/21;2021;26;ARS Alentejo;All;10971;28740;3;39714;263739;203475;9;467223;73606;206819;280425;0,562580791;0,157008716;0,441164927;0,598173643
27;REGIONAL;05/07/21;2021;27;ARS Alentejo;All;15346;27793;1;43140;279085;231268;10;510363;60791;235682;296473;0,595315293;0,129673082;0,502732497;0,632405578
28;REGIONAL;12/07/21;2021;28;ARS Alentejo;All;8182;20291;1;28474;287267;251559;11;538837;50881;257252;308133;0,61276829;0,108534093;0,548743393;0,657277486
29;REGIONAL;19/07/21;2021;29;ARS Alentejo;All;3510;16714;2;20226;290777;268273;13;559063;40832;275145;315977;0,62025546;0,087098605;0,586910892;0,674009497
30;REGIONAL;26/07/21;2021;30;ARS Alentejo;All;2238;16480;0;18718;293015;284753;13;577781;30250;292574;322824;0,62502933;0,064526175;0,624088634;0,68861481
31;REGIONAL;02/08/21;2021;31;ARS Alentejo;All;4942;19951;13;24906;297957;304704;26;602687;20210;313629;333839;0,635571094;0,043109884;0,669000985;0,71211087
32;REGIONAL;09/08/21;2021;32;ARS Alentejo;All;14822;14399;0;29221;312779;319103;26;631908;26286;329669;355955;0,667187853;0,05607058;0,703215857;0,759286436
33;REGIONAL;16/08/21;2021;33;ARS Alentejo;All;22142;6554;0;28696;334921;325657;26;660604;43502;338408;381910;0,71441888;0,092793973;0,721856989;0,814650961
34;REGIONAL;23/08/21;2021;34;ARS Alentejo;All;12923;4558;0;17481;347844;330215;26;678085;52587;344376;396963;0,741984889;0,112173156;0,73458731;0,846760466
35;REGIONAL;04/01/21;2021;1;ARS Algarve;All;1254;3;0;1257;2315;3;0;2318;2312;3;2315;0,004951925;0,004945507;6,42E-06;0,004951925
36;REGIONAL;11/01/21;2021;2;ARS Algarve;All;1358;3;0;1361;3673;6;0;3679;3667;6;3673;0,007856769;0,007843934;1,28E-05;0,007856769
37;REGIONAL;18/01/21;2021;3;ARS Algarve;All;3392;946;0;4338;7065;952;0;8017;6113;952;7065;0,015112461;0,013076076;0,002036385;0,015112461
38;REGIONAL;25/01/21;2021;4;ARS Algarve;All;2144;1229;0;3373;9209;2181;0;11390;7028;2181;9209;0,019698606;0,015033316;0,004665291;0,019698606
39;REGIONAL;01/02/21;2021;5;ARS Algarve;All;1217;1243;0;2460;10426;3424;0;13850;7003;3424;10427;0,022301843;0,014979839;0,007324143;0,022303982
40;REGIONAL;08/02/21;2021;6;ARS Algarve;All;2400;2896;0;5296;12826;6320;0;19146;6507;6320;12827;0,027435588;0,013918865;0,013518861;0,027437727
41;REGIONAL;15/02/21;2021;7;ARS Algarve;All;3204;2112;0;5316;16030;8432;0;24462;7598;8433;16031;0,034289137;0,01625258;0,018038696;0,034291276
42;REGIONAL;22/02/21;2021;8;ARS Algarve;All;8508;1066;0;9574;24538;9498;0;34036;15039;9500;24539;0,052488262;0,032169328;0,020321073;0,052490401
43;REGIONAL;01/03/21;2021;9;ARS Algarve;All;4658;562;0;5220;29196;10060;0;39256;19131;10066;29197;0,062452005;0,040922363;0,021531781;0,062454144
44;REGIONAL;08/03/21;2021;10;ARS Algarve;All;5132;1546;0;6678;34328;11606;0;45934;22717;11612;34329;0,073429662;0,048593033;0,024838768;0,073431801
45;REGIONAL;15/03/21;2021;11;ARS Algarve;All;2711;3014;0;5725;37039;14620;0;51659;22414;14626;37040;0,079228655;0,047944898;0,031285896;0,079230794
46;REGIONAL;22/03/21;2021;12;ARS Algarve;All;9432;4311;0;13743;46471;18931;0;65402;27534;18938;46472;0,099404272;0,058896887;0,040509524;0,099406411
47;REGIONAL;29/03/21;2021;13;ARS Algarve;All;4230;2923;0;7153;50701;21854;0;72555;28842;21861;50703;0,108452497;0,061694777;0,046761997;0,108456775
48;REGIONAL;05/04/21;2021;14;ARS Algarve;All;8666;1802;0;10468;59367;23656;0;83023;35709;23663;59372;0,126989593;0,076383705;0,050616584;0,127000289
49;REGIONAL;12/04/21;2021;15;ARS Algarve;All;13676;2168;0;15844;73043;25824;0;98867;47217;25831;73048;0,156243382;0,101000011;0,055254067;0,156254078
50;REGIONAL;19/04/21;2021;16;ARS Algarve;All;7263;5513;0;12776;80306;31337;0;111643;48967;31345;80312;0,171779377;0,104743366;0,067048845;0,171792212
51;REGIONAL;26/04/21;2021;17;ARS Algarve;All;16388;3254;0;19642;96694;34591;0;131285;62094;34610;96704;0,206834298;0,132822811;0,074032877;0,206855688
52;REGIONAL;03/05/21;2021;18;ARS Algarve;All;16568;8951;2;25521;113262;43542;2;156806;70260;43563;113823;0,242274249;0,150290377;0,093183884;0,243474262
53;REGIONAL;10/05/21;2021;19;ARS Algarve;All;9728;11314;0;21042;122990;54856;2;177848;70636;54879;125515;0,263083028;0,151094664;0,117389491;0,268484155
54;REGIONAL;17/05/21;2021;20;ARS Algarve;All;12015;10901;3;22919;135005;65757;5;200767;74231;65827;140058;0,288783837;0,158784586;0,140807923;0,299592509
55;REGIONAL;24/05/21;2021;21;ARS Algarve;All;7616;18801;1;26418;142621;84558;6;227185;68742;84714;153456;0,305074921;0,147043284;0,181208355;0,328251639
56;REGIONAL;31/05/21;2021;22;ARS Algarve;All;8169;12737;1;20907;150790;97295;7;248092;72579;97536;170115;0,322548904;0,155250858;0,208635386;0,363886245
57;REGIONAL;07/06/21;2021;23;ARS Algarve;All;17050;6340;0;23390;167840;103635;7;271482;84346;104171;188517;0,359019883;0,180421181;0,222828052;0,403249233
58;REGIONAL;14/06/21;2021;24;ARS Algarve;All;15352;13423;0;28775;183192;117058;7;300257;86300;117792;204092;0,391858736;0,184600905;0,251964192;0,436565097
59;REGIONAL;21/06/21;2021;25;ARS Algarve;All;19342;10189;2;29533;202534;127247;9;329790;96443;128364;224807;0,433232441;0,206297394;0,274578338;0,480875731
60;REGIONAL;28/06/21;2021;26;ARS Algarve;All;17176;16411;7;33594;219710;143658;16;363384;99322;145116;244438;0,469972941;0,212455748;0,310411876;0,522867624
61;REGIONAL;05/07/21;2021;27;ARS Algarve;All;19186;31675;1;50862;238896;175333;17;414246;87493;177372;264865;0,511012952;0,187152804;0,379409405;0,566562209
62;REGIONAL;12/07/21;2021;28;ARS Algarve;All;9813;26953;4;36770;248709;202286;21;451016;76355;204817;281172;0,532003551;0,16332795;0,438115916;0,601443866
63;REGIONAL;19/07/21;2021;29;ARS Algarve;All;4337;27189;1;31527;253046;229475;22;482543;58653;232624;291277;0,541280655;0,125462304;0,497596766;0,62305907
64;REGIONAL;26/07/21;2021;30;ARS Algarve;All;3976;24707;3;28686;257022;254182;25;511229;41943;257949;299892;0,549785559;0,089718607;0,551768468;0,641487075
65;REGIONAL;02/08/21;2021;31;ARS Algarve;All;3920;22598;1;26519;260942;276780;26;537748;26597;281197;307794;0,558170676;0,056892587;0,601497342;0,658389929
66;REGIONAL;09/08/21;2021;32;ARS Algarve;All;11396;13985;2;25383;272338;290765;28;563131;28708;296103;324811;0,582547407;0,061408143;0,633382175;0,694790319
67;REGIONAL;16/08/21;2021;33;ARS Algarve;All;16587;7735;2;24324;288925;298500;30;587455;39897;305002;344899;0,618028;0,085342089;0,652417673;0,737759762
68;REGIONAL;23/08/21;2021;34;ARS Algarve;All;13543;5277;0;18820;302468;303777;30;606275;48676;311397;360073;0,646997294;0,1041209;0,666096964;0,770217863
69;REGIONAL;04/01/21;2021;1;ARS Centro;All;9046;14;0;9060;15689;15;0;15704;15674;17;15691;0,009451774;0,009442738;1,02E-05;0,009452979
70;REGIONAL;11/01/21;2021;2;ARS Centro;All;12655;25;1;12681;28344;40;1;28385;28298;48;28346;0,017075727;0,017048015;2,89E-05;0,017076932
71;REGIONAL;18/01/21;2021;3;ARS Centro;All;36766;6316;2;43084;65110;6356;3;71469;58733;6379;65112;0,039225255;0,035383457;0,003843003;0,039226459
72;REGIONAL;25/01/21;2021;4;ARS Centro;All;4873;8540;3;13416;69983;14896;6;84885;55064;14921;69985;0,042160974;0,033173083;0,008989096;0,042162178
73;REGIONAL;01/02/21;2021;5;ARS Centro;All;2712;9160;0;11872;72695;24056;6;96757;48617;24081;72698;0,043794807;0,029289114;0,0145075;0,043796614
74;REGIONAL;08/02/21;2021;6;ARS Centro;All;7536;27120;4;34660;80231;51176;10;131417;29030;51204;80234;0,048334839;0,017489005;0,030847641;0,048336647
75;REGIONAL;15/02/21;2021;7;ARS Centro;All;25536;9997;3;35536;105767;61173;13;166953;44560;61210;105770;0,063718899;0,026844991;0,036875715;0,063720706
76;REGIONAL;22/02/21;2021;8;ARS Centro;All;38423;3120;1;41544;144190;64293;14;208497;79856;64337;144193;0,086866679;0,048108922;0,038759564;0,086868486
77;REGIONAL;01/03/21;2021;9;ARS Centro;All;28527;5941;1;34469;172717;70234;15;242966;102449;70281;172730;0,104052654;0,061719983;0,042340502;0,104060486
78;REGIONAL;08/03/21;2021;10;ARS Centro;All;17718;13549;0;31267;190435;83783;15;274233;106625;83838;190463;0,114726791;0,064235797;0,050507862;0,114743659
79;REGIONAL;15/03/21;2021;11;ARS Centro;All;16688;24203;2;40893;207123;107986;17;315126;99118;108043;207161;0,124780408;0,059713236;0,065090066;0,124803301
80;REGIONAL;22/03/21;2021;12;ARS Centro;All;47859;4385;1;52245;254982;112371;18;367371;142591;112436;255027;0,153612868;0,085903368;0,067736611;0,153639978
81;REGIONAL;29/03/21;2021;13;ARS Centro;All;24397;16798;2;41197;279379;129169;20;408568;150200;129237;279437;0,168310742;0,090487379;0,077858305;0,168345683
82;REGIONAL;05/04/21;2021;14;ARS Centro;All;49892;10245;0;60137;329271;139414;20;468705;189854;139489;329343;0,198367974;0,11437677;0,08403458;0,19841135
83;REGIONAL;12/04/21;2021;15;ARS Centro;All;77655;12043;2;89700;406926;151457;22;558405;255449;151554;407003;0,245150913;0,15389421;0,091303091;0,245197301
84;REGIONAL;19/04/21;2021;16;ARS Centro;All;30046;24198;6;54250;436972;175655;28;612655;261284;175768;437052;0,263252003;0,157409482;0,105890716;0,263300199
85;REGIONAL;26/04/21;2021;17;ARS Centro;All;56602;17950;0;74552;493574;193605;28;687207;301172;193759;494931;0,297351648;0,181439846;0,116729321;0,298169167
86;REGIONAL;03/05/21;2021;18;ARS Centro;All;59972;49160;1;109133;553546;242765;29;796340;317726;243022;560748;0,333481535;0,191412736;0,146407615;0,337820351
87;REGIONAL;10/05/21;2021;19;ARS Centro;All;50654;55751;0;106405;604200;298516;29;902745;318563;298870;617433;0,363997831;0,191916983;0,180053015;0,371969998
88;REGIONAL;17/05/21;2021;20;ARS Centro;All;44862;41736;3;86601;649062;340252;32;989346;328886;341170;670056;0,391024761;0,198136032;0,205536478;0,40367251
89;REGIONAL;24/05/21;2021;21;ARS Centro;All;24195;56283;6;80484;673257;396535;38;1069830;304283;398300;702583;0,40560094;0,183314055;0,239954214;0,423268269
90;REGIONAL;31/05/21;2021;22;ARS Centro;All;44261;37747;0;82008;717518;434282;38;1151838;310536;438665;749201;0,432265799;0,187081149;0,264271944;0,451353094
91;REGIONAL;07/06/21;2021;23;ARS Centro;All;58322;40851;1;99174;775840;475133;39;1251012;327498;481792;809290;0,467401651;0,197299837;0,29025363;0,487553467
92;REGIONAL;14/06/21;2021;24;ARS Centro;All;51971;65737;6;117714;827811;540870;45;1368726;317547;549607;867154;0,498711368;0,191304898;0,331108501;0,522413398
93;REGIONAL;21/06/21;2021;25;ARS Centro;All;59541;47696;3;107240;887352;588566;48;1475966;333240;599773;933013;0,534581601;0,200759082;0,361330803;0,562089885
94;REGIONAL;28/06/21;2021;26;ARS Centro;All;49878;77069;2;126949;937230;665635;50;1602915;305740;679371;985111;0,564630399;0,184191819;0,409284294;0,593476113
95;REGIONAL;05/07/21;2021;27;ARS Centro;All;59467;104825;9;164301;996697;770460;59;1767216;264454;788144;1052598;0,600456052;0,159319236;0,474814145;0,634133382
96;REGIONAL;12/07/21;2021;28;ARS Centro;All;28547;82048;7;110602;1025244;852508;66;1877818;221397;874132;1095529;0,617654076;0,133379722;0,526617266;0,659996988
97;REGIONAL;19/07/21;2021;29;ARS Centro;All;16870;80670;15;97555;1042114;933178;81;1975373;168817;959133;1127950;0,627817338;0,101703115;0,577825773;0,679528887
98;REGIONAL;26/07/21;2021;30;ARS Centro;All;14377;68896;5;83278;1056491;1002074;86;2058651;122256;1033125;1155381;0,636478704;0,07365263;0,622401952;0,696054582
99;REGIONAL;02/08/21;2021;31;ARS Centro;All;19211;75017;4;94232;1075702;1077091;90;2152883;80758;1112921;1193679;0,648052292;0,048652328;0,670474727;0,719127056
100;REGIONAL;09/08/21;2021;32;ARS Centro;All;50366;46817;5;97188;1126068;1123908;95;2250071;99058;1168371;1267429;0,678395084;0,059677089;0,703880354;0,763557443
101;REGIONAL;16/08/21;2021;33;ARS Centro;All;61131;35881;7;97019;1187199;1159789;102;2347090;137475;1211916;1349391;0,715223206;0,082821254;0,730113862;0,812935117
102;REGIONAL;23/08/21;2021;34;ARS Centro;All;50970;18318;2;69290;1238169;1178107;104;2416380;169808;1236270;1406078;0,745929875;0,102300139;0,74478583;0,847085969
103;REGIONAL;04/01/21;2021;1;ARS Lisboa e Vale do Tejo;All;12736;17;0;12753;23471;18;0;23489;23453;18;23471;0,00637525;0,006370361;4,89E-06;0,00637525
104;REGIONAL;11/01/21;2021;2;ARS Lisboa e Vale do Tejo;All;13230;1107;0;14337;36701;1125;0;37826;35568;1133;36701;0,009968815;0,009661067;0,000307748;0,009968815
105;REGIONAL;18/01/21;2021;3;ARS Lisboa e Vale do Tejo;All;37794;9062;0;46856;74495;10187;0;84682;64232;10264;74496;0,020234513;0,017446852;0,002787933;0,020234785
106;REGIONAL;25/01/21;2021;4;ARS Lisboa e Vale do Tejo;All;17280;11896;2;29178;91775;22083;2;113860;69605;22172;91777;0,024928149;0,01890628;0,006022413;0,024928692
107;REGIONAL;01/02/21;2021;5;ARS Lisboa e Vale do Tejo;All;8715;8931;0;17646;100490;31014;2;131506;69385;31110;100495;0,027295339;0,018846523;0,008450174;0,027296697
108;REGIONAL;08/02/21;2021;6;ARS Lisboa e Vale do Tejo;All;14370;30401;0;44771;114860;61415;2;176277;53232;61633;114865;0,031198553;0,014459006;0,016740906;0,031199911
109;REGIONAL;15/02/21;2021;7;ARS Lisboa e Vale do Tejo;All;33011;19060;0;52071;147871;80475;2;228348;67126;80750;147876;0,040165081;0,018232928;0,021933512;0,040166439
110;REGIONAL;22/02/21;2021;8;ARS Lisboa e Vale do Tejo;All;49372;6665;0;56037;197243;87140;2;284385;109661;87587;197248;0,053575624;0,029786388;0,023790594;0,053576982
111;REGIONAL;01/03/21;2021;9;ARS Lisboa e Vale do Tejo;All;45158;12816;0;57974;242401;99956;2;342359;141969;100444;242413;0,06584155;0,038561966;0,027282844;0,06584481
112;REGIONAL;08/03/21;2021;10;ARS Lisboa e Vale do Tejo;All;33843;16571;0;50414;276244;116527;2;392773;159225;117043;276268;0,075034068;0,043249082;0,031791505;0,075040587
113;REGIONAL;15/03/21;2021;11;ARS Lisboa e Vale do Tejo;All;26144;29016;1;55161;302388;145543;3;447934;156337;146081;302418;0,082135365;0,042464637;0,039678877;0,082143514
114;REGIONAL;22/03/21;2021;12;ARS Lisboa e Vale do Tejo;All;89403;7650;0;97053;391791;153193;3;544987;238041;153788;391829;0,106419226;0,064657276;0,041772271;0,106429548
115;REGIONAL;29/03/21;2021;13;ARS Lisboa e Vale do Tejo;All;45632;23882;0;69514;437423;177075;3;614501;259770;177702;437472;0,118813901;0,07055936;0,04826785;0,11882721
116;REGIONAL;05/04/21;2021;14;ARS Lisboa e Vale do Tejo;All;87479;19678;1;107158;524902;196753;4;721659;327575;197427;525002;0,14257516;0,08897672;0,053625603;0,142602322
117;REGIONAL;12/04/21;2021;15;ARS Lisboa e Vale do Tejo;All;163662;14348;1;178011;688564;211101;5;899670;476865;211813;688678;0,187029431;0,129527233;0,057533163;0,187060396
118;REGIONAL;19/04/21;2021;16;ARS Lisboa e Vale do Tejo;All;79302;53719;1;133022;767866;264820;6;1032692;502356;265627;767983;0,208569634;0,136451161;0,072150253;0,208601413
119;REGIONAL;26/04/21;2021;17;ARS Lisboa e Vale do Tejo;All;107717;25598;1;133316;875583;290418;7;1166008;584437;291293;875730;0,237827987;0,158746202;0,079121714;0,237867916
120;REGIONAL;03/05/21;2021;18;ARS Lisboa e Vale do Tejo;All;107881;65469;6;173356;983464;355887;13;1339364;629478;356844;986322;0,267130888;0,170980348;0,096926837;0,267907184
121;REGIONAL;10/05/21;2021;19;ARS Lisboa e Vale do Tejo;All;90527;113121;3;203651;1073991;469008;16;1543015;609296;470135;1079431;0,291720052;0,165498464;0,127699214;0,293197678
122;REGIONAL;17/05/21;2021;20;ARS Lisboa e Vale do Tejo;All;110051;71180;1;181232;1184042;540188;17;1724247;650000;542115;1192115;0,321612373;0,176554583;0,147250597;0,32380518
123;REGIONAL;24/05/21;2021;21;ARS Lisboa e Vale do Tejo;All;110748;88859;4;199611;1294790;629047;21;1923858;677005;638918;1315923;0,351694014;0,183889747;0,173544464;0,357434211
124;REGIONAL;31/05/21;2021;22;ARS Lisboa e Vale do Tejo;All;92224;86780;8;179012;1387014;715827;29;2102870;698566;730339;1428905;0,376744122;0,189746199;0,198376458;0,388122657
125;REGIONAL;07/06/21;2021;23;ARS Lisboa e Vale do Tejo;All;152093;53960;3;206056;1539107;769787;32;2308926;804995;790553;1595548;0,418055993;0,218654703;0,214731932;0,433386635
126;REGIONAL;14/06/21;2021;24;ARS Lisboa e Vale do Tejo;All;147618;121243;4;268865;1686725;891030;36;2577791;834530;917768;1752298;0,458152354;0,226677072;0,24928638;0,475963452
127;REGIONAL;21/06/21;2021;25;ARS Lisboa e Vale do Tejo;All;120041;153575;15;273631;1806766;1044605;51;2851422;809286;1077612;1886898;0,490758182;0,219820235;0,292703597;0,512523831
128;REGIONAL;28/06/21;2021;26;ARS Lisboa e Vale do Tejo;All;130358;166430;10;296798;1937124;1211035;61;3148220;776605;1251716;2028321;0,52616634;0,210943342;0,339994149;0,550937491
129;REGIONAL;05/07/21;2021;27;ARS Lisboa e Vale do Tejo;All;143732;273322;10;417064;2080856;1484357;71;3565284;648655;1535010;2183665;0,565207176;0,176189251;0,416943156;0,593132407
130;REGIONAL;12/07/21;2021;28;ARS Lisboa e Vale do Tejo;All;79871;215486;14;295371;2160727;1699843;85;3860655;542182;1759848;2302030;0,586901932;0,147268796;0,478014201;0,625282997
131;REGIONAL;19/07/21;2021;29;ARS Lisboa e Vale do Tejo;All;57003;185356;9;242368;2217730;1885199;94;4103023;453973;1956101;2410074;0,602385225;0,123309252;0,531320919;0,654630171
132;REGIONAL;26/07/21;2021;30;ARS Lisboa e Vale do Tejo;All;36297;180128;17;216442;2254027;2065327;111;4319465;336350;2147916;2484266;0,612244305;0,091360206;0,583422177;0,674782383
133;REGIONAL;02/08/21;2021;31;ARS Lisboa e Vale do Tejo;All;45322;177963;8;223293;2299349;2243290;119;4542758;232491;2340371;2572862;0,624554777;0,063149772;0,635697272;0,698847044
134;REGIONAL;09/08/21;2021;32;ARS Lisboa e Vale do Tejo;All;106904;110603;3;217510;2406253;2353893;122;4760268;250735;2472085;2722820;0,653592302;0,068105252;0,67147375;0,739579002
135;REGIONAL;16/08/21;2021;33;ARS Lisboa e Vale do Tejo;All;106895;90574;8;197477;2513148;2444467;130;4957745;291194;2578598;2869792;0,682627382;0,079094824;0,700405071;0,779499894
136;REGIONAL;23/08/21;2021;34;ARS Lisboa e Vale do Tejo;All;88832;60470;7;149309;2601980;2504937;137;5107054;331933;2653586;2985519;0,706756146;0,09016045;0,720773494;0,810933944
137;REGIONAL;04/01/21;2021;1;ARS Norte;All;16695;28;0;16723;30062;33;0;30095;30031;38;30069;0,008391588;0,008382935;1,06E-05;0,008393542
138;REGIONAL;11/01/21;2021;2;ARS Norte;All;15399;33;0;15432;45461;66;0;45527;45377;91;45468;0,012690107;0,012666659;2,54E-05;0,012692061
139;REGIONAL;18/01/21;2021;3;ARS Norte;All;32486;12743;1;45230;77947;12809;1;90757;65093;12861;77954;0,021758337;0,018170236;0,003590054;0,021760291
140;REGIONAL;25/01/21;2021;4;ARS Norte;All;14406;15725;2;30133;92353;28534;3;120890;63769;28592;92361;0,025779667;0,017800651;0,007981248;0,0257819
141;REGIONAL;01/02/21;2021;5;ARS Norte;All;5678;12291;1;17970;98031;40825;4;138860;57160;40883;98043;0,027364639;0,015955797;0,011412191;0,027367989
142;REGIONAL;08/02/21;2021;6;ARS Norte;All;8940;28955;6;37901;106971;69780;10;176761;37129;69854;106983;0,029860175;0,01036429;0,019499235;0,029863524
143;REGIONAL;15/02/21;2021;7;ARS Norte;All;33067;15208;4;48279;140038;84988;14;225040;54919;85131;140050;0,039090587;0,015330238;0,023763698;0,039093936
144;REGIONAL;22/02/21;2021;8;ARS Norte;All;64868;4358;0;69226;204906;89346;14;294266;115326;89592;204918;0,057198016;0,032192412;0,025008954;0,057201365
145;REGIONAL;01/03/21;2021;9;ARS Norte;All;48109;7127;2;55238;253015;96473;16;349504;156296;96736;253032;0,070627292;0,043628889;0,027003149;0,070632038
146;REGIONAL;08/03/21;2021;10;ARS Norte;All;25755;14201;0;39956;278770;110674;16;389460;167850;110951;278801;0,077816613;0,046854104;0,030971163;0,077825266
147;REGIONAL;15/03/21;2021;11;ARS Norte;All;26955;42414;4;69373;305725;153088;20;458833;152392;153372;305764;0,085340904;0,042539116;0,042812675;0,085351791
148;REGIONAL;22/03/21;2021;12;ARS Norte;All;89128;2437;0;91565;394853;155525;20;550398;239076;155822;394898;0,110220336;0,066736322;0,043496575;0,110232897
149;REGIONAL;29/03/21;2021;13;ARS Norte;All;54204;32746;1;86951;449057;188271;21;637349;260547;188578;449125;0,125350987;0,072729795;0,052640174;0,125369969
150;REGIONAL;05/04/21;2021;14;ARS Norte;All;82526;13739;5;96270;531583;202010;26;733619;329363;202330;531693;0,148387518;0,09193928;0,056478944;0,148418224
151;REGIONAL;12/04/21;2021;15;ARS Norte;All;136090;19220;1;155311;667673;221230;27;888930;446212;221578;667790;0,186376049;0,124556826;0,061851883;0,186408709
152;REGIONAL;19/04/21;2021;16;ARS Norte;All;65314;46516;2;111832;732987;267746;29;1000762;464831;268274;733105;0,204607976;0,129754184;0,074886731;0,204640915
153;REGIONAL;26/04/21;2021;17;ARS Norte;All;126927;36780;3;163710;859914;304526;32;1164472;554893;305164;860057;0,240038723;0,154894335;0,085184305;0,24007864
154;REGIONAL;03/05/21;2021;18;ARS Norte;All;155767;73339;3;229109;1015681;377865;35;1393581;637322;378715;1016037;0,283519945;0,177903789;0,105715531;0,28361932
155;REGIONAL;10/05/21;2021;19;ARS Norte;All;100081;101141;7;201229;1115762;479006;42;1594810;642343;480538;1122881;0,311456826;0,179305365;0,134138679;0,313444043
156;REGIONAL;17/05/21;2021;20;ARS Norte;All;111093;71241;4;182338;1226855;550247;46;1777148;682221;559396;1241617;0,342467627;0,190437017;0,156151314;0,346588332
157;REGIONAL;24/05/21;2021;21;ARS Norte;All;73197;129255;11;202463;1300052;679502;57;1979611;634210;700780;1334990;0,362900036;0,177035097;0,195617627;0,372652724
158;REGIONAL;31/05/21;2021;22;ARS Norte;All;55145;172667;19;227831;1355197;852169;76;2207442;535070;879349;1414419;0,378293361;0,149360889;0,245463861;0,39482475
159;REGIONAL;07/06/21;2021;23;ARS Norte;All;106963;106727;7;213697;1462160;958896;83;2421139;533378;995732;1529110;0,408151302;0,148888579;0,277951327;0,426839906
160;REGIONAL;14/06/21;2021;24;ARS Norte;All;105278;152625;12;257915;1567438;1111521;95;2679054;492284;1157794;1650078;0,437538888;0,137417489;0,323189753;0,460607241
161;REGIONAL;21/06/21;2021;25;ARS Norte;All;146404;105517;5;251926;1713842;1217038;100;2930980;537233;1275825;1813058;0,478406497;0,149964674;0,356137246;0,50610192
162;REGIONAL;28/06/21;2021;26;ARS Norte;All;163791;117430;8;281229;1877633;1334468;108;3212209;575849;1407453;1983302;0,52412756;0,160744049;0,392880242;0,553624291
163;REGIONAL;05/07/21;2021;27;ARS Norte;All;176171;158260;13;334444;2053804;1492728;121;3546653;590424;1583359;2173783;0,57330441;0,164812554;0,441983119;0,606795673
164;REGIONAL;12/07/21;2021;28;ARS Norte;All;105421;157073;19;262513;2159225;1649801;140;3809166;572121;1756593;2328714;0,602731914;0,159703405;0,490340127;0,650043532
165;REGIONAL;19/07/21;2021;29;ARS Norte;All;51764;189746;13;241523;2210989;1839547;153;4050689;473023;1959290;2432313;0,617181457;0,132040921;0,546921517;0,678962438
166;REGIONAL;26/07/21;2021;30;ARS Norte;All;35309;185507;16;220832;2246298;2025054;169;4271521;347186;2156133;2503319;0,627037707;0,09691444;0,601868805;0,698783245
167;REGIONAL;02/08/21;2021;31;ARS Norte;All;41683;189985;16;231684;2287981;2215039;185;4503205;225613;2357847;2583460;0,638673212;0,062978224;0,658175797;0,721154021
168;REGIONAL;09/08/21;2021;32;ARS Norte;All;118936;148045;6;266987;2406917;2363084;191;4770192;238317;2523543;2761860;0,67187333;0,066524453;0,704428627;0,77095308
169;REGIONAL;16/08/21;2021;33;ARS Norte;All;148405;80939;6;229350;2555322;2444023;197;4999542;324543;2623943;2948486;0,713299503;0,090593812;0,732454555;0,823048367
170;REGIONAL;23/08/21;2021;34;ARS Norte;All;118924;33900;3;152827;2674246;2477923;200;5152369;397293;2673424;3070717;0,746496271;0,110901444;0,746266815;0,857168259
171;REGIONAL;04/01/21;2021;1;RA Madeira;All;1831;2;0;1833;2534;2;0;2536;2532;2;2534;0,010093205;0,010085239;7,97E-06;0,010093205
172;REGIONAL;11/01/21;2021;2;RA Madeira;All;1796;3;0;1799;4330;5;0;4335;4322;8;4330;0,017246873;0,017215008;3,19E-05;0,017246873
173;REGIONAL;18/01/21;2021;3;RA Madeira;All;1162;595;1;1758;5492;600;1;6093;4889;603;5492;0,021875249;0,019473433;0,002401816;0,021875249
174;REGIONAL;25/01/21;2021;4;RA Madeira;All;479;1724;3;2206;5971;2324;4;8299;3644;2327;5971;0,023783159;0,014514459;0,009268701;0,023783159
175;REGIONAL;01/02/21;2021;5;RA Madeira;All;2252;1543;0;3795;8223;3867;4;12094;4353;3870;8223;0,032753127;0,017338485;0,015414642;0,032753127
176;REGIONAL;08/02/21;2021;6;RA Madeira;All;3180;1160;1;4341;11403;5027;5;16435;6373;5030;11403;0,045419422;0,02538437;0,020035051;0,045419422
177;REGIONAL;15/02/21;2021;7;RA Madeira;All;2590;710;1;3301;13993;5737;6;19736;8253;5740;13993;0,055735681;0,03287262;0,022863061;0,055735681
178;REGIONAL;22/02/21;2021;8;RA Madeira;All;2269;2161;1;4431;16262;7898;7;24167;8361;7901;16262;0,064773361;0,033302796;0,031470565;0,064773361
179;REGIONAL;01/03/21;2021;9;RA Madeira;All;1455;3131;3;4589;17717;11029;10;28756;6686;11032;17718;0,070568788;0,026631084;0,043941687;0,070572771
180;REGIONAL;08/03/21;2021;10;RA Madeira;All;4971;2390;0;7361;22688;13419;10;36117;9267;13422;22689;0,090368836;0,036911495;0,053461324;0,090372819
181;REGIONAL;15/03/21;2021;11;RA Madeira;All;3121;2328;2;5451;25809;15747;12;41568;10059;15751;25810;0,102800127;0,04006612;0,062737991;0,102804111
182;REGIONAL;22/03/21;2021;12;RA Madeira;All;5490;193;0;5683;31299;15940;12;47251;15356;15944;31300;0,12466741;0,061164662;0,063506731;0,124671393
183;REGIONAL;29/03/21;2021;13;RA Madeira;All;1220;1260;1;2481;32519;17200;13;49732;15317;17204;32521;0,129526806;0,06100932;0,068525452;0,129534773
184;REGIONAL;05/04/21;2021;14;RA Madeira;All;10222;1299;0;11521;42741;18499;13;61253;24239;18504;42743;0,170242173;0,096546642;0,073703497;0,170250139
185;REGIONAL;12/04/21;2021;15;RA Madeira;All;8528;1306;0;9834;51269;19805;13;71087;31462;19810;51272;0,204210149;0,125316657;0,078905441;0,204222098
186;REGIONAL;19/04/21;2021;16;RA Madeira;All;9828;2143;1;11972;61097;21948;14;83059;39142;21959;61101;0,24335617;0,155906955;0,087465148;0,243372102
187;REGIONAL;26/04/21;2021;17;RA Madeira;All;8816;827;2;9645;69913;22775;16;92704;47147;22788;69935;0,278471282;0,187791763;0,090767147;0,27855891
188;REGIONAL;03/05/21;2021;18;RA Madeira;All;7650;5345;0;12995;77563;28120;16;105699;49460;28146;77606;0,308942086;0,1970047;0,112108659;0,309113359
189;REGIONAL;10/05/21;2021;19;RA Madeira;All;11592;6554;5;18151;89155;34674;21;123850;54488;34711;89199;0,355114315;0,217031785;0,138257787;0,355289572
190;REGIONAL;17/05/21;2021;20;RA Madeira;All;2390;7708;7;10105;91545;42382;28;133955;49172;42425;91597;0,364633952;0,195857564;0,16898351;0,364841074
191;REGIONAL;24/05/21;2021;21;RA Madeira;All;3494;8986;3;12483;95039;51368;31;146438;43675;51425;95100;0,378550944;0,173962399;0,204831514;0,378793914
192;REGIONAL;31/05/21;2021;22;RA Madeira;All;7638;10997;6;18641;102677;62365;37;165079;40618;62459;103077;0,40897395;0,161786027;0,248781168;0,410567195
193;REGIONAL;07/06/21;2021;23;RA Madeira;All;3709;15282;5;18996;106386;77647;42;184075;31113;77771;108884;0,423747311;0,123926551;0,309770573;0,433697124
194;REGIONAL;14/06/21;2021;24;RA Madeira;All;3756;8350;5;12111;110142;85997;47;196186;29018;86148;115166;0,438707879;0,115581933;0,343137099;0,458719031
195;REGIONAL;21/06/21;2021;25;RA Madeira;All;12613;3744;14;16371;122755;89741;61;212557;37947;89965;127912;0,488946865;0,151147136;0,358340636;0,509487772
196;REGIONAL;28/06/21;2021;26;RA Madeira;All;10148;12365;21;22534;132903;102106;82;235091;35835;102418;138253;0,529367482;0,142734804;0,407942325;0,550677129
197;REGIONAL;05/07/21;2021;27;RA Madeira;All;12778;7003;9;19790;145681;109109;91;254881;41767;109673;151440;0,580263682;0,166362622;0,436839799;0,603202422
198;REGIONAL;12/07/21;2021;28;RA Madeira;All;10660;5903;8;16571;156341;115012;99;271452;47477;116101;163578;0,622723652;0,18910619;0,462443241;0,65154943
199;REGIONAL;19/07/21;2021;29;RA Madeira;All;4259;14830;8;19097;160600;129842;107;290549;39209;131155;170364;0,639687724;0,156173823;0,522405003;0,678578826
200;REGIONAL;26/07/21;2021;30;RA Madeira;All;5569;13880;5;19454;166169;143722;112;310003;33958;145321;179279;0,661869673;0,135258504;0,578829762;0,714088266
201;REGIONAL;02/08/21;2021;31;RA Madeira;All;4556;14364;1;18921;170725;158086;113;328924;25989;159976;185965;0,680016729;0,103517088;0,637202262;0,74071935
202;REGIONAL;09/08/21;2021;32;RA Madeira;All;5414;11041;3;16458;176139;169127;116;345382;21846;171242;193088;0,701581295;0,087015056;0,682075998;0,769091054
203;REGIONAL;16/08/21;2021;33;RA Madeira;All;3620;8150;4;11774;179759;177277;120;357156;18388;179589;197977;0,716000159;0,073241456;0,71532303;0,788564487
204;REGIONAL;23/08/21;2021;34;RA Madeira;All;1963;5409;2;7374;181722;182686;122;364530;15627;185146;200773;0,723819007;0,062244085;0,737457182;0,799701267
205;REGIONAL;04/01/21;2021;1;RA Acores;All;3679;3;1;3683;5717;4;4;5725;5713;4;5717;0,024157325;0,024140423;1,69E-05;0,024157325
206;REGIONAL;11/01/21;2021;2;RA Acores;All;23;3;0;26;5740;7;4;5751;5733;7;5740;0,024254512;0,024224933;2,96E-05;0,024254512
207;REGIONAL;18/01/21;2021;3;RA Acores;All;83;1982;5;2070;5823;1989;9;7821;3834;1989;5823;0,02460523;0,016200662;0,008404569;0,02460523
208;REGIONAL;25/01/21;2021;4;RA Acores;All;310;3610;9;3929;6133;5599;18;11750;534;5599;6133;0,025915143;0,00225643;0,023658713;0,025915143
209;REGIONAL;01/02/21;2021;5;RA Acores;All;1870;35;1;1906;8003;5634;19;13656;2369;5634;8003;0,033816874;0,010010268;0,023806606;0,033816874
210;REGIONAL;08/02/21;2021;6;RA Acores;All;1062;55;1;1118;9065;5689;20;14774;3376;5689;9065;0,038304381;0,014265371;0,02403901;0,038304381
211;REGIONAL;15/02/21;2021;7;RA Acores;All;2096;363;2;2461;11161;6052;22;17235;5109;6052;11161;0,047161081;0,021588206;0,025572876;0,047161081
212;REGIONAL;22/02/21;2021;8;RA Acores;All;1495;1639;8;3142;12656;7691;30;20377;4964;7692;12656;0,053478241;0,020975505;0,032502736;0,053478241
213;REGIONAL;01/03/21;2021;9;RA Acores;All;782;1193;5;1980;13438;8884;35;22357;4553;8885;13438;0,056782601;0,019238814;0,037543787;0,056782601
214;REGIONAL;08/03/21;2021;10;RA Acores;All;2755;2070;3;4828;16193;10954;38;27185;5238;10955;16193;0,068423922;0,022133298;0,046290623;0,068423922
215;REGIONAL;15/03/21;2021;11;RA Acores;All;2516;1454;10;3980;18709;12408;48;31165;6298;12412;18710;0,079055342;0,026612355;0,052447213;0,079059567
216;REGIONAL;22/03/21;2021;12;RA Acores;All;4151;745;6;4902;22860;13153;54;36067;9701;13160;22861;0,096595495;0,040991815;0,055607905;0,09659972
217;REGIONAL;29/03/21;2021;13;RA Acores;All;2219;774;4;2997;25079;13927;58;39064;11147;13934;25081;0,105971934;0,047101924;0,058878461;0,105980385
218;REGIONAL;05/04/21;2021;14;RA Acores;All;3886;2355;15;6256;28965;16282;73;45320;12680;16291;28971;0,122392323;0,053579653;0,068838023;0,122417676
219;REGIONAL;12/04/21;2021;15;RA Acores;All;4212;2386;18;6616;33177;18668;91;51936;14504;18679;33183;0,140190233;0,06128701;0,078928576;0,140215586
220;REGIONAL;19/04/21;2021;16;RA Acores;All;7861;1069;18;8948;41038;19737;109;60884;21285;19759;41044;0,173407083;0,089940293;0,083492143;0,173432436
221;REGIONAL;26/04/21;2021;17;RA Acores;All;9295;2977;16;12288;50333;22714;125;73172;27613;22743;50356;0,212683335;0,116679414;0,096101108;0,212780522
222;REGIONAL;03/05/21;2021;18;RA Acores;All;9716;2949;20;12685;60049;25663;145;85857;34406;25699;60105;0,253738533;0,145383403;0,108591759;0,253975162
223;REGIONAL;10/05/21;2021;19;RA Acores;All;9434;2412;15;11861;69483;28075;160;97718;41420;28122;69542;0,293602133;0,175021233;0,118830206;0,293851439
224;REGIONAL;17/05/21;2021;20;RA Acores;All;12077;5174;14;17265;81560;33249;174;114983;48315;33310;81625;0,344633795;0,204156226;0,140752228;0,344908454
225;REGIONAL;24/05/21;2021;21;RA Acores;All;5597;8170;93;13860;87157;41419;267;128843;45741;41491;87232;0,368284057;0,193279726;0,175321246;0,368600971
226;REGIONAL;31/05/21;2021;22;RA Acores;All;5519;10476;31;16026;92676;51895;298;144869;40825;51992;92817;0,391604728;0,172507046;0,21969348;0,392200527
227;REGIONAL;07/06/21;2021;23;RA Acores;All;7864;12183;57;20104;100540;64078;355;164973;36489;64214;100703;0,424834254;0,154185171;0,271337843;0,425523014
228;REGIONAL;14/06/21;2021;24;RA Acores;All;9243;7845;88;17176;109783;71923;443;182149;38298;72111;110409;0,463890779;0,161829145;0,304706812;0,466535957
229;REGIONAL;21/06/21;2021;25;RA Acores;All;7546;10012;366;17924;117329;81935;809;200073;38330;82178;120508;0,495776588;0,161964362;0,347245169;0,509209531
230;REGIONAL;28/06/21;2021;26;RA Acores;All;6720;12473;195;19388;124049;94408;1004;219461;33992;94752;128744;0,524172114;0,143634036;0,400376917;0,544010953
231;REGIONAL;05/07/21;2021;27;RA Acores;All;6203;16294;65;22562;130252;110702;1069;242023;25696;111175;136871;0,550383044;0,108579083;0,469772709;0,578351792
232;REGIONAL;12/07/21;2021;28;RA Acores;All;2964;11898;56;14918;133216;122600;1125;256941;18406;123158;141564;0,562907499;0,077775008;0,520407172;0,598182179
233;REGIONAL;19/07/21;2021;29;RA Acores;All;5693;9004;42;14739;138909;131604;1167;271680;16775;132358;149133;0,586963411;0,070883177;0,559281999;0,630165176
234;REGIONAL;26/07/21;2021;30;RA Acores;All;6983;8988;31;16002;145892;140592;1198;287682;17186;141694;158880;0,61647025;0,072619868;0,598731497;0,671351365
235;REGIONAL;02/08/21;2021;31;RA Acores;All;9582;6643;24;16249;155474;147235;1222;303931;23454;148651;172105;0,656959228;0,099105456;0,628128473;0,727233929
236;REGIONAL;09/08/21;2021;32;RA Acores;All;4984;6542;33;11559;160458;153777;1255;315490;23242;155444;178686;0,678019243;0,098209645;0,656832462;0,755042107
237;REGIONAL;16/08/21;2021;33;RA Acores;All;2253;7169;35;9457;162711;160946;1290;324947;19012;162720;181732;0,68753935;0,080335676;0,68757738;0,767913056
238;REGIONAL;23/08/21;2021;34;RA Acores;All;5669;9293;14;14976;168380;170239;1304;339923;15679;172137;187816;0,71149385;0,066252002;0,727369146;0,793621148
239;REGIONAL;04/01/21;2021;1;Outro;All;0;0;0;0;0;0;0;0;0;0;0;NA;NA;NA;NA
240;REGIONAL;11/01/21;2021;2;Outro;All;0;0;0;0;0;0;0;0;0;0;0;NA;NA;NA;NA
241;REGIONAL;18/01/21;2021;3;Outro;All;0;0;0;0;0;0;0;0;0;0;0;NA;NA;NA;NA
242;REGIONAL;25/01/21;2021;4;Outro;All;0;0;0;0;0;0;0;0;0;0;0;NA;NA;NA;NA
243;REGIONAL;01/02/21;2021;5;Outro;All;0;0;0;0;0;0;0;0;0;0;0;NA;NA;NA;NA
244;REGIONAL;08/02/21;2021;6;Outro;All;0;0;0;0;0;0;0;0;0;0;0;NA;NA;NA;NA
245;REGIONAL;15/02/21;2021;7;Outro;All;0;0;0;0;0;0;0;0;0;0;0;NA;NA;NA;NA
246;REGIONAL;22/02/21;2021;8;Outro;All;0;0;0;0;0;0;0;0;0;0;0;NA;NA;NA;NA
247;REGIONAL;01/03/21;2021;9;Outro;All;0;0;0;0;0;0;0;0;0;0;0;NA;NA;NA;NA
248;REGIONAL;08/03/21;2021;10;Outro;All;0;0;0;0;0;0;0;0;0;0;0;NA;NA;NA;NA
249;REGIONAL;15/03/21;2021;11;Outro;All;0;0;0;0;0;0;0;0;0;0;0;NA;NA;NA;NA
250;REGIONAL;22/03/21;2021;12;Outro;All;0;0;0;0;0;0;0;0;0;0;0;NA;NA;NA;NA
251;REGIONAL;29/03/21;2021;13;Outro;All;0;0;0;0;0;0;0;0;0;0;0;NA;NA;NA;NA
252;REGIONAL;05/04/21;2021;14;Outro;All;0;0;0;0;0;0;0;0;0;0;0;NA;NA;NA;NA
253;REGIONAL;12/04/21;2021;15;Outro;All;0;0;0;0;0;0;0;0;0;0;0;NA;NA;NA;NA
254;REGIONAL;19/04/21;2021;16;Outro;All;0;0;0;0;0;0;0;0;0;0;0;NA;NA;NA;NA
255;REGIONAL;26/04/21;2021;17;Outro;All;0;0;0;0;0;0;0;0;0;0;0;NA;NA;NA;NA
256;REGIONAL;03/05/21;2021;18;Outro;All;0;0;0;0;0;0;0;0;0;0;0;NA;NA;NA;NA
257;REGIONAL;10/05/21;2021;19;Outro;All;0;0;0;0;0;0;0;0;0;0;0;NA;NA;NA;NA
258;REGIONAL;17/05/21;2021;20;Outro;All;0;0;0;0;0;0;0;0;0;0;0;NA;NA;NA;NA
259;REGIONAL;24/05/21;2021;21;Outro;All;0;0;0;0;0;0;0;0;0;0;0;NA;NA;NA;NA
260;REGIONAL;31/05/21;2021;22;Outro;All;0;0;0;0;0;0;0;0;0;0;0;NA;NA;NA;NA
261;REGIONAL;07/06/21;2021;23;Outro;All;0;0;0;0;0;0;0;0;0;0;0;NA;NA;NA;NA
262;REGIONAL;14/06/21;2021;24;Outro;All;0;0;0;0;0;0;0;0;0;0;0;NA;NA;NA;NA
263;REGIONAL;21/06/21;2021;25;Outro;All;0;0;0;0;0;0;0;0;0;0;0;NA;NA;NA;NA
264;REGIONAL;28/06/21;2021;26;Outro;All;0;0;0;0;0;0;0;0;0;0;0;NA;NA;NA;NA
265;REGIONAL;05/07/21;2021;27;Outro;All;0;0;0;0;0;0;0;0;0;0;0;NA;NA;NA;NA
266;REGIONAL;12/07/21;2021;28;Outro;All;0;0;0;0;0;0;0;0;0;0;0;NA;NA;NA;NA
267;REGIONAL;19/07/21;2021;29;Outro;All;0;0;0;0;0;0;0;0;0;0;0;NA;NA;NA;NA
268;REGIONAL;26/07/21;2021;30;Outro;All;0;0;0;0;0;0;0;0;0;0;0;NA;NA;NA;NA
269;REGIONAL;02/08/21;2021;31;Outro;All;0;0;0;0;0;0;0;0;0;0;0;NA;NA;NA;NA
270;REGIONAL;09/08/21;2021;32;Outro;All;0;0;0;0;0;0;0;0;0;0;0;NA;NA;NA;NA
271;REGIONAL;16/08/21;2021;33;Outro;All;0;0;0;0;0;0;0;0;0;0;0;NA;NA;NA;NA
272;REGIONAL;23/08/21;2021;34;Outro;All;0;0;0;0;0;0;0;0;0;0;0;NA;NA;NA;NA
307;AGES;04/01/21;2021;1;All;12-17 anos;4;0;0;4;6;0;0;6;6;0;6;9,64E-06;9,64E-06;0;9,63872E-06
308;AGES;11/01/21;2021;2;All;12-17 anos;15;0;0;15;21;0;0;21;21;0;21;3,37E-05;3,37E-05;0;3,37355E-05
309;AGES;18/01/21;2021;3;All;12-17 anos;70;1;0;71;91;1;0;92;90;1;91;0,000146187;0,000144581;1,60645E-06;0,000146187
310;AGES;25/01/21;2021;4;All;12-17 anos;14;3;0;17;105;4;0;109;101;4;105;0,000168678;0,000162252;6,42582E-06;0,000168678
311;AGES;01/02/21;2021;5;All;12-17 anos;35;4;0;39;140;8;0;148;132;8;140;0,000224904;0,000212052;1,28516E-05;0,000224904
312;AGES;08/02/21;2021;6;All;12-17 anos;38;66;0;104;178;74;0;252;104;74;178;0,000285949;0,000167071;0,000118878;0,000285949
313;AGES;15/02/21;2021;7;All;12-17 anos;32;16;0;48;210;90;0;300;120;90;210;0,000337355;0,000192774;0,000144581;0,000337355
314;AGES;22/02/21;2021;8;All;12-17 anos;23;32;0;55;233;122;0;355;111;122;233;0,000374304;0,000178316;0,000195987;0,000374304
315;AGES;01/03/21;2021;9;All;12-17 anos;12;30;0;42;245;152;0;397;93;152;245;0,000393581;0,0001494;0,000244181;0,000393581
316;AGES;08/03/21;2021;10;All;12-17 anos;17;25;0;42;262;177;0;439;85;177;262;0,000420891;0,000136549;0,000284342;0,000420891
317;AGES;15/03/21;2021;11;All;12-17 anos;5;23;0;28;267;200;0;467;67;200;267;0,000428923;0,000107632;0,000321291;0,000428923
318;AGES;22/03/21;2021;12;All;12-17 anos;31;11;0;42;298;211;0;509;87;211;298;0,000478723;0,000139762;0,000338962;0,000478723
319;AGES;29/03/21;2021;13;All;12-17 anos;16;14;0;30;314;225;0;539;89;225;314;0,000504427;0,000142974;0,000361452;0,000504427
320;AGES;05/04/21;2021;14;All;12-17 anos;29;4;0;33;343;229;0;572;114;229;343;0,000551014;0,000183136;0,000367878;0,000551014
321;AGES;12/04/21;2021;15;All;12-17 anos;45;6;0;51;388;235;0;623;153;235;388;0,000623304;0,000245787;0,000377517;0,000623304
322;AGES;19/04/21;2021;16;All;12-17 anos;32;14;0;46;420;249;0;669;169;251;420;0,000674711;0,000271491;0,00040322;0,000674711
323;AGES;26/04/21;2021;17;All;12-17 anos;49;28;0;77;469;277;0;746;190;279;469;0,000753427;0,000305226;0,000448201;0,000753427
324;AGES;03/05/21;2021;18;All;12-17 anos;109;15;1;125;578;292;1;871;284;294;578;0,00092853;0,000456233;0,000472298;0,00092853
325;AGES;10/05/21;2021;19;All;12-17 anos;160;44;0;204;738;336;1;1075;400;338;738;0,001185563;0,000642582;0,000542981;0,001185563
326;AGES;17/05/21;2021;20;All;12-17 anos;314;25;0;339;1052;361;1;1414;689;363;1052;0,00168999;0,001106847;0,000583143;0,00168999
327;AGES;24/05/21;2021;21;All;12-17 anos;297;39;0;336;1349;400;1;1750;941;408;1349;0,002167107;0,001511673;0,000655433;0,002167107
328;AGES;31/05/21;2021;22;All;12-17 anos;268;112;0;380;1617;512;1;2130;1086;531;1617;0,002597636;0,001744609;0,000853027;0,002597636
329;AGES;07/06/21;2021;23;All;12-17 anos;391;163;0;554;2008;675;1;2684;1310;699;2009;0,00322576;0,002104455;0,001122911;0,003227366
330;AGES;14/06/21;2021;24;All;12-17 anos;576;329;0;905;2584;1004;1;3589;1553;1033;2586;0,004151077;0,002494823;0,001659467;0,00415429
331;AGES;21/06/21;2021;25;All;12-17 anos;400;289;2;691;2984;1293;3;4280;1662;1328;2990;0,004793659;0,002669927;0,002133371;0,004803298
332;AGES;28/06/21;2021;26;All;12-17 anos;210;270;0;480;3194;1563;3;4760;1597;1603;3200;0,005131014;0,002565507;0,002575146;0,005140653
333;AGES;05/07/21;2021;27;All;12-17 anos;420;656;1;1077;3614;2219;4;5837;1352;2268;3620;0,005805725;0,002171926;0,003643438;0,005815364
334;AGES;12/07/21;2021;28;All;12-17 anos;250;312;2;564;3864;2531;6;6401;1288;2597;3885;0,006207339;0,002069113;0,004171961;0,006241074
335;AGES;19/07/21;2021;29;All;12-17 anos;252;257;1;510;4116;2788;7;6911;1274;2874;4148;0,006612165;0,002046623;0,004616949;0,006663572
336;AGES;26/07/21;2021;30;All;12-17 anos;1605;374;0;1979;5721;3162;7;8890;2472;3290;5762;0,009190524;0,003971155;0,005285234;0,009256388
337;AGES;02/08/21;2021;31;All;12-17 anos;4571;193;1;4765;10292;3355;8;13655;6724;3639;10363;0,016533625;0,010801797;0,005845886;0,016647684
338;AGES;09/08/21;2021;32;All;12-17 anos;142176;400;2;142578;152468;3755;10;156233;137407;15257;152664;0,244932842;0,220738037;0,02450967;0,245247707
339;AGES;16/08/21;2021;33;All;12-17 anos;177077;1555;1;178633;329545;5310;11;334866;300796;29010;329806;0,529398913;0,483214964;0,046603233;0,529818198
340;AGES;23/08/21;2021;34;All;12-17 anos;131747;3373;3;135123;461292;8683;14;469989;420430;41148;461578;0,74104442;0,675401493;0,066102373;0,741503866
341;AGES;04/01/21;2021;1;All;18-24 anos;1828;3;0;1831;3191;4;0;3195;3186;5;3191;0,004084872;0,004078472;6,40061E-06;0,004084872
342;AGES;11/01/21;2021;2;All;18-24 anos;1425;56;0;1481;4616;60;0;4676;4555;61;4616;0,005909047;0,00583096;7,80875E-05;0,005909047
343;AGES;18/01/21;2021;3;All;18-24 anos;3846;1198;0;5044;8462;1258;0;9720;7201;1261;8462;0,0108324;0,009218165;0,001614235;0,0108324
344;AGES;25/01/21;2021;4;All;18-24 anos;1386;1643;1;3030;9848;2901;1;12750;6946;2904;9850;0,01260665;0,008891734;0,003717477;0,01260921
345;AGES;01/02/21;2021;5;All;18-24 anos;985;943;0;1928;10833;3844;1;14678;6989;3847;10836;0,013867571;0,008946779;0,004924633;0,013871412
346;AGES;08/02/21;2021;6;All;18-24 anos;1469;3068;0;4537;12302;6912;1;19215;5386;6919;12305;0,015748072;0,006894742;0,00885717;0,015751912
347;AGES;15/02/21;2021;7;All;18-24 anos;2324;1744;1;4069;14626;8656;2;23284;5957;8672;14629;0,018723077;0,007625692;0,011101226;0,018726918
348;AGES;22/02/21;2021;8;All;18-24 anos;1322;699;0;2021;15948;9355;2;25305;6568;9383;15951;0,0204154;0,008407847;0,012011393;0,02041924
349;AGES;01/03/21;2021;9;All;18-24 anos;937;1037;1;1975;16885;10392;3;27280;6466;10423;16889;0,021614875;0,008277275;0,013342721;0,021619996
350;AGES;08/03/21;2021;10;All;18-24 anos;1372;641;1;2014;18257;11033;4;29294;7193;11071;18264;0,023371204;0,009207924;0,014172241;0,023380164
351;AGES;15/03/21;2021;11;All;18-24 anos;265;388;2;655;18522;11421;6;29949;7070;11460;18530;0,023710436;0,009050469;0,014670208;0,023720677
352;AGES;22/03/21;2021;12;All;18-24 anos;3218;161;0;3379;21740;11582;6;33328;10125;11624;21749;0,027829872;0,012961244;0,014880148;0,027841393
353;AGES;29/03/21;2021;13;All;18-24 anos;673;91;0;764;22413;11673;6;34092;10704;11720;22424;0,028691394;0,013702435;0,01500304;0,028705476
354;AGES;05/04/21;2021;14;All;18-24 anos;790;158;0;948;23203;11831;6;35040;11347;11879;23226;0,029702691;0,014525554;0,01520658;0,029732134
355;AGES;12/04/21;2021;15;All;18-24 anos;4294;94;0;4388;27497;11925;6;39428;15552;11975;27527;0,035199539;0,019908471;0,015329472;0,035237943
356;AGES;19/04/21;2021;16;All;18-24 anos;1299;91;0;1390;28796;12016;6;40818;16746;12080;28826;0,036862419;0,021436938;0,015463885;0,036900822
357;AGES;26/04/21;2021;17;All;18-24 anos;2666;172;0;2838;31462;12188;6;43656;19260;12261;31521;0,040275226;0,024655167;0,015695587;0,040350754
358;AGES;03/05/21;2021;18;All;18-24 anos;1832;829;1;2662;33294;13017;7;46318;20302;13101;33403;0,042620412;0,025989055;0,01677089;0,042759945
359;AGES;10/05/21;2021;19;All;18-24 anos;2227;5402;0;7629;35521;18419;7;53947;17122;18523;35645;0,045471245;0,021918264;0,023711716;0,04562998
360;AGES;17/05/21;2021;20;All;18-24 anos;2082;2449;0;4531;37603;20868;7;58478;16719;21012;37731;0,048136461;0,021402375;0,026897942;0,048300317
361;AGES;24/05/21;2021;21;All;18-24 anos;2242;3275;0;5517;39845;24143;7;63995;15528;24465;39993;0,051006497;0,019877748;0,031318207;0,051195955
362;AGES;31/05/21;2021;22;All;18-24 anos;2307;2664;2;4973;42152;26807;9;68968;14973;27335;42308;0,05395974;0,01916728;0,034992159;0,054159439
363;AGES;07/06/21;2021;23;All;18-24 anos;2782;2903;1;5686;44934;29710;10;74654;14688;30428;45116;0,057521042;0,018802445;0,038951579;0,057754024
364;AGES;14/06/21;2021;24;All;18-24 anos;2998;4535;2;7535;47932;34245;12;82189;13217;35169;48386;0,06135885;0,016919384;0,045020642;0,061940026
365;AGES;21/06/21;2021;25;All;18-24 anos;2704;2995;7;5706;50636;37240;19;87895;13187;38405;51592;0,064820303;0,016880981;0,04916312;0,0660441
366;AGES;28/06/21;2021;26;All;18-24 anos;1966;3040;7;5013;52602;40280;26;92908;12475;41570;54045;0,067337024;0,015969533;0,053214709;0,069184242
367;AGES;05/07/21;2021;27;All;18-24 anos;11747;5022;12;16781;64349;45302;38;109689;20019;47378;67397;0,082374628;0,02562678;0,060649662;0,086276443
368;AGES;12/07/21;2021;28;All;18-24 anos;14044;7763;7;21814;78393;53065;45;131503;31290;56263;87553;0,100352674;0,040055045;0,072023554;0,1120786
369;AGES;19/07/21;2021;29;All;18-24 anos;19423;19570;0;38993;97816;72635;45;170496;46434;77851;124285;0,125216501;0,059441226;0,099658847;0,159100074
370;AGES;26/07/21;2021;30;All;18-24 anos;20890;22507;13;43410;118706;95142;58;213906;62026;102565;164591;0,151958268;0,079400902;0,131295804;0,210696707
371;AGES;02/08/21;2021;31;All;18-24 anos;53683;56286;6;109975;172389;151428;64;323881;101771;164461;266232;0,220679105;0,130279387;0,210530291;0,340809678
372;AGES;09/08/21;2021;32;All;18-24 anos;87095;82310;7;169412;259484;233738;71;493293;165358;257949;423307;0,332171408;0,211678561;0,33020642;0,541884981
373;AGES;16/08/21;2021;33;All;18-24 anos;93782;74005;12;167799;353266;307743;83;661092;229334;343726;573060;0,452223893;0,293575703;0,440011521;0,733587224
374;AGES;23/08/21;2021;34;All;18-24 anos;56043;43288;6;99337;409309;351031;89;760429;249825;393499;643324;0,523965821;0,319806701;0,503727078;0,823533779
375;AGES;04/01/21;2021;1;All;25-49 anos;27831;50;0;27881;51783;57;2;51842;51729;60;51789;0,015543164;0,015526956;1,80096E-05;0,015544965
376;AGES;11/01/21;2021;2;All;25-49 anos;16665;798;0;17463;68448;855;2;69305;67591;863;68454;0,020545324;0,020288087;0,000259038;0,020547125
377;AGES;18/01/21;2021;3;All;25-49 anos;37653;21814;6;59473;106101;22669;8;128778;83409;22699;106108;0,031847233;0,025036012;0,006813323;0,031849334
378;AGES;25/01/21;2021;4;All;25-49 anos;15723;26255;10;41988;121824;48924;18;170766;72866;48965;121831;0,036566642;0,021871429;0,014697315;0,036568744
379;AGES;01/02/21;2021;5;All;25-49 anos;10053;12564;2;22619;131877;61488;20;193385;70359;61531;131890;0,039584147;0,021118929;0,01846912;0,039588049
380;AGES;08/02/21;2021;6;All;25-49 anos;13864;30905;5;44774;145741;92393;25;238159;53277;92477;145754;0,04374556;0,015991603;0,027757859;0,043749462
381;AGES;15/02/21;2021;7;All;25-49 anos;22390;19059;6;41455;168131;111452;31;279614;56552;111592;168144;0,050466133;0,016974625;0,03349541;0,050470035
382;AGES;22/02/21;2021;8;All;25-49 anos;11632;7319;2;18953;179763;118771;33;298567;60766;119010;179776;0,053957589;0,018239498;0,035721993;0,053961491
383;AGES;01/03/21;2021;9;All;25-49 anos;7612;10017;6;17635;187375;128788;39;316202;58336;129062;187398;0,056242404;0,01751011;0,038739198;0,056249308
384;AGES;08/03/21;2021;10;All;25-49 anos;16379;6237;2;22618;203754;135025;41;338820;68472;135322;203794;0,061158718;0,020552528;0,040618197;0,061170724
385;AGES;15/03/21;2021;11;All;25-49 anos;4603;3253;6;7862;208357;138278;47;346682;69819;138587;208406;0,062540353;0,020956843;0,041598218;0,062555061
386;AGES;22/03/21;2021;12;All;25-49 anos;42320;1605;0;43925;250677;139883;47;390607;110516;140215;250731;0,075243107;0,033172438;0,042086878;0,075259315
387;AGES;29/03/21;2021;13;All;25-49 anos;4657;1086;2;5745;255334;140969;49;396352;114090;141322;255412;0,07664095;0,034245208;0,042419154;0,076664362
388;AGES;05/04/21;2021;14;All;25-49 anos;9064;1237;1;10302;264398;142206;50;406654;121959;142573;264532;0,079361597;0,036607164;0,042794654;0,079401818
389;AGES;12/04/21;2021;15;All;25-49 anos;89231;785;0;90016;353629;142991;50;496670;210389;143384;353773;0,106145137;0,063150277;0,043038083;0,10618836
390;AGES;19/04/21;2021;16;All;25-49 anos;11072;842;1;11915;364701;143833;51;508585;220473;144376;364849;0,109468504;0,066177086;0,043335842;0,109512928
391;AGES;26/04/21;2021;17;All;25-49 anos;11015;944;3;11962;375716;144777;54;520547;230558;145379;375937;0,112774762;0,069204196;0,043636902;0,112841098
392;AGES;03/05/21;2021;18;All;25-49 anos;10305;8049;4;18358;386021;152826;58;538905;232840;153500;386340;0,115867907;0,06988916;0,046074498;0,115963658
393;AGES;10/05/21;2021;19;All;25-49 anos;25081;100334;7;125422;411102;253160;65;664327;157419;254096;411515;0,12339621;0,047250823;0,076269352;0,123520176
394;AGES;17/05/21;2021;20;All;25-49 anos;32542;21980;7;54529;443644;275140;72;718856;167598;276583;444181;0,133164003;0,050306148;0,083019041;0,133325189
395;AGES;24/05/21;2021;21;All;25-49 anos;26212;18344;7;44563;469856;293484;79;763419;173734;296923;470657;0,141031787;0,052147927;0,089124287;0,141272214
396;AGES;31/05/21;2021;22;All;25-49 anos;42409;23768;25;66202;512265;317252;104;829621;190602;322843;513445;0,153761255;0,057211019;0,096904424;0,154115443
397;AGES;07/06/21;2021;23;All;25-49 anos;128005;32032;22;160059;640270;349284;126;989680;283761;359759;643520;0,192183184;0,085173587;0,107985116;0,193158702
398;AGES;14/06/21;2021;24;All;25-49 anos;240131;85380;39;325550;880401;434664;165;1315230;446373;454510;900883;0,264260807;0,133983139;0,136425537;0,270408676
399;AGES;21/06/21;2021;25;All;25-49 anos;272745;56163;160;329068;1153146;490827;325;1644298;675952;523144;1199096;0,346127836;0,202893478;0,157026691;0,35992017
400;AGES;28/06/21;2021;26;All;25-49 anos;315195;61369;123;376687;1468341;552196;448;2020985;930400;600622;1531022;0,44073664;0,279268487;0,180282456;0,459550943
401;AGES;05/07/21;2021;27;All;25-49 anos;368492;146809;20;515321;1836833;699005;468;2536306;1157543;770176;1927719;0,551343049;0,347447638;0,231175716;0,578623354
402;AGES;12/07/21;2021;28;All;25-49 anos;208183;316081;56;524320;2045016;1015086;524;3060626;1124408;1107040;2231448;0,613831174;0,33750185;0,332288678;0,669790528
403;AGES;19/07/21;2021;29;All;25-49 anos;103520;343244;55;446819;2148536;1358330;579;3507445;962814;1465967;2428781;0,644903695;0,28899786;0,440024061;0,729021921
404;AGES;26/07/21;2021;30;All;25-49 anos;61239;353238;37;414514;2209775;1711568;616;3921959;720113;1833082;2553195;0,663285169;0,216148826;0,55021715;0,766365977
405;AGES;02/08/21;2021;31;All;25-49 anos;52297;382426;40;434763;2262072;2093994;656;4356722;427403;2229904;2657307;0,678982615;0,128289111;0,669327081;0,797616193
406;AGES;09/08/21;2021;32;All;25-49 anos;70068;236549;35;306652;2332140;2330543;691;4663374;301141;2485289;2786430;0,700014198;0,090390361;0,745983339;0,8363737
407;AGES;16/08/21;2021;33;All;25-49 anos;77622;144448;31;222101;2409762;2474991;722;4885475;262262;2645291;2907553;0,723313186;0,078720456;0,794009475;0,872729931
408;AGES;23/08/21;2021;34;All;25-49 anos;87907;79014;15;166936;2497669;2554005;737;5052411;275123;2740384;3015507;0,749699315;0,082580808;0,822552551;0,905133359
409;AGES;04/01/21;2021;1;All;50-64 anos;12985;7;0;12992;22218;7;0;22225;22212;9;22221;0,01021902;0,010216261;4,13949E-06;0,0102204
410;AGES;11/01/21;2021;2;All;50-64 anos;11688;303;0;11991;33906;310;0;34216;33588;321;33909;0,015594838;0,015448576;0,000147642;0,015596218
411;AGES;18/01/21;2021;3;All;50-64 anos;27424;8591;2;36017;61330;8901;2;70233;52409;8924;61333;0,028208323;0,024105169;0,004104534;0,028209703
412;AGES;25/01/21;2021;4;All;50-64 anos;10767;12407;6;23180;72097;21308;8;93413;50767;21333;72100;0,033160533;0,023349942;0,009811971;0,033161912
413;AGES;01/02/21;2021;5;All;50-64 anos;5542;9216;0;14758;77639;30524;8;108171;47094;30550;77644;0,035709538;0,02166057;0,014051268;0,035711838
414;AGES;08/02/21;2021;6;All;50-64 anos;6878;22279;3;29160;84517;52803;11;137331;31670;52852;84522;0,038873029;0,014566405;0,024308924;0,038875328
415;AGES;15/02/21;2021;7;All;50-64 anos;25109;12957;1;38067;109626;65760;12;175398;43800;65831;109631;0,050421745;0,020145517;0,030278528;0,050424045
416;AGES;22/02/21;2021;8;All;50-64 anos;49804;4957;4;54765;159430;70717;16;230163;88568;70867;159435;0,073328761;0,040736259;0,032594802;0,073331061
417;AGES;01/03/21;2021;9;All;50-64 anos;30151;5980;3;36134;189581;76697;19;266297;112730;76860;189590;0,087196512;0,051849409;0,035351243;0,087200652
418;AGES;08/03/21;2021;10;All;50-64 anos;22251;4274;0;26525;211832;80971;19;292822;130704;81145;211849;0,097430711;0,06011643;0,0373221;0,09743853
419;AGES;15/03/21;2021;11;All;50-64 anos;4532;2302;1;6835;216364;83273;20;299657;132937;83454;216391;0,099515174;0,061143483;0,038384109;0,099527592
420;AGES;22/03/21;2021;12;All;50-64 anos;34527;968;2;35497;250891;84241;22;335154;166479;84447;250926;0,115395636;0,076570902;0,038840832;0,115411734
421;AGES;29/03/21;2021;13;All;50-64 anos;7765;745;1;8511;258656;84986;23;343665;173510;85197;258707;0,118967096;0,079804763;0,03918579;0,118990553
422;AGES;05/04/21;2021;14;All;50-64 anos;15145;923;1;16069;273801;85909;24;359734;187750;86134;273884;0,125932938;0,086354356;0,039616757;0,125971113
423;AGES;12/04/21;2021;15;All;50-64 anos;87976;557;0;88533;361777;86466;24;448267;275162;86708;361870;0,16639691;0,12655892;0,039880764;0,166439685
424;AGES;19/04/21;2021;16;All;50-64 anos;14408;1786;4;16198;376185;88252;28;464465;287707;88573;376280;0,173023773;0,132328909;0,040738559;0,173067468
425;AGES;26/04/21;2021;17;All;50-64 anos;32888;2929;4;35821;409073;91181;32;500286;317883;91549;409432;0,188150389;0,146208158;0,04210735;0,188315508
426;AGES;03/05/21;2021;18;All;50-64 anos;151434;14754;10;166198;560507;105935;42;666484;460064;106461;566525;0,257801443;0,211603358;0,048966024;0,260569382
427;AGES;10/05/21;2021;19;All;50-64 anos;166668;109662;11;276341;727175;215597;53;942825;526420;216489;742909;0,334459275;0,242123356;0,099572667;0,341696023
428;AGES;17/05/21;2021;20;All;50-64 anos;224716;75705;12;300433;951891;291302;65;1243258;690866;294999;985865;0,437815895;0,317759193;0,135682816;0,453442009
429;AGES;24/05/21;2021;21;All;50-64 anos;175222;98381;83;273686;1127113;389683;148;1516944;802850;402345;1205195;0,518408081;0,369265484;0,18505589;0,554321374
430;AGES;31/05/21;2021;22;All;50-64 anos;163638;168698;15;332351;1290751;558381;163;1849295;839852;578925;1418777;0,593672284;0,386284307;0,266272679;0,652556986
431;AGES;07/06/21;2021;23;All;50-64 anos;209810;139105;41;348956;1500561;697486;204;2198251;923462;728684;1652146;0,690172989;0,424740167;0,335153329;0,759893496
432;AGES;14/06/21;2021;24;All;50-64 anos;86229;230920;63;317212;1586790;928406;267;2515463;789045;965802;1754847;0,729833441;0,362915967;0,444214166;0,807130133
433;AGES;21/06/21;2021;25;All;50-64 anos;86492;183584;212;270288;1673282;1111990;479;2785751;700993;1156297;1857290;0,769614857;0,322417039;0,531831067;0,854248105
434;AGES;28/06/21;2021;26;All;50-64 anos;59340;178685;72;238097;1732622;1290675;551;3023848;582294;1341311;1923605;0,796907893;0,267822228;0,616927018;0,884749246
435;AGES;05/07/21;2021;27;All;50-64 anos;41392;257725;49;299166;1774014;1548400;600;3323014;366329;1605654;1971983;0,815945867;0,168490572;0,738509811;0,907000383
436;AGES;12/07/21;2021;28;All;50-64 anos;15388;134309;30;149727;1789402;1682709;630;3472741;252793;1745703;1998496;0,823023474;0,116270449;0,802924412;0,91919486
437;AGES;19/07/21;2021;29;All;50-64 anos;10902;114832;24;125758;1800304;1797541;654;3598499;160910;1866959;2027869;0,828037776;0,074009478;0,858695297;0,932704775
438;AGES;26/07/21;2021;30;All;50-64 anos;9808;87232;19;97059;1810112;1884773;673;3695558;93582;1960787;2054369;0,8325489;0,043042415;0,901850858;0,944893272
439;AGES;02/08/21;2021;31;All;50-64 anos;8578;53843;15;62436;1818690;1938616;688;3757994;56861;2020664;2077525;0,836494294;0,026152836;0,929390883;0,95554372
440;AGES;09/08/21;2021;32;All;50-64 anos;7318;24209;5;31532;1826008;1962825;693;3789526;45897;2050022;2095919;0,839860159;0,021110018;0,942893899;0,964003917
441;AGES;16/08/21;2021;33;All;50-64 anos;7498;12899;12;20409;1833506;1975724;705;3809935;43819;2067100;2110919;0,843308814;0,020154256;0,950748811;0,970903066
442;AGES;23/08/21;2021;34;All;50-64 anos;11266;8112;2;19380;1844772;1983836;707;3829315;47173;2079942;2127115;0,848490535;0,021696906;0,956655403;0,978352308
443;AGES;04/01/21;2021;1;All;65-79 anos;2299;1;0;2300;3258;1;0;3259;3257;1;3258;0,002001157;0,002000543;6,14229E-07;0,002001157
444;AGES;11/01/21;2021;2;All;65-79 anos;5536;27;0;5563;8794;28;0;8822;8759;35;8794;0,005401527;0,005380029;2,1498E-05;0,005401527
445;AGES;18/01/21;2021;3;All;65-79 anos;14095;917;0;15012;22889;945;0;23834;21926;963;22889;0,014059081;0,013467579;0,000591502;0,014059081
446;AGES;25/01/21;2021;4;All;65-79 anos;6535;2153;0;8688;29424;3098;0;32522;26304;3120;29424;0,018073066;0,016156673;0,001916394;0,018073066
447;AGES;01/02/21;2021;5;All;65-79 anos;2757;4173;0;6930;32181;7271;0;39452;24888;7293;32181;0,019766495;0,015286925;0,00447957;0,019766495
448;AGES;08/02/21;2021;6;All;65-79 anos;3747;11519;2;15268;35928;18790;2;54720;17105;18823;35928;0,02206801;0,010506382;0,011561627;0,02206801
449;AGES;15/02/21;2021;7;All;65-79 anos;5100;7237;0;12337;41028;26027;2;67057;14957;26071;41028;0,025200576;0,009187019;0,016013557;0,025200576
450;AGES;22/02/21;2021;8;All;65-79 anos;11650;2458;3;14111;52678;28485;5;81168;24109;28569;52678;0,032356341;0,01480844;0,017547901;0,032356341
451;AGES;01/03/21;2021;9;All;65-79 anos;13259;3798;1;17058;65937;32283;6;98226;33574;32371;65945;0,0405004;0,020622115;0,019883198;0,040505314
452;AGES;08/03/21;2021;10;All;65-79 anos;15858;3560;0;19418;81795;35843;6;117644;45877;35939;81816;0,050240839;0,028178972;0,022074766;0,050253738
453;AGES;15/03/21;2021;11;All;65-79 anos;18103;6826;4;24933;99898;42669;10;142577;57158;42767;99925;0,061360222;0,035108086;0,02626872;0,061376806
454;AGES;22/03/21;2021;12;All;65-79 anos;52758;2188;3;54949;152656;44857;13;197526;107721;44970;152691;0,093765701;0,066165333;0,027621866;0,093787199
455;AGES;29/03/21;2021;13;All;65-79 anos;88220;7343;1;95564;240876;52200;14;293090;188598;52320;240918;0,14795296;0,11584231;0,032136447;0,147978758
456;AGES;05/04/21;2021;14;All;65-79 anos;201330;5301;6;206637;442206;57501;20;499727;384617;57647;442264;0,27161563;0,236242812;0,035408444;0,271651256
457;AGES;12/04/21;2021;15;All;65-79 anos;233687;3551;8;237246;675893;61052;28;736973;614730;61222;675952;0,4151529;0,377584828;0,037604311;0,415189139
458;AGES;19/04/21;2021;16;All;65-79 anos;175760;13199;11;188970;851653;74251;39;925943;777251;74464;851715;0,523109742;0,477409896;0,045737928;0,523147824
459;AGES;26/04/21;2021;17;All;65-79 anos;293208;46326;11;339545;1144861;120577;50;1265488;1025029;120894;1145923;0,70320652;0,629602262;0,074256568;0,703858831
460;AGES;03/05/21;2021;18;All;65-79 anos;202446;164105;10;366561;1347307;284682;60;1632049;1069770;285133;1354903;0,827554669;0,65708347;0,175136881;0,832220351
461;AGES;10/05/21;2021;19;All;65-79 anos;91529;80142;10;171681;1438836;364824;70;1803730;1088718;365538;1454256;0,883774411;0,668721876;0,224523942;0,893245818
462;AGES;17/05/21;2021;20;All;65-79 anos;41302;111630;11;152943;1480138;476454;81;1956673;1018940;481806;1500746;0,909143286;0,625862224;0,295939088;0,921801312
463;AGES;24/05/21;2021;21;All;65-79 anos;23616;202476;28;226120;1503754;678930;109;2182793;836465;692526;1528991;0,923648912;0,513780836;0,425369366;0,939150202
464;AGES;31/05/21;2021;22;All;65-79 anos;18675;137403;21;156099;1522429;816333;130;2338892;720521;832850;1553371;0,935119633;0,4425647;0,511560399;0,954125099
465;AGES;07/06/21;2021;23;All;65-79 anos;16070;71589;8;87667;1538499;887922;138;2426559;664505;907053;1571558;0,944990289;0,408158063;0,557138014;0,965296077
466;AGES;14/06/21;2021;24;All;65-79 anos;10884;62516;12;73412;1549383;950438;150;2499971;612468;971327;1583795;0,951675555;0,376195443;0,596616951;0,972812394
467;AGES;21/06/21;2021;25;All;65-79 anos;10295;97094;21;107410;1559678;1047532;171;2607381;525568;1070433;1596001;0,957999039;0,322818966;0,657490704;0,98030967
468;AGES;28/06/21;2021;26;All;65-79 anos;9059;182142;43;191244;1568737;1229674;214;2798625;351689;1254755;1606444;0,963563337;0,216017488;0,770706572;0,98672406
469;AGES;05/07/21;2021;27;All;65-79 anos;8157;203730;23;211910;1576894;1433404;237;3010535;154704;1460990;1615694;0,968573601;0,095023642;0,897382034;0,992405676
470;AGES;12/07/21;2021;28;All;65-79 anos;5483;57654;12;63149;1582377;1491058;249;3073684;101808;1521641;1623449;0,971941417;0,062533399;0,934635621;0,99716902
471;AGES;19/07/21;2021;29;All;65-79 anos;7138;42524;9;49671;1589515;1533582;258;3123355;64335;1568982;1633317;0,976325782;0,039516405;0,963713823;1,00000000
472;AGES;26/07/21;2021;30;All;65-79 anos;8620;32352;7;40979;1598135;1565934;265;3164334;36937;1607206;1644143;0,981620434;0,022687767;0,987192102;1,00000000
473;AGES;02/08/21;2021;31;All;65-79 anos;7605;11680;4;19289;1605740;1577614;269;3183623;29271;1624283;1653554;0,986291643;0,017979089;0,997681287;1,00000000
474;AGES;09/08/21;2021;32;All;65-79 anos;4586;6243;2;10831;1610326;1583857;271;3194454;26079;1633517;1659596;0,989108496;0,016018471;1,00000000;1,00000000
475;AGES;16/08/21;2021;33;All;65-79 anos;3682;2969;5;6656;1614008;1586826;276;3201110;25810;1638623;1664433;0,991370086;0,015853244;1,00000000;1,00000000
476;AGES;23/08/21;2021;34;All;65-79 anos;4275;2474;1;6750;1618283;1589300;277;3207860;26867;1643170;1670037;0,993995914;0,016502483;1,00000000;1,00000000
477;AGES;04/01/21;2021;1;All;80 ou mais anos;3767;7;1;3775;4030;7;2;4039;4022;8;4030;0,005912645;0,005900908;1,17373E-05;0,005912645
478;AGES;11/01/21;2021;2;All;80 ou mais anos;14489;0;1;14490;18519;7;3;18529;18495;24;18519;0,027170293;0,027135081;3,52118E-05;0,027170293
479;AGES;18/01/21;2021;3;All;80 ou mais anos;39025;256;1;39282;57544;263;4;57811;57200;344;57544;0,084426121;0,083921419;0,000504702;0,084426121
480;AGES;25/01/21;2021;4;All;80 ou mais anos;7364;3385;2;10751;64908;3648;6;68562;61175;3733;64908;0,09523027;0,089753371;0,0054769;0,09523027
481;AGES;01/02/21;2021;5;All;80 ou mais anos;4524;10642;0;15166;69432;14290;6;83728;55052;14380;69432;0,101867692;0,080769964;0,021097727;0,101867692
482;AGES;08/02/21;2021;6;All;80 ou mais anos;14826;31528;2;46356;84258;45818;8;130084;38287;45971;84258;0,123619771;0,056173066;0,067446705;0,123619771
483;AGES;15/02/21;2021;7;All;80 ou mais anos;48609;9249;2;57860;132867;55067;10;187944;77609;55258;132867;0,194936839;0,11386464;0,081072199;0,194936839
484;AGES;22/02/21;2021;8;All;80 ou mais anos;102537;5195;1;107733;235404;60262;11;295677;174896;60508;235404;0,345374785;0,256600009;0,088774777;0,345374785
485;AGES;01/03/21;2021;9;All;80 ou mais anos;87177;12743;1;99921;322581;73005;12;395598;249319;73262;322581;0,47327719;0,365790284;0,107486906;0,47327719
486;AGES;08/03/21;2021;10;All;80 ou mais anos;40125;37261;0;77386;362706;110266;12;472984;252177;110529;362706;0,532146892;0,369983421;0,162163471;0,532146892
487;AGES;15/03/21;2021;11;All;80 ou mais anos;54338;97365;6;151709;417044;207631;18;624693;209137;207907;417044;0,611869306;0,306836955;0,305032351;0,611869306
488;AGES;22/03/21;2021;12;All;80 ou mais anos;124519;16896;2;141417;541563;224527;20;766110;316744;224819;541563;0,794558312;0,464713391;0,329844921;0,794558312
489;AGES;29/03/21;2021;13;All;80 ou mais anos;36727;75385;4;112116;578290;299912;24;878226;278080;300211;578291;0,848442612;0,407987206;0,440456873;0,848444079
490;AGES;05/04/21;2021;14;All;80 ou mais anos;30364;45801;13;76178;608654;345713;37;954404;262628;346027;608655;0,892991388;0,385316686;0,507676169;0,892992855
491;AGES;12/04/21;2021;15;All;80 ou mais anos;10500;49444;14;59958;619154;395157;51;1014362;223662;395493;619155;0,908396543;0,32814742;0,580250591;0,908398011
492;AGES;19/04/21;2021;16;All;80 ou mais anos;8415;123184;13;131612;627569;518341;64;1145974;108871;518699;627570;0,920742675;0,159730923;0,761013219;0,920744142
493;AGES;26/04/21;2021;17;All;80 ou mais anos;6135;39763;4;45902;633704;558104;68;1191876;75233;558483;633716;0,929743688;0,110378673;0,81938262;0,929761293
494;AGES;03/05/21;2021;18;All;80 ou mais anos;5103;31779;7;36889;638807;589883;75;1228765;48658;590309;638967;0,937230593;0,071388958;0,86607638;0,937465338
495;AGES;10/05/21;2021;19;All;80 ou mais anos;3779;9969;2;13750;642586;599852;77;1242515;42594;600353;642947;0,942774982;0,062492114;0,880812512;0,943304626
496;AGES;17/05/21;2021;20;All;80 ou mais anos;4748;8363;3;13114;647334;608215;80;1255629;38257;609875;648132;0,949741047;0,056129051;0,894782787;0,950911838
497;AGES;24/05/21;2021;21;All;80 ou mais anos;4450;6347;0;10797;651784;614562;80;1266426;34747;618310;653057;0,956269898;0,050979328;0,907158262;0,95813759
498;AGES;31/05/21;2021;22;All;80 ou mais anos;3049;6051;2;9102;654833;620613;82;1275528;31499;625206;656705;0,960743262;0,046214;0,917275782;0,963489781
499;AGES;07/06/21;2021;23;All;80 ou mais anos;2751;4810;1;7562;657584;625423;83;1283090;29056;630777;659833;0,964779413;0,042629733;0,925449317;0,96807905
500;AGES;14/06/21;2021;24;All;80 ou mais anos;2625;4774;0;7399;660209;630197;83;1290489;26527;636202;662729;0,968630702;0,038919292;0,933408647;0,972327939
501;AGES;21/06/21;2021;25;All;80 ou mais anos;3399;4778;4;8181;663608;634975;87;1298670;24938;641633;666571;0,973617571;0,036587978;0,941376781;0,977964759
502;AGES;28/06/21;2021;26;All;80 ou mais anos;3270;5411;1;8682;666878;640386;88;1307352;22489;647773;670262;0,978415176;0,032994909;0,950385129;0,983380038
503;AGES;05/07/21;2021;27;All;80 ou mais anos;2675;5229;3;7907;669553;645615;91;1315259;19329;653937;673266;0,982339823;0,028358691;0,959428689;0,98778738
504;AGES;12/07/21;2021;28;All;80 ou mais anos;2110;3531;2;5643;671663;649146;93;1320902;17230;658643;675873;0,985435526;0,025279127;0,966333133;0,99161226
505;AGES;19/07/21;2021;29;All;80 ou mais anos;2201;3081;1;5283;673864;652227;94;1326185;15514;663158;678672;0,98866474;0,022761484;0,97295735;0,995718834
506;AGES;26/07/21;2021;30;All;80 ou mais anos;2587;2881;1;5469;676451;655108;95;1331654;13999;667765;681764;0,992460277;0,02053874;0,979716545;1,00000000
507;AGES;02/08/21;2021;31;All;80 ou mais anos;2482;2092;1;4575;678933;657200;96;1336229;13082;671623;684705;0,996101762;0,019193357;0,985376839;1,00000000
508;AGES;09/08/21;2021;32;All;80 ou mais anos;1574;1720;1;3295;680507;658920;97;1339524;12305;674404;686709;0,998411068;0,018053375;0,989457005;1,00000000
509;AGES;16/08/21;2021;33;All;80 ou mais anos;1338;1126;1;2465;681845;660046;98;1341989;11953;676405;688358;1,000374125;0,017536936;0,992392787;1,00000000
510;AGES;23/08/21;2021;34;All;80 ou mais anos;1488;964;1;2453;683333;661010;99;1344442;12052;678170;690222;1,002557256;0,017682184;0,994982321;1,00000000
511;AGES;04/01/21;2021;1;All;Desconhecido;1;0;0;1;1;0;0;1;1;0;1;NA;NA;NA;NA
512;AGES;11/01/21;2021;2;All;Desconhecido;0;0;0;0;1;0;0;1;1;0;1;NA;NA;NA;NA
513;AGES;18/01/21;2021;3;All;Desconhecido;0;0;0;0;1;0;0;1;1;0;1;NA;NA;NA;NA
514;AGES;25/01/21;2021;4;All;Desconhecido;0;0;0;0;1;0;0;1;1;0;1;NA;NA;NA;NA
515;AGES;01/02/21;2021;5;All;Desconhecido;0;0;0;0;1;0;0;1;1;0;1;NA;NA;NA;NA
516;AGES;08/02/21;2021;6;All;Desconhecido;1;0;0;1;2;0;0;2;2;0;2;NA;NA;NA;NA
517;AGES;15/02/21;2021;7;All;Desconhecido;0;0;0;0;2;0;0;2;2;0;2;NA;NA;NA;NA
518;AGES;22/02/21;2021;8;All;Desconhecido;0;0;0;0;2;0;0;2;2;0;2;NA;NA;NA;NA
519;AGES;01/03/21;2021;9;All;Desconhecido;0;0;0;0;2;0;0;2;2;0;2;NA;NA;NA;NA
520;AGES;08/03/21;2021;10;All;Desconhecido;0;0;0;0;2;0;0;2;2;0;2;NA;NA;NA;NA
521;AGES;15/03/21;2021;11;All;Desconhecido;0;0;0;0;2;0;0;2;2;0;2;NA;NA;NA;NA
522;AGES;22/03/21;2021;12;All;Desconhecido;0;0;0;0;2;0;0;2;2;0;2;NA;NA;NA;NA
523;AGES;29/03/21;2021;13;All;Desconhecido;0;0;0;0;2;0;0;2;2;0;2;NA;NA;NA;NA
524;AGES;05/04/21;2021;14;All;Desconhecido;0;0;0;0;2;0;0;2;2;0;2;NA;NA;NA;NA
525;AGES;12/04/21;2021;15;All;Desconhecido;0;0;0;0;2;0;0;2;2;0;2;NA;NA;NA;NA
526;AGES;19/04/21;2021;16;All;Desconhecido;0;0;0;0;2;0;0;2;2;0;2;NA;NA;NA;NA
527;AGES;26/04/21;2021;17;All;Desconhecido;1;0;0;1;3;0;0;3;3;0;3;NA;NA;NA;NA
528;AGES;03/05/21;2021;18;All;Desconhecido;1;0;0;1;4;0;0;4;4;0;4;NA;NA;NA;NA
529;AGES;10/05/21;2021;19;All;Desconhecido;0;1;0;1;4;1;0;5;3;1;4;NA;NA;NA;NA
530;AGES;17/05/21;2021;20;All;Desconhecido;0;0;0;0;4;1;0;5;3;1;4;NA;NA;NA;NA
531;AGES;24/05/21;2021;21;All;Desconhecido;0;1;0;1;4;2;0;6;2;2;4;NA;NA;NA;NA
532;AGES;31/05/21;2021;22;All;Desconhecido;0;0;0;0;4;2;0;6;2;2;4;NA;NA;NA;NA
533;AGES;07/06/21;2021;23;All;Desconhecido;0;0;0;0;4;2;0;6;2;2;4;NA;NA;NA;NA
534;AGES;14/06/21;2021;24;All;Desconhecido;0;0;0;0;4;2;0;6;2;2;4;NA;NA;NA;NA
535;AGES;21/06/21;2021;25;All;Desconhecido;0;0;0;0;4;2;0;6;2;2;4;NA;NA;NA;NA
536;AGES;28/06/21;2021;26;All;Desconhecido;1;0;0;1;5;2;0;7;3;2;5;NA;NA;NA;NA
537;AGES;05/07/21;2021;27;All;Desconhecido;0;1;0;1;5;3;0;8;2;3;5;NA;NA;NA;NA
538;AGES;12/07/21;2021;28;All;Desconhecido;0;2;0;2;5;5;0;10;0;5;5;NA;NA;NA;NA
539;AGES;19/07/21;2021;29;All;Desconhecido;0;0;0;0;5;5;0;10;0;5;5;NA;NA;NA;NA
540;AGES;26/07/21;2021;30;All;Desconhecido;0;2;0;2;5;7;0;12;-1;7;6;NA;NA;NA;NA
541;AGES;02/08/21;2021;31;All;Desconhecido;0;0;0;0;5;7;0;12;-1;7;6;NA;NA;NA;NA
542;AGES;09/08/21;2021;32;All;Desconhecido;0;1;0;1;5;8;0;13;-1;8;7;NA;NA;NA;NA
543;AGES;16/08/21;2021;33;All;Desconhecido;1;0;0;1;6;8;0;14;0;8;8;NA;NA;NA;NA
544;AGES;23/08/21;2021;34;All;Desconhecido;0;0;0;0;6;8;0;14;0;8;8;NA;NA;NA;NA
545;GENERAL;04/01/21;2021;1;All;All;48715;68;1;48784;84487;76;4;84567;84413;83;84496;0,008164658;0,008157507;8,02E-06;0,008165528
546;GENERAL;11/01/21;2021;2;All;All;49818;1184;1;51003;134305;1260;5;135570;133010;1304;134314;0,012978972;0,012853826;0,000126016;0,012979842
547;GENERAL;18/01/21;2021;3;All;All;122113;32777;9;154899;256418;34037;14;290469;222236;34192;256428;0,024779733;0,021476451;0,003304248;0,024780699
548;GENERAL;25/01/21;2021;4;All;All;41789;45846;19;87654;298207;79883;33;378123;218160;80059;298219;0,02881814;0,021082555;0,007736745;0,0288193
549;GENERAL;01/02/21;2021;5;All;All;23896;37542;2;61440;322103;117425;35;439563;204515;117609;322124;0,031127403;0,019763929;0,011365503;0,031129432
550;GENERAL;08/02/21;2021;6;All;All;40823;99365;12;140200;362926;216790;47;579763;145831;217116;362947;0,035072457;0,014092822;0,020981665;0,035074487
551;GENERAL;15/02/21;2021;7;All;All;103564;50262;10;153836;466490;267052;57;733599;198997;267514;466511;0,045080679;0,01923068;0,025852029;0,045082709
552;GENERAL;22/02/21;2021;8;All;All;176968;20660;10;197638;643458;287712;67;931237;355020;288459;643479;0,06218252;0,034308437;0,027876112;0,062184549
553;GENERAL;01/03/21;2021;9;All;All;139148;33605;12;172765;782606;321317;79;1104002;460520;322130;782650;0,07562951;0,04450375;0,031130012;0,075633762
554;GENERAL;08/03/21;2021;10;All;All;96003;51998;3;148004;878609;373315;82;1252006;504511;374183;878694;0,084907052;0,048754954;0,036160312;0,084915266
555;GENERAL;15/03/21;2021;11;All;All;81846;110157;19;192022;960455;483472;101;1444028;476191;484375;960566;0,092816489;0,046018165;0,046809051;0,092827215
556;GENERAL;22/03/21;2021;12;All;All;257373;21829;7;279209;1217828;505301;108;1723237;711675;506286;1217961;0,117688511;0,068774877;0,048926487;0,117701364
557;GENERAL;29/03/21;2021;13;All;All;138058;84664;8;222730;1355886;589965;116;1945967;765074;590995;1356069;0,131030165;0,073935252;0,057112598;0,13104785
558;GENERAL;05/04/21;2021;14;All;All;256722;53424;21;310167;1612608;643389;137;2256134;968418;644489;1612907;0,155839276;0,093586017;0,062282154;0,155868171
559;GENERAL;12/04/21;2021;15;All;All;425733;54437;22;480192;2038341;697826;159;2736326;1339651;699017;2038668;0,196981279;0,129461247;0,067551633;0,19701288
560;GENERAL;19/04/21;2021;16;All;All;210987;139116;29;350132;2249328;836942;188;3086458;1411221;838443;2249664;0,217370649;0,136377631;0,081025488;0,217403119
561;GENERAL;26/04/21;2021;17;All;All;345962;90162;22;436146;2595290;927104;210;3522604;1668158;928845;2597003;0,250803739;0,161207519;0,08976176;0,25096928
562;GENERAL;03/05/21;2021;18;All;All;371231;219531;33;590795;2966521;1146635;243;4113399;1831925;1148798;2980723;0,286678775;0,177033641;0,111017587;0,288051228
563;GENERAL;10/05/21;2021;19;All;All;289446;305554;30;595030;3255967;1452189;273;4708429;1832681;1455338;3288019;0,314650269;0,1771067;0,140641012;0,317747711
564;GENERAL;17/05/21;2021;20;All;All;305705;220152;33;525890;3561672;1672341;306;5234319;1933078;1684639;3617717;0,344193001;0,186808869;0,162800211;0,34960908
565;GENERAL;24/05/21;2021;21;All;All;232040;328863;118;561021;3793712;2001204;424;5795340;1864274;2034979;3899253;0,366616892;0,180159785;0,196656382;0,376816167
566;GENERAL;31/05/21;2021;22;All;All;230347;338698;65;569110;4024059;2339902;489;6364450;1798541;2387694;4186235;0,388877174;0,173807477;0,230742068;0,404549545
567;GENERAL;07/06/21;2021;23;All;All;359809;250602;73;610484;4383868;2590504;562;6974934;1916790;2657404;4574194;0,423648411;0,185234829;0,256806314;0,442041142
568;GENERAL;14/06/21;2021;24;All;All;343443;388455;116;732014;4727311;2978959;678;7706948;1889190;3064048;4953238;0,456838069;0,182567619;0,296103593;0,478671211
569;GENERAL;21/06/21;2021;25;All;All;376035;344908;406;721349;5103346;3323867;1084;8428297;1942304;3431250;5373554;0,493177354;0,187700451;0,331589274;0,519289726
570;GENERAL;28/06/21;2021;26;All;All;389042;430918;246;820206;5492388;3754785;1330;9248503;1900949;3887645;5788594;0,530773611;0,183703985;0,375694393;0,559398378
571;GENERAL;05/07/21;2021;27;All;All;432883;619172;108;1052163;5925271;4373957;1438;10300666;1719280;4540415;6259695;0,572606575;0,166147849;0,438776806;0,604924655
572;GENERAL;12/07/21;2021;28;All;All;245458;519652;109;765219;6170729;4893609;1547;11065885;1528819;5091901;6620720;0,596327155;0,147742072;0,492071332;0,639813404
573;GENERAL;19/07/21;2021;29;All;All;143436;523509;90;667035;6314165;5417118;1637;11732920;1251282;5645806;6897088;0,610188529;0,12092144;0,545599626;0,666521065
574;GENERAL;26/07/21;2021;30;All;All;104749;498586;77;603412;6418914;5915704;1714;12336332;929129;6174712;7103841;0,620311267;0,089789205;0,596712065;0,68650127
575;GENERAL;02/08/21;2021;31;All;All;129216;506521;67;635804;6548130;6422225;1781;12972136;635112;6714592;7349704;0,632798448;0,061375979;0,64888501;0,710260988
576;GENERAL;09/08/21;2021;32;All;All;312822;351432;52;664306;6860952;6773657;1833;13636442;688192;7116457;7804649;0,663028953;0,066505526;0,687720456;0,754225981
577;GENERAL;16/08/21;2021;33;All;All;361033;237002;62;598097;7221985;7010659;1895;14234539;874011;7400176;8274187;0,697918475;0,08446271;0,715138504;0,799601213
578;GENERAL;23/08/21;2021;34;All;All;292824;137225;28;430077;7514809;7147884;1923;14664616;1031603;7576336;8607939;0,726216412;0,099692092;0,732162261;0,831854353