;TYPE;DATE;YEAR;WEEK;REGION;AGEGROUP;TOTAL_VAC_1;TOTAL_VAC_2;TOTAL_VAC_UNK;TOTAL;CUMUL_VAC_1;CUMUL_VAC_2;CUMUL_VAC_UNK;CUMUL;CUMUL_VAC_INIT;CUMUL_VAC_COMPLETE;CUMUL_VAC_LEAST;COVER_1_VAC;COVER_INIT;COVER_COMPLETE;COVER_LEAST
1;REGIONAL;04/01/21;2021;1;ARS Alentejo;All;3487;1;0;3488;4716;2;0;4718;4714;2;4716;0,010059684;0,010055418;4,26619E-06;0,010059684
2;REGIONAL;11/01/21;2021;2;ARS Alentejo;All;5365;12;0;5377;10081;14;0;10095;10066;15;10081;0,021503748;0,021471751;3,19965E-05;0,021503748
3;REGIONAL;18/01/21;2021;3;ARS Alentejo;All;10438;1133;0;11571;20519;1147;0;21666;19367;1152;20519;0,043769011;0,041311684;0,002457327;0,043769011
4;REGIONAL;25/01/21;2021;4;ARS Alentejo;All;2309;3123;0;5432;22828;4270;0;27098;18550;4278;22828;0,048694332;0,039568944;0,009125388;0,048694332
5;REGIONAL;01/02/21;2021;5;ARS Alentejo;All;1457;4347;0;5804;24285;8617;0;32902;15659;8626;24285;0,051802253;0,033402161;0,018400092;0,051802253
6;REGIONAL;08/02/21;2021;6;ARS Alentejo;All;3336;8788;0;12124;27621;17405;0;45026;10203;17418;27621;0,058918264;0,021763986;0,037154278;0,058918264
7;REGIONAL;15/02/21;2021;7;ARS Alentejo;All;4066;2814;0;6880;31687;20219;0;51906;11455;20232;31687;0,067591435;0,024434623;0,043156812;0,067591435
8;REGIONAL;22/02/21;2021;8;ARS Alentejo;All;12044;1654;0;13698;43731;21873;0;65604;21841;21890;43731;0,093282452;0,046588965;0,046693487;0,093282452
9;REGIONAL;01/03/21;2021;9;ARS Alentejo;All;10471;2839;1;13311;54202;24712;1;78915;29467;24735;54202;0,115618107;0,062855961;0,052762147;0,115618107
10;REGIONAL;08/03/21;2021;10;ARS Alentejo;All;5843;1677;0;7520;60045;26389;1;86435;33624;26421;60045;0,128081791;0,071723244;0,056358548;0,128081791
11;REGIONAL;15/03/21;2021;11;ARS Alentejo;All;3720;7747;0;11467;63765;34136;1;97902;29597;34169;63766;0,136016911;0,063133263;0,072885781;0,136019044
12;REGIONAL;22/03/21;2021;12;ARS Alentejo;All;11919;2119;0;14038;75684;36255;1;111940;39396;36290;75686;0,161441291;0,084035478;0,077410079;0,161445557
13;REGIONAL;29/03/21;2021;13;ARS Alentejo;All;6161;6306;0;12467;81845;42561;1;124407;39248;42599;81847;0,1745833;0,083719779;0,090867786;0,174587566
14;REGIONAL;05/04/21;2021;14;ARS Alentejo;All;14059;4324;0;18383;95904;46885;1;142790;48980;46928;95908;0,204572506;0,104479076;0,100101962;0,204581038
15;REGIONAL;12/04/21;2021;15;ARS Alentejo;All;21914;2977;0;24891;117818;49862;1;167681;67914;49909;117823;0,251317187;0,144867129;0,106460723;0,251327853
16;REGIONAL;19/04/21;2021;16;ARS Alentejo;All;11381;5981;1;17363;129199;55843;2;185044;73311;55893;129204;0,275593961;0,156379452;0,119225174;0,275604626
17;REGIONAL;26/04/21;2021;17;ARS Alentejo;All;20231;2792;0;23023;149430;58635;2;208067;90753;58688;149441;0,31874864;0,193584925;0,125187179;0,318772104
18;REGIONAL;03/05/21;2021;18;ARS Alentejo;All;13690;14348;1;28039;163120;72983;3;236106;93198;73048;166246;0,347950734;0,198800346;0,155818448;0,354618794
19;REGIONAL;10/05/21;2021;19;ARS Alentejo;All;17443;15298;0;32741;180563;88281;3;268847;95830;88365;184195;0,38515834;0,204414657;0,18849109;0,392905747
20;REGIONAL;17/05/21;2021;20;ARS Alentejo;All;13229;12247;1;25477;193792;100528;4;294324;100109;100729;200838;0,413377076;0,213542178;0,214864698;0,428406875
21;REGIONAL;24/05/21;2021;21;ARS Alentejo;All;7203;18564;0;25767;200995;119092;4;320091;90423;119748;210171;0,428741772;0,192881003;0,255434064;0,448315067
22;REGIONAL;31/05/21;2021;22;ARS Alentejo;All;17407;7329;0;24736;218402;126421;4;344827;100088;127832;227920;0,465872586;0,213497383;0,272678018;0,4861754
23;REGIONAL;07/06/21;2021;23;ARS Alentejo;All;13829;15296;0;29125;232231;141717;4;373952;98657;143728;242385;0,49537118;0,210444921;0,306585723;0,517030644
24;REGIONAL;14/06/21;2021;24;ARS Alentejo;All;10249;19270;1;29520;242480;160987;5;403472;90842;163468;254310;0,517233288;0,193774771;0,348693052;0,542467822
25;REGIONAL;21/06/21;2021;25;ARS Alentejo;All;10562;14216;1;24779;253042;175203;6;428251;89269;178384;267653;0,539763056;0,190419409;0,380510322;0,570929732
26;REGIONAL;28/06/21;2021;26;ARS Alentejo;All;10996;28809;3;39808;264038;204012;9;468059;72895;207851;280746;0,563218587;0,155492084;0,443366283;0,598858367
27;REGIONAL;05/07/21;2021;27;ARS Alentejo;All;15352;27883;1;43236;279390;231895;10;511295;59683;237121;296804;0,595965888;0,12730961;0,505802023;0,633111633
28;REGIONAL;12/07/21;2021;28;ARS Alentejo;All;8198;20356;1;28555;287588;252251;11;539850;49524;258963;308487;0,613453014;0,105639481;0,552393121;0,658032602
29;REGIONAL;19/07/21;2021;29;ARS Alentejo;All;3527;16770;3;20300;291115;269021;14;560150;39348;277010;316358;0,620976446;0,083933089;0,590889117;0,674822206
30;REGIONAL;26/07/21;2021;30;ARS Alentejo;All;2256;16534;0;18790;293371;285555;14;578940;28669;294567;323236;0,625788713;0,061153749;0,628339896;0,689493646
31;REGIONAL;02/08/21;2021;31;ARS Alentejo;All;4958;20009;13;24980;298329;305564;27;603920;18586;315699;334285;0,636364606;0,039645735;0,673416496;0,713062231
32;REGIONAL;09/08/21;2021;32;ARS Alentejo;All;14868;14438;0;29306;313197;320002;27;633226;24661;331798;356459;0,668079488;0,052604298;0,707757219;0,760361517
33;REGIONAL;16/08/21;2021;33;ARS Alentejo;All;22214;6582;0;28796;335411;326584;27;662022;41906;340585;382491;0,715464098;0,08938955;0,72650074;0,815890291
34;REGIONAL;23/08/21;2021;34;ARS Alentejo;All;12972;4605;0;17577;348383;331189;27;679599;50984;346614;397598;0,743134628;0,108753802;0,73936118;0,848114982
35;REGIONAL;30/08/21;2021;35;ARS Alentejo;All;4741;15827;2;20570;353124;347016;29;700169;40578;363388;403966;0,75324764;0,086556798;0,775141744;0,861698542
36;REGIONAL;06/09/21;2021;36;ARS Alentejo;All;2599;15189;8;17796;355723;362205;37;717965;27577;379074;406651;0,758791558;0,058824408;0,808601499;0,867425907
37;REGIONAL;13/09/21;2021;37;ARS Alentejo;All;1822;15804;7;17633;357545;378009;44;735598;13381;395121;408502;0,76267806;0,028542967;0,842831302;0,871374269
38;REGIONAL;20/09/21;2021;38;ARS Alentejo;All;1602;3603;23;5228;359147;381612;67;740826;11128;398992;410120;0,766095281;0,0237371;0,851088519;0,874825619
39;REGIONAL;04/01/21;2021;1;ARS Algarve;All;1263;3;0;1266;2333;3;0;2336;2329;4;2333;0,004990428;0,004981871;8,55624E-06;0,004990428
40;REGIONAL;11/01/21;2021;2;ARS Algarve;All;1366;5;0;1371;3699;8;0;3707;3688;11;3699;0,007912384;0,007888854;2,35297E-05;0,007912384
41;REGIONAL;18/01/21;2021;3;ARS Algarve;All;3410;947;0;4357;7109;955;0;8064;6151;958;7109;0,01520658;0,01315736;0,00204922;0,01520658
42;REGIONAL;25/01/21;2021;4;ARS Algarve;All;2160;1235;0;3395;9269;2190;0;11459;7076;2193;9269;0,01982695;0,015135991;0,004690959;0,01982695
43;REGIONAL;01/02/21;2021;5;ARS Algarve;All;1230;1249;0;2479;10499;3439;0;13938;7058;3442;10500;0,022457994;0,015097488;0,007362646;0,022460133
44;REGIONAL;08/02/21;2021;6;ARS Algarve;All;2415;2901;0;5316;12914;6340;0;19254;6570;6345;12915;0,027623825;0,014053626;0,013572338;0,027625964
45;REGIONAL;15/02/21;2021;7;ARS Algarve;All;3216;2119;0;5335;16130;8459;0;24589;7664;8467;16131;0,034503043;0,016393758;0,018111424;0,034505182
46;REGIONAL;22/02/21;2021;8;ARS Algarve;All;8523;1069;1;9593;24653;9528;1;34182;15108;9546;24654;0,052734254;0,032316923;0,02041947;0,052736393
47;REGIONAL;01/03/21;2021;9;ARS Algarve;All;4672;565;0;5237;29325;10093;1;39419;19208;10119;29327;0,062727944;0,04108707;0,021645151;0,062732222
48;REGIONAL;08/03/21;2021;10;ARS Algarve;All;5146;1556;0;6702;34471;11649;1;46121;22799;11675;34474;0,073735548;0,048768436;0,024973529;0,073741965
49;REGIONAL;15/03/21;2021;11;ARS Algarve;All;2730;3020;0;5750;37201;14669;1;51871;22509;14695;37204;0,079575183;0,048148109;0,031433491;0,0795816
50;REGIONAL;22/03/21;2021;12;ARS Algarve;All;9462;4322;0;13784;46663;18991;1;65655;27644;19022;46666;0,099814971;0,059132183;0,040689205;0,099821388
51;REGIONAL;29/03/21;2021;13;ARS Algarve;All;4244;2939;0;7183;50907;21930;1;72838;28950;21961;50911;0,108893143;0,061925796;0,046975903;0,108901699
52;REGIONAL;05/04/21;2021;14;ARS Algarve;All;8684;1820;0;10504;59591;23750;1;83342;35817;23783;59600;0,127468743;0,076614723;0,050873271;0,127487995
53;REGIONAL;12/04/21;2021;15;ARS Algarve;All;13689;2186;0;15875;73280;25936;1;99217;47320;25969;73289;0,15675034;0,101220334;0,055549257;0,156769591
54;REGIONAL;19/04/21;2021;16;ARS Algarve;All;7278;5534;0;12812;80558;31470;1;112029;49061;31507;80568;0,172318421;0,104944438;0,067395373;0,172339811
55;REGIONAL;26/04/21;2021;17;ARS Algarve;All;16405;3283;0;19688;96963;34753;1;131717;62171;34807;96978;0,207409705;0,132987519;0,074454272;0,207441791
56;REGIONAL;03/05/21;2021;18;ARS Algarve;All;16584;8977;2;25563;113547;43730;3;157280;70319;43796;114115;0,242883881;0,150416582;0,093682285;0,244098867
57;REGIONAL;10/05/21;2021;19;ARS Algarve;All;9749;11347;0;21096;123296;55077;3;178376;70680;55151;125831;0,26373758;0,151188783;0,117971315;0,269160098
58;REGIONAL;17/05/21;2021;20;ARS Algarve;All;12048;10925;2;22975;135344;66002;5;201351;74279;66130;140409;0,289508979;0,158887261;0,141456058;0,300343319
59;REGIONAL;24/05/21;2021;21;ARS Algarve;All;7640;18830;0;26470;142984;84832;5;227821;68783;85055;153838;0,305851399;0,147130985;0,181937775;0,32906876
60;REGIONAL;31/05/21;2021;22;ARS Algarve;All;8196;12770;2;20968;151180;97602;7;248789;72609;97921;170530;0,323383138;0,15531503;0,209458925;0,364773955
61;REGIONAL;07/06/21;2021;23;ARS Algarve;All;17080;6364;0;23444;168260;103966;7;272233;84369;104596;188965;0,359918288;0,180470379;0,223737152;0,404207532
62;REGIONAL;14/06/21;2021;24;ARS Algarve;All;15385;13467;0;28852;183645;117433;7;301085;86297;118280;204577;0,392827731;0,184594488;0,253008054;0,437602541
63;REGIONAL;21/06/21;2021;25;ARS Algarve;All;19378;10252;2;29632;203023;127685;9;330717;96318;129014;225332;0,434278441;0,206030011;0,275968727;0,481998738
64;REGIONAL;28/06/21;2021;26;ARS Algarve;All;17215;16501;7;33723;220238;144186;16;364440;99090;145922;245012;0,471102365;0,211959486;0,312135959;0,524095445
65;REGIONAL;05/07/21;2021;27;ARS Algarve;All;19206;31793;1;51000;239444;175979;17;415440;87112;178359;265471;0,512185157;0,186337822;0,381520658;0,56785848
66;REGIONAL;12/07/21;2021;28;ARS Algarve;All;9833;27031;4;36868;249277;203010;21;452308;75894;205911;281805;0,533218537;0,162341843;0,440456048;0,602797891
67;REGIONAL;19/07/21;2021;29;ARS Algarve;All;4355;27253;1;31609;253632;230263;22;483917;58132;233801;291933;0,542534145;0,124347854;0,50011444;0,624462294
68;REGIONAL;26/07/21;2021;30;ARS Algarve;All;3999;24770;3;28772;257631;255033;25;512689;41377;259203;300580;0,551088247;0,088507898;0,55445085;0,642958748
69;REGIONAL;02/08/21;2021;31;ARS Algarve;All;3943;22659;1;26603;261574;277692;26;539292;25994;282521;308515;0,559522562;0,055602734;0,604329458;0,659932192
70;REGIONAL;09/08/21;2021;32;ARS Algarve;All;11470;14038;3;25511;273044;291730;29;564803;28127;297493;325620;0,584057584;0,060165349;0,636355469;0,696520818
71;REGIONAL;16/08/21;2021;33;ARS Algarve;All;16659;7784;3;24446;289703;299514;32;589249;39349;306449;345798;0,619692189;0,084169884;0,655512893;0,739682777
72;REGIONAL;23/08/21;2021;34;ARS Algarve;All;13581;5310;0;18891;303284;304824;32;608140;48118;312895;361013;0,648742767;0,102927304;0,669301276;0,77222858
73;REGIONAL;30/08/21;2021;35;ARS Algarve;All;6489;12158;4;18651;309773;316982;36;626791;42511;326175;368686;0,66262313;0,090933593;0,697707997;0,78864159
74;REGIONAL;06/09/21;2021;36;ARS Algarve;All;3295;15738;1;19034;313068;332720;37;645825;30272;342359;372631;0,669671333;0,064753634;0,732326549;0,797080183
75;REGIONAL;13/09/21;2021;37;ARS Algarve;All;2258;12067;9;14334;315326;344787;46;660159;21197;354727;375924;0,674501332;0,045341661;0,758782447;0,804124108
76;REGIONAL;20/09/21;2021;38;ARS Algarve;All;1855;6654;19;8528;317181;351441;65;668687;16925;361634;378559;0,678469288;0,036203596;0,773556936;0,809760532
77;REGIONAL;04/01/21;2021;1;ARS Centro;All;9084;18;0;9102;15759;19;0;15778;15741;20;15761;0,009493945;0,009483101;1,20489E-05;0,00949515
78;REGIONAL;11/01/21;2021;2;ARS Centro;All;12703;25;1;12729;28462;44;1;28507;28408;56;28464;0,017146816;0,017114284;3,3737E-05;0,017148021
79;REGIONAL;18/01/21;2021;3;ARS Centro;All;36811;6326;2;43139;65273;6370;3;71646;58865;6410;65275;0,039323453;0,03546298;0,003861678;0,039324658
80;REGIONAL;25/01/21;2021;4;ARS Centro;All;4905;8552;3;13460;70178;14922;6;85106;55214;14966;70180;0,042278451;0,03326345;0,009016206;0,042279655
81;REGIONAL;01/02/21;2021;5;ARS Centro;All;2737;9173;0;11910;72915;24095;6;97016;48775;24143;72918;0,043927345;0,0293843;0,014544852;0,043929152
82;REGIONAL;08/02/21;2021;6;ARS Centro;All;7570;27155;5;34730;80485;51250;11;131746;29160;51328;80488;0,048487861;0,017567323;0,030922345;0,048489668
83;REGIONAL;15/02/21;2021;7;ARS Centro;All;25569;10009;3;35581;106054;61259;14;167327;44624;61433;106057;0,063891801;0,026883547;0,037010061;0,063893608
84;REGIONAL;22/02/21;2021;8;ARS Centro;All;38438;3161;1;41600;144492;64420;15;208927;79862;64633;144495;0,087048617;0,048112537;0,038937888;0,087050425
85;REGIONAL;01/03/21;2021;9;ARS Centro;All;28576;5963;1;34540;173068;70383;16;243467;102455;70627;173082;0,104264112;0,061723598;0,042548949;0,104272547
86;REGIONAL;08/03/21;2021;10;ARS Centro;All;17767;13589;0;31356;190835;83972;16;274823;106608;84256;190864;0,114967769;0,064225556;0,050759684;0,11498524
87;REGIONAL;15/03/21;2021;11;ARS Centro;All;16748;24287;2;41037;207583;108259;18;315860;99070;108555;207625;0,125057534;0,059684318;0,065398518;0,125082836
88;REGIONAL;22/03/21;2021;12;ARS Centro;All;47927;4439;1;52367;255510;112698;19;368227;142441;113119;255560;0,15393096;0,085813001;0,068148081;0,153961082
89;REGIONAL;29/03/21;2021;13;ARS Centro;All;24445;16882;2;41329;279955;129580;21;409556;149988;130035;280023;0,16865775;0,09035966;0,078339057;0,168698717
90;REGIONAL;05/04/21;2021;14;ARS Centro;All;49941;10317;1;60259;329896;139897;22;469815;189544;140437;329981;0,198744503;0,114190011;0,084605699;0,198795711
91;REGIONAL;12/04/21;2021;15;ARS Centro;All;77694;12110;2;89806;407590;152007;24;559621;254947;152735;407682;0,245550937;0,153591783;0,092014579;0,245606362
92;REGIONAL;19/04/21;2021;16;ARS Centro;All;30082;24277;8;54367;437672;176284;32;613988;260604;177163;437767;0,263673715;0,156999819;0,106731128;0,263730948
93;REGIONAL;26/04/21;2021;17;ARS Centro;All;56670;17997;0;74667;494342;194281;32;688655;300370;195344;495714;0,297814326;0,180956684;0,117684198;0,298640882
94;REGIONAL;03/05/21;2021;18;ARS Centro;All;60031;49254;1;109286;554373;243535;33;797941;316756;244835;561591;0,333979758;0,190828363;0,147499849;0,338328213
95;REGIONAL;10/05/21;2021;19;ARS Centro;All;50722;55846;1;106569;605095;299381;34;904510;317483;300867;618350;0,36453702;0,191266341;0,1812561;0,372522441
96;REGIONAL;17/05/21;2021;20;ARS Centro;All;44947;41809;3;86759;650042;341190;37;991269;327593;343476;671069;0,391615158;0,19735707;0,206925718;0,404282788
97;REGIONAL;24/05/21;2021;21;ARS Centro;All;24272;56388;6;80666;674314;397578;43;1071935;302790;400891;703681;0,406237725;0,182414603;0,241515152;0,423929755
98;REGIONAL;31/05/21;2021;22;ARS Centro;All;44354;37864;0;82218;718668;435442;43;1154153;308688;441710;750398;0,432958612;0,185967829;0,266106392;0,452074221
99;REGIONAL;07/06/21;2021;23;ARS Centro;All;58445;40967;1;99413;777113;476409;44;1253566;325370;485244;810614;0,468168564;0,196017832;0,292333273;0,488351105
100;REGIONAL;14/06/21;2021;24;ARS Centro;All;52048;65897;8;117953;829161;542306;52;1371519;314947;553618;868565;0,49952467;0,189738538;0,333524911;0,52326345
101;REGIONAL;21/06/21;2021;25;ARS Centro;All;59625;47828;3;107456;888786;590134;55;1478975;329466;605052;934518;0,535445509;0,198485451;0,364511115;0,562996566
102;REGIONAL;28/06/21;2021;26;ARS Centro;All;49968;77277;2;127247;938754;667411;57;1606222;300994;685729;986723;0,565548527;0,18133261;0,413114645;0,594447256
103;REGIONAL;05/07/21;2021;27;ARS Centro;All;59532;105079;9;164620;998286;772490;66;1770842;259042;795255;1054297;0,601413338;0,156058799;0,479098138;0,635156937
104;REGIONAL;12/07/21;2021;28;ARS Centro;All;28596;82263;6;110865;1026882;854753;72;1881707;215450;881840;1097290;0,618640882;0,129796976;0,531260919;0,661057895
105;REGIONAL;19/07/21;2021;29;ARS Centro;All;16917;80826;15;97758;1043799;935579;87;1979465;162595;967176;1129771;0,62883246;0,097954696;0,582671245;0,680625941
106;REGIONAL;26/07/21;2021;30;ARS Centro;All;14418;69079;4;83501;1058217;1004658;91;2062966;115790;1041473;1157263;0,637518525;0,069757214;0,627431171;0,697188385
107;REGIONAL;02/08/21;2021;31;ARS Centro;All;19274;75234;5;94513;1077491;1079892;96;2157479;74079;1121571;1195650;0,649130068;0,044628592;0,675685885;0,720314477
108;REGIONAL;09/08/21;2021;32;ARS Centro;All;50545;46995;5;97545;1128036;1126887;101;2255024;92326;1177305;1269631;0,679580698;0,055621423;0,709262606;0,764884029
109;REGIONAL;16/08/21;2021;33;ARS Centro;All;61361;36053;7;97421;1189397;1162940;108;2352445;130762;1221111;1351873;0,716547382;0,078777035;0,735653353;0,814430387
110;REGIONAL;23/08/21;2021;34;ARS Centro;All;51124;18437;3;69564;1240521;1181377;111;2422009;163080;1245652;1408732;0,747346828;0,098246882;0,750437978;0,848684861
111;REGIONAL;30/08/21;2021;35;ARS Centro;All;20698;48264;2;68964;1261219;1229641;113;2490973;132572;1298440;1431012;0,759816254;0,079867462;0,782239894;0,862107356
112;REGIONAL;06/09/21;2021;36;ARS Centro;All;7765;50978;15;58758;1268984;1280619;128;2549731;88394;1350860;1439254;0,764494247;0,053252606;0,81382011;0,867072715
113;REGIONAL;13/09/21;2021;37;ARS Centro;All;5861;42586;28;48475;1274845;1323205;156;2598206;50819;1394512;1445331;0,768025182;0,0306157;0,840118079;0,870733779
114;REGIONAL;20/09/21;2021;38;ARS Centro;All;4011;18657;56;22724;1278856;1341862;212;2620930;35573;1413846;1449419;0,770441593;0,021430809;0,851765769;0,873196578
115;REGIONAL;04/01/21;2021;1;ARS Lisboa e Vale do Tejo;All;12775;24;0;12799;23547;28;0;23575;23521;28;23549;0,006395894;0,006388831;7,60543E-06;0,006396437
116;REGIONAL;11/01/21;2021;2;ARS Lisboa e Vale do Tejo;All;13289;1116;0;14405;36836;1144;0;37980;35680;1158;36838;0,010005484;0,009691489;0,000314539;0,010006027
117;REGIONAL;18/01/21;2021;3;ARS Lisboa e Vale do Tejo;All;37903;9065;0;46968;74739;10209;0;84948;64394;10348;74742;0,020300789;0,017490855;0,002810749;0,020301604
118;REGIONAL;25/01/21;2021;4;ARS Lisboa e Vale do Tejo;All;17350;11907;1;29258;92089;22116;1;114206;69772;22321;92093;0,025013439;0,018951641;0,006062884;0,025014525
119;REGIONAL;01/02/21;2021;5;ARS Lisboa e Vale do Tejo;All;8773;8942;0;17715;100862;31058;1;131921;69588;31281;100869;0,027396382;0,018901662;0,008496621;0,027398284
120;REGIONAL;08/02/21;2021;6;ARS Lisboa e Vale do Tejo;All;14442;30455;0;44897;115304;61513;1;176818;53382;61930;115312;0,031319153;0,014499749;0,016821577;0,031321326
121;REGIONAL;15/02/21;2021;7;ARS Lisboa e Vale do Tejo;All;33058;19096;0;52154;148362;80609;1;228972;67190;81180;148370;0,040298448;0,018250311;0,022050309;0,040300621
122;REGIONAL;22/02/21;2021;8;ARS Lisboa e Vale do Tejo;All;49460;6689;0;56149;197822;87298;1;285121;109646;88184;197830;0,053732894;0,029782314;0,023952753;0,053735067
123;REGIONAL;01/03/21;2021;9;ARS Lisboa e Vale do Tejo;All;45272;12864;0;58136;243094;100162;1;343257;141834;101277;243111;0,066029784;0,038525297;0,027509105;0,066034402
124;REGIONAL;08/03/21;2021;10;ARS Lisboa e Vale do Tejo;All;34019;16621;1;50641;277113;116783;2;393898;159145;117998;277143;0,075270108;0,043227353;0,032050904;0,075278257
125;REGIONAL;15/03/21;2021;11;ARS Lisboa e Vale do Tejo;All;26339;29080;1;55420;303452;145863;3;449318;156342;147151;303493;0,082424371;0,042465995;0,039969513;0,082435508
126;REGIONAL;22/03/21;2021;12;ARS Lisboa e Vale do Tejo;All;89590;7730;0;97320;393042;153593;3;546638;237941;155153;393094;0,106759026;0,064630114;0,042143036;0,10677315
127;REGIONAL;29/03/21;2021;13;ARS Lisboa e Vale do Tejo;All;45762;24018;0;69780;438804;177611;3;616418;259616;179254;438870;0,119189011;0,07051753;0,048689408;0,119206939
128;REGIONAL;05/04/21;2021;14;ARS Lisboa e Vale do Tejo;All;87610;19791;1;107402;526414;197402;4;723820;327304;199234;526538;0,142985853;0,08890311;0,054116424;0,143019534
129;REGIONAL;12/04/21;2021;15;ARS Lisboa e Vale do Tejo;All;163829;14467;1;178297;690243;211869;5;902117;476541;213843;690384;0,187485485;0,129439227;0,058084557;0,187523784
130;REGIONAL;19/04/21;2021;16;ARS Lisboa e Vale do Tejo;All;79437;53893;1;133331;769680;265762;6;1035448;501825;267999;769824;0,209062357;0,136306929;0,072794541;0,20910147
131;REGIONAL;26/04/21;2021;17;ARS Lisboa e Vale do Tejo;All;107876;25718;2;133596;877556;291480;8;1169044;583868;293863;877731;0,238363899;0,158591649;0,079819784;0,238411432
132;REGIONAL;03/05/21;2021;18;ARS Lisboa e Vale do Tejo;All;108045;65748;3;173796;985601;357228;11;1342840;628715;359774;988489;0,267711345;0,1707731;0,09772269;0,26849579
133;REGIONAL;10/05/21;2021;19;ARS Lisboa e Vale do Tejo;All;90662;113415;3;204080;1076263;470643;14;1546920;608255;473487;1081742;0,292337178;0,165215705;0,128609692;0,293825397
134;REGIONAL;17/05/21;2021;20;ARS Lisboa e Vale do Tejo;All;110227;71411;2;181640;1186490;542054;16;1728560;648699;545911;1194610;0,322277304;0,176201203;0,148281676;0,324482878
135;REGIONAL;24/05/21;2021;21;ARS Lisboa e Vale do Tejo;All;110945;89127;2;200074;1297435;631181;18;1928634;675509;643132;1318641;0,352412455;0,1834834;0,174689081;0,358172481
136;REGIONAL;31/05/21;2021;22;ARS Lisboa e Vale do Tejo;All;92462;87167;7;179636;1389897;718348;25;2108270;696639;735246;1431885;0,377527209;0,189222782;0,19970931;0,388932092
137;REGIONAL;07/06/21;2021;23;ARS Lisboa e Vale do Tejo;All;152415;54248;3;206666;1542312;772596;28;2314936;802776;796104;1598880;0,418926543;0,218051973;0,216239708;0,434291681
138;REGIONAL;14/06/21;2021;24;ARS Lisboa e Vale do Tejo;All;147931;121618;4;269553;1690243;894214;32;2584489;831578;924412;1755990;0,459107921;0,225875242;0,251091039;0,476966282
139;REGIONAL;21/06/21;2021;25;ARS Lisboa e Vale do Tejo;All;120345;154028;12;274385;1810588;1048242;44;2858874;804611;1086345;1890956;0,491796323;0,2185504;0,295075675;0,513626075
140;REGIONAL;28/06/21;2021;26;ARS Lisboa e Vale do Tejo;All;130597;166957;8;297562;1941185;1215199;52;3156436;769591;1263075;2032666;0,527269399;0,209038182;0,343079509;0,552117691
141;REGIONAL;05/07/21;2021;27;ARS Lisboa e Vale do Tejo;All;143955;273999;8;417962;2085140;1489198;60;3574398;639955;1548339;2188294;0,566370806;0,173826136;0,420563611;0,594389747
142;REGIONAL;12/07/21;2021;28;ARS Lisboa e Vale do Tejo;All;80038;216058;16;296112;2165178;1705256;76;3870510;532504;1774384;2306888;0,588110923;0,144640034;0,481962505;0,626602538
143;REGIONAL;19/07/21;2021;29;ARS Lisboa e Vale do Tejo;All;57126;185851;8;242985;2222304;1891107;84;4113495;443618;1971515;2415133;0,603627626;0,120496602;0,535507707;0,656004309
144;REGIONAL;26/07/21;2021;30;ARS Lisboa e Vale do Tejo;All;36506;180600;10;217116;2258810;2071707;94;4330611;325505;2164090;2489595;0,613543475;0,088414461;0,587815398;0,676229859
145;REGIONAL;02/08/21;2021;31;ARS Lisboa e Vale do Tejo;All;45560;178461;9;224030;2304370;2250168;103;4554641;221211;2357295;2578506;0,625918593;0,060085871;0,640294211;0,700380081
146;REGIONAL;09/08/21;2021;32;ARS Lisboa e Vale do Tejo;All;107457;111163;4;218624;2411827;2361331;107;4773265;239406;2489773;2729179;0,655106325;0,065028041;0,676278208;0,741306249
147;REGIONAL;16/08/21;2021;33;ARS Lisboa e Vale do Tejo;All;107515;91035;8;198558;2519342;2452366;115;4971823;279989;2596882;2876871;0,684309811;0,076051294;0,705371415;0,781422709
148;REGIONAL;23/08/21;2021;34;ARS Lisboa e Vale do Tejo;All;89205;60863;5;150073;2608547;2513229;120;5121896;320605;2672441;2993046;0,708539891;0,087083511;0,725894935;0,812978446
149;REGIONAL;30/08/21;2021;35;ARS Lisboa e Vale do Tejo;All;48747;100764;15;149526;2657294;2613993;135;5271422;263490;2786693;3050183;0,72178067;0,071569796;0,756928341;0,828498137
150;REGIONAL;06/09/21;2021;36;ARS Lisboa e Vale do Tejo;All;27418;91641;81;119140;2684712;2705634;216;5390562;194342;2883674;3078016;0,729228014;0,052787647;0,783270557;0,836058204
151;REGIONAL;13/09/21;2021;37;ARS Lisboa e Vale do Tejo;All;19729;81634;162;101525;2704441;2787268;378;5492087;128764;2969191;3097955;0,734586853;0,034975191;0,806498893;0,841474084
152;REGIONAL;20/09/21;2021;38;ARS Lisboa e Vale do Tejo;All;15054;31659;307;47020;2719495;2818927;685;5539107;107676;3005478;3113154;0,738675857;0,029247217;0,816355256;0,845602474
153;REGIONAL;04/01/21;2021;1;ARS Norte;All;16786;38;0;16824;30212;45;0;30257;30170;49;30219;0,008433459;0,008421736;1,3678E-05;0,008435413
154;REGIONAL;11/01/21;2021;2;ARS Norte;All;15491;40;0;15531;45703;85;0;45788;45595;115;45710;0,012757659;0,012727512;3,21014E-05;0,012759613
155;REGIONAL;18/01/21;2021;3;ARS Norte;All;32584;12753;1;45338;78287;12838;1;91126;65386;12908;78294;0,021853245;0,018252025;0,003603174;0,021855199
156;REGIONAL;25/01/21;2021;4;ARS Norte;All;14448;15758;1;30207;92735;28596;2;121333;64066;28677;92743;0,025886299;0,017883557;0,008004975;0,025888532
157;REGIONAL;01/02/21;2021;5;ARS Norte;All;5746;12309;1;18056;98481;40905;3;139389;57503;40990;98493;0,027490253;0,016051543;0,01144206;0,027493603
158;REGIONAL;08/02/21;2021;6;ARS Norte;All;8994;28989;5;37988;107475;69894;8;177377;37433;70054;107487;0,030000863;0,010449149;0,019555063;0,030004212
159;REGIONAL;15/02/21;2021;7;ARS Norte;All;33140;15240;4;48384;140615;85134;12;225761;54967;85660;140627;0,039251652;0,015343637;0,023911364;0,039255002
160;REGIONAL;22/02/21;2021;8;ARS Norte;All;64938;4394;0;69332;205553;89528;12;295093;115234;90331;205565;0,057378621;0,032166731;0,02521524;0,057381971
161;REGIONAL;01/03/21;2021;9;ARS Norte;All;48190;7163;2;55355;253743;96691;14;350448;156164;97600;253764;0,070830508;0,043592042;0,027244328;0,07083637
162;REGIONAL;08/03/21;2021;10;ARS Norte;All;25895;14264;0;40159;279638;110955;14;390607;167666;112009;279675;0,078058909;0,046802741;0,031266496;0,078069237
163;REGIONAL;15/03/21;2021;11;ARS Norte;All;27092;42503;3;69598;306730;153458;17;460205;152231;154548;306779;0,085621443;0,042494174;0,043140947;0,085635121
164;REGIONAL;22/03/21;2021;12;ARS Norte;All;89263;2526;0;91789;395993;155984;17;551994;238868;157180;396048;0,110538558;0,06667826;0,043875651;0,110553911
165;REGIONAL;29/03/21;2021;13;ARS Norte;All;54317;32874;1;87192;450310;188858;18;639186;260253;190141;450394;0,125700753;0,072647727;0,053076474;0,125724201
166;REGIONAL;05/04/21;2021;14;ARS Norte;All;82638;13851;5;96494;532948;202709;23;735680;329005;204077;533082;0,148768548;0,091839347;0,056966606;0,148805953
167;REGIONAL;12/04/21;2021;15;ARS Norte;All;136193;19322;2;155517;669141;222031;25;891197;445770;223514;669284;0,186785831;0,124433445;0,062392303;0,186825748
168;REGIONAL;19/04/21;2021;16;ARS Norte;All;65465;46622;2;112089;734606;268653;27;1003286;464199;270552;734751;0,205059908;0,129577766;0,075522618;0,205100384
169;REGIONAL;26/04/21;2021;17;ARS Norte;All;127097;36904;2;164003;861703;305557;29;1167289;554212;307665;861877;0,240538109;0,154704239;0,085882441;0,24058668
170;REGIONAL;03/05/21;2021;18;ARS Norte;All;155978;73570;3;229551;1017681;379127;32;1396840;636332;381743;1018075;0,28407823;0,177627438;0,106560775;0,284188213
171;REGIONAL;10/05/21;2021;19;ARS Norte;All;100254;101362;7;201623;1117935;480489;39;1598463;640863;484236;1125099;0,312063403;0,178892233;0,135170948;0,314063182
172;REGIONAL;17/05/21;2021;20;ARS Norte;All;111269;71460;4;182733;1229204;551949;43;1781196;679065;564963;1244028;0,343123333;0,189556043;0,157705302;0,347261345
173;REGIONAL;24/05/21;2021;21;ARS Norte;All;73412;129543;9;202964;1302616;681492;52;1984160;629830;707797;1337627;0,363615758;0,175812452;0,197576371;0,373388823
174;REGIONAL;31/05/21;2021;22;ARS Norte;All;55393;173016;9;228418;1358009;854508;61;2212578;530189;887140;1417329;0,37907831;0,147998393;0,247638662;0,395637055
175;REGIONAL;07/06/21;2021;23;ARS Norte;All;107347;107028;9;214384;1465356;961536;70;2426962;528033;1004393;1532426;0,409043442;0,147396562;0,280368982;0,427765544
176;REGIONAL;14/06/21;2021;24;ARS Norte;All;105574;153071;14;258659;1570930;1114607;84;2685621;486076;1167637;1653713;0,438513654;0,135684571;0,325937354;0,461621925
177;REGIONAL;21/06/21;2021;25;ARS Norte;All;146715;105803;6;252524;1717645;1220410;90;2938145;529941;1287083;1817024;0,479468077;0,147929166;0,359279834;0,507209
178;REGIONAL;28/06/21;2021;26;ARS Norte;All;164041;117870;9;281920;1881686;1338280;99;3220065;566904;1420658;1987562;0,525258926;0,158247118;0,396566321;0,554813439
179;REGIONAL;05/07/21;2021;27;ARS Norte;All;176411;159168;12;335591;2058097;1497448;111;3555656;579972;1598382;2178354;0,57450277;0,161894955;0,44617668;0,608071635
180;REGIONAL;12/07/21;2021;28;ARS Norte;All;105610;157593;22;263225;2163707;1655041;133;3818881;560832;1772706;2333538;0,603983031;0,156552163;0,494837953;0,651390117
181;REGIONAL;19/07/21;2021;29;ARS Norte;All;51955;190188;12;242155;2215662;1845229;145;4061036;461086;1976285;2437371;0,618485891;0,128708795;0,551665547;0,680374342
182;REGIONAL;26/07/21;2021;30;ARS Norte;All;35497;185938;17;221452;2251159;2031167;162;4282488;334811;2173800;2508611;0,62839462;0,093460049;0,606800419;0,700260468
183;REGIONAL;02/08/21;2021;31;ARS Norte;All;42021;190446;8;232475;2293180;2221613;170;4514963;212965;2376180;2589145;0,640124475;0,059447627;0,66329332;0,722740947
184;REGIONAL;09/08/21;2021;32;ARS Norte;All;119543;148534;6;268083;2412723;2370147;176;4783046;225689;2542581;2768270;0,673494032;0,062999439;0,709742946;0,772742384
185;REGIONAL;16/08/21;2021;33;ARS Norte;All;148994;81370;8;230372;2561717;2451517;184;5013418;311939;2643649;2955588;0,715084621;0,087075497;0,737955341;0,825030838
186;REGIONAL;23/08/21;2021;34;ARS Norte;All;119332;34199;7;153538;2681049;2485716;191;5166956;384557;2693689;3078246;0,748395278;0,107346282;0,751923642;0,859269925
187;REGIONAL;30/08/21;2021;35;ARS Norte;All;44893;111565;13;156471;2725942;2597281;204;5323427;308928;2815812;3124740;0,760926832;0,086234999;0,786013387;0,872248386
188;REGIONAL;06/09/21;2021;36;ARS Norte;All;22386;129223;49;151658;2748328;2726504;253;5475085;198352;2949899;3148251;0,767175721;0,055368514;0,823442795;0,87881131
189;REGIONAL;13/09/21;2021;37;ARS Norte;All;14947;97200;124;112271;2763275;2823704;377;5587356;114380;3049688;3164068;0,771348067;0,031928343;0,851298167;0,88322651
190;REGIONAL;20/09/21;2021;38;ARS Norte;All;10257;37097;199;47553;2773532;2860801;576;5634909;85961;3088791;3174752;0,774211233;0,023995386;0,862213484;0,886208871
191;REGIONAL;04/01/21;2021;1;RA Madeira;All;1833;2;0;1835;2539;2;0;2541;2537;2;2539;0,01011312;0,010105154;7,96622E-06;0,01011312
192;REGIONAL;11/01/21;2021;2;RA Madeira;All;1799;3;0;1802;4338;5;0;4343;4331;7;4338;0,017278738;0,017250856;2,78818E-05;0,017278738
193;REGIONAL;18/01/21;2021;3;RA Madeira;All;1167;598;1;1766;5505;603;1;6109;4900;605;5505;0,021927029;0,019517247;0,002409783;0,021927029
194;REGIONAL;25/01/21;2021;4;RA Madeira;All;487;1726;3;2216;5992;2329;4;8325;3661;2331;5992;0,023866805;0,014582172;0,009284633;0,023866805
195;REGIONAL;01/02/21;2021;5;RA Madeira;All;2257;1544;0;3801;8249;3873;4;12126;4374;3875;8249;0,032856688;0,01742213;0,015434557;0,032856688
196;REGIONAL;08/02/21;2021;6;RA Madeira;All;3183;1161;1;4345;11432;5034;5;16471;6396;5036;11432;0,045534932;0,025475982;0,02005895;0,045534932
197;REGIONAL;15/02/21;2021;7;RA Madeira;All;2596;711;1;3308;14028;5745;6;19779;8280;5748;14028;0,05587509;0,032980164;0,022894926;0,05587509
198;REGIONAL;22/02/21;2021;8;RA Madeira;All;2273;2162;1;4436;16301;7907;7;24215;8391;7910;16301;0,064928702;0,033422289;0,031506413;0,064928702
199;REGIONAL;01/03/21;2021;9;RA Madeira;All;1462;3131;3;4596;17763;11038;10;28811;6722;11041;17763;0,070752011;0,026774476;0,043977535;0,070752011
200;REGIONAL;08/03/21;2021;10;RA Madeira;All;4992;2392;0;7384;22755;13430;10;36195;9322;13433;22755;0,090635705;0,037130566;0,053505138;0,090635705
201;REGIONAL;15/03/21;2021;11;RA Madeira;All;3136;2329;2;5467;25891;15759;12;41662;10128;15763;25891;0,103126743;0,040340954;0,062785788;0,103126743
202;REGIONAL;22/03/21;2021;12;RA Madeira;All;5507;195;0;5702;31398;15954;12;47364;15441;15958;31399;0,125061738;0,061503226;0,063562495;0,125065721
203;REGIONAL;29/03/21;2021;13;RA Madeira;All;1228;1265;1;2494;32626;17219;13;49858;15404;17224;32628;0,129952999;0,061355851;0,068605114;0,129960966
204;REGIONAL;05/04/21;2021;14;RA Madeira;All;10224;1304;0;11528;42850;18523;13;61386;24322;18530;42852;0,170676332;0,096877241;0,073807058;0,170684299
205;REGIONAL;12/04/21;2021;15;RA Madeira;All;8536;1313;0;9849;51386;19836;13;71235;31540;19849;51389;0,204676173;0,12562734;0,079060782;0,204688122
206;REGIONAL;19/04/21;2021;16;RA Madeira;All;9837;2148;0;11985;61223;21984;13;83220;39161;22066;61227;0,243858042;0,155982634;0,087891341;0,243873974
207;REGIONAL;26/04/21;2021;17;RA Madeira;All;8828;832;1;9661;70051;22816;14;92881;47162;22911;70073;0,279020951;0,18785151;0,09125707;0,27910858
208;REGIONAL;03/05/21;2021;18;RA Madeira;All;7662;5351;0;13013;77713;28167;14;105894;49473;28283;77756;0,309539552;0,197056481;0,112654346;0,309710826
209;REGIONAL;10/05/21;2021;19;RA Madeira;All;11607;6566;5;18178;89320;34733;19;124072;54503;34861;89364;0,355771529;0,217091532;0,138855254;0,355946786
210;REGIONAL;17/05/21;2021;20;RA Madeira;All;2403;7719;7;10129;91723;42452;26;134201;49189;42586;91775;0,365342946;0,195925277;0,169624791;0,365550068
211;REGIONAL;24/05/21;2021;21;RA Madeira;All;3512;8998;3;12513;95235;51450;29;146714;43695;51601;95296;0,379331634;0,174042062;0,205532542;0,379574604
212;REGIONAL;31/05/21;2021;22;RA Madeira;All;7650;11030;5;18685;102885;62480;34;165399;40614;62672;103286;0,409802438;0,161770095;0,249629571;0,411399665
213;REGIONAL;07/06/21;2021;23;RA Madeira;All;3722;15295;4;19021;106607;77775;38;184420;31102;78005;109107;0,424627579;0,123882737;0,310702621;0,434585358
214;REGIONAL;14/06/21;2021;24;RA Madeira;All;3767;8374;5;12146;110374;86149;43;196566;28987;86417;115404;0,43963196;0,115458456;0,344208556;0,459667012
215;REGIONAL;21/06/21;2021;25;RA Madeira;All;12640;3752;14;16406;123014;89901;57;212972;37866;90311;128177;0,489978491;0,150824504;0,359718792;0,510543296
216;REGIONAL;28/06/21;2021;26;RA Madeira;All;10164;12375;21;22560;133178;102276;78;235532;35733;102801;138534;0,530462838;0,142328527;0,409467856;0,551796383
217;REGIONAL;05/07/21;2021;27;RA Madeira;All;12798;7018;10;19826;145976;109294;88;255358;41574;110170;151744;0,5814387;0,165593882;0,438819406;0,604413288
218;REGIONAL;12/07/21;2021;28;RA Madeira;All;10667;5921;9;16597;156643;115215;97;271955;47206;116684;163890;0,623926551;0,188026767;0,464765395;0,652792161
219;REGIONAL;19/07/21;2021;29;RA Madeira;All;4274;14863;7;19144;160917;130078;104;291099;38894;131801;170695;0,64095037;0,154919143;0,524978093;0,679897236
220;REGIONAL;26/07/21;2021;30;RA Madeira;All;5573;13901;5;19479;166490;143979;109;310578;33500;146119;179619;0,663148251;0,133434239;0,582008285;0,715442524
221;REGIONAL;02/08/21;2021;31;RA Madeira;All;4565;14395;1;18961;171055;158374;110;329539;25447;160872;186319;0,681331156;0,101358241;0,64077113;0,742129371
222;REGIONAL;09/08/21;2021;32;RA Madeira;All;5419;11062;4;16485;176474;169436;114;346024;21266;172187;193453;0,702915638;0,084704851;0,685840038;0,77054489
223;REGIONAL;16/08/21;2021;33;RA Madeira;All;3624;8169;4;11797;180098;177605;118;357821;17784;180564;198348;0,717350434;0,070835657;0,719206564;0,790042221
224;REGIONAL;23/08/21;2021;34;RA Madeira;All;2194;6291;2;8487;182292;183896;120;366308;14472;187031;201503;0,726089381;0,057643591;0,744965347;0,802608938
225;REGIONAL;30/08/21;2021;35;RA Madeira;All;1804;5867;2;7673;184096;189763;122;373981;11221;193126;204347;0,733274914;0,044694495;0,769242412;0,813936908
226;REGIONAL;06/09/21;2021;36;RA Madeira;All;1305;4790;2;6097;185401;194553;124;380078;8160;198136;206296;0,738472875;0,032502191;0,789197801;0,821699992
227;REGIONAL;13/09/21;2021;37;RA Madeira;All;844;2886;2;3732;186245;197439;126;383810;6300;201237;207537;0,741834621;0,025093603;0,80154943;0,826643034
228;REGIONAL;20/09/21;2021;38;RA Madeira;All;811;2127;1;2939;187056;199566;127;386749;4989;203620;208609;0,745064925;0,019871744;0,811041185;0,830912929
229;REGIONAL;04/01/21;2021;1;RA Acores;All;3687;3;1;3691;5728;4;4;5736;5724;4;5728;0,024203806;0,024186903;1,69021E-05;0,024203806
230;REGIONAL;11/01/21;2021;2;RA Acores;All;27;3;0;30;5755;7;4;5766;5748;7;5755;0,024317895;0,024288316;2,95787E-05;0,024317895
231;REGIONAL;18/01/21;2021;3;RA Acores;All;88;1985;5;2078;5843;1992;9;7844;3851;1992;5843;0,024689741;0,016272496;0,008417245;0,024689741
232;REGIONAL;25/01/21;2021;4;RA Acores;All;316;3616;9;3941;6159;5608;18;11785;551;5608;6159;0,026025007;0,002328264;0,023696743;0,026025007
233;REGIONAL;01/02/21;2021;5;RA Acores;All;1886;36;1;1923;8045;5644;19;13708;2401;5644;8045;0,033994346;0,010145485;0,023848861;0,033994346
234;REGIONAL;08/02/21;2021;6;RA Acores;All;1065;58;1;1124;9110;5702;20;14832;3408;5702;9110;0,03849453;0,014400588;0,024093942;0,03849453
235;REGIONAL;15/02/21;2021;7;RA Acores;All;2096;370;2;2468;11206;6072;22;17300;5134;6072;11206;0,04735123;0,021693844;0,025657386;0,04735123
236;REGIONAL;22/02/21;2021;8;RA Acores;All;1502;1642;8;3152;12708;7714;30;20452;4993;7715;12708;0,053697968;0,021098045;0,032599923;0,053697968
237;REGIONAL;01/03/21;2021;9;RA Acores;All;786;1202;5;1993;13494;8916;35;22445;4577;8917;13494;0,05701923;0,019340227;0,037679004;0,05701923
238;REGIONAL;08/03/21;2021;10;RA Acores;All;2772;2073;3;4848;16266;10989;38;27293;5266;11000;16266;0,068732385;0,022251613;0,046480772;0,068732385
239;REGIONAL;15/03/21;2021;11;RA Acores;All;2534;1458;9;4001;18800;12447;47;31294;6337;12464;18801;0,079439864;0,02677715;0,05266694;0,07944409
240;REGIONAL;22/03/21;2021;12;RA Acores;All;4166;752;6;4924;22966;13199;53;36218;9741;13226;22967;0,0970434;0,041160836;0,05588679;0,097047626
241;REGIONAL;29/03/21;2021;13;RA Acores;All;2226;779;4;3009;25192;13978;57;39227;11184;14010;25194;0,106449418;0,047258268;0,059199601;0,106457869
242;REGIONAL;05/04/21;2021;14;RA Acores;All;3900;2376;15;6291;29092;16354;72;45518;12694;16404;29098;0,122928965;0,053638811;0,069315507;0,122954318
243;REGIONAL;12/04/21;2021;15;RA Acores;All;4238;2397;18;6653;33330;18751;90;52171;14519;18818;33337;0,140836738;0,061350393;0,079515924;0,140866317
244;REGIONAL;19/04/21;2021;16;RA Acores;All;7902;1071;18;8991;41232;19822;108;61162;21293;19946;41239;0,174226835;0,089974098;0,084282316;0,174256413
245;REGIONAL;26/04/21;2021;17;RA Acores;All;9305;2983;16;12304;50537;22805;124;73466;27570;22992;50562;0,213545342;0,116497716;0,097153264;0,21365098
246;REGIONAL;03/05/21;2021;18;RA Acores;All;9725;2956;20;12701;60262;25761;144;86167;34319;26001;60320;0,25463857;0,145015782;0,109867868;0,25488365
247;REGIONAL;10/05/21;2021;19;RA Acores;All;9448;2421;15;11884;69710;28182;159;98051;41316;28455;69771;0,294561327;0,174581779;0,120237305;0,294819084
248;REGIONAL;17/05/21;2021;20;RA Acores;All;12095;5183;14;17292;81805;33365;173;115343;48195;33678;81873;0,345669048;0,203649163;0,142307221;0,345956384
249;REGIONAL;24/05/21;2021;21;RA Acores;All;5603;8177;93;13873;87408;41542;266;129216;45606;41880;87486;0,369344663;0,19270928;0,176964975;0,369674254
250;REGIONAL;31/05/21;2021;22;RA Acores;All;5525;10495;32;16052;92933;52037;298;145268;40666;52412;93078;0,392690687;0,171835188;0,221468201;0,393303388
251;REGIONAL;07/06/21;2021;23;RA Acores;All;7873;12198;56;20127;100806;64235;354;165395;36312;64663;100975;0,425958243;0,153437253;0,273235104;0,426672357
252;REGIONAL;14/06/21;2021;24;RA Acores;All;9266;7857;88;17211;110072;72092;442;182606;38122;72583;110705;0,465111955;0,161085453;0,30670126;0,467786712
253;REGIONAL;21/06/21;2021;25;RA Acores;All;7557;10022;366;17945;117629;82114;808;200551;38127;82690;120817;0,497044245;0,16110658;0,349408638;0,510515218
254;REGIONAL;28/06/21;2021;26;RA Acores;All;6726;12490;195;19411;124355;94604;1003;219962;33763;95302;129065;0,525465125;0,142666391;0,402700955;0,545367346
255;REGIONAL;05/07/21;2021;27;RA Acores;All;6216;16318;65;22599;130571;110922;1068;242561;25439;111771;137210;0,551730986;0,107493123;0,472291122;0,579784245
256;REGIONAL;12/07/21;2021;28;RA Acores;All;2967;11911;56;14934;133538;122833;1124;257495;18124;123783;141907;0,564268118;0,07658341;0,523048125;0,599631534
257;REGIONAL;19/07/21;2021;29;RA Acores;All;5699;9029;42;14770;139237;131862;1166;272265;16470;133016;149486;0,588349383;0,069594392;0,562062394;0,631656786
258;REGIONAL;26/07/21;2021;30;RA Acores;All;6997;9018;30;16045;146234;140880;1196;288310;16867;142390;159257;0,61791538;0,071271925;0,601672463;0,672944388
259;REGIONAL;02/08/21;2021;31;RA Acores;All;9602;6681;24;16307;155836;147561;1220;304617;23125;149392;172517;0,658488868;0,097715259;0,631259587;0,728974845
260;REGIONAL;09/08/21;2021;32;RA Acores;All;5029;6600;33;11662;160865;154161;1253;316279;22905;156248;179153;0,679739032;0,096785643;0,660229784;0,757015427
261;REGIONAL;16/08/21;2021;33;RA Acores;All;2356;7373;36;9765;163221;161534;1289;326044;18572;163741;182313;0,689694368;0,078476445;0,691891641;0,770368085
262;REGIONAL;23/08/21;2021;34;RA Acores;All;5722;9347;14;15083;168943;170881;1303;341127;15241;173213;188454;0,71387282;0,064401222;0,731915811;0,796317033
263;REGIONAL;30/08/21;2021;35;RA Acores;All;3144;5539;13;8696;172087;176420;1316;349823;12985;178845;191830;0,72715787;0,054868438;0,755713966;0,810582404
264;REGIONAL;06/09/21;2021;36;RA Acores;All;2091;2778;15;4884;174178;179198;1331;354707;11778;182375;194153;0,735993442;0,04976823;0,770630068;0,820398298
265;REGIONAL;13/09/21;2021;37;RA Acores;All;867;5313;30;6210;175045;184511;1361;360917;7123;188002;195125;0,739656972;0,030098412;0,794407096;0,824505508
266;REGIONAL;20/09/21;2021;38;RA Acores;All;763;3275;20;4058;175808;187786;1381;364975;4536;191447;195983;0,742881047;0,01916698;0,808964028;0,828131008
267;REGIONAL;04/01/21;2021;1;Outro;All;0;0;0;0;0;0;0;0;0;0;0;NA;NA;NA;NA
268;REGIONAL;11/01/21;2021;2;Outro;All;0;0;0;0;0;0;0;0;0;0;0;NA;NA;NA;NA
269;REGIONAL;18/01/21;2021;3;Outro;All;0;0;0;0;0;0;0;0;0;0;0;NA;NA;NA;NA
270;REGIONAL;25/01/21;2021;4;Outro;All;0;0;0;0;0;0;0;0;0;0;0;NA;NA;NA;NA
271;REGIONAL;01/02/21;2021;5;Outro;All;0;0;0;0;0;0;0;0;0;0;0;NA;NA;NA;NA
272;REGIONAL;08/02/21;2021;6;Outro;All;0;0;0;0;0;0;0;0;0;0;0;NA;NA;NA;NA
273;REGIONAL;15/02/21;2021;7;Outro;All;0;0;0;0;0;0;0;0;0;0;0;NA;NA;NA;NA
274;REGIONAL;22/02/21;2021;8;Outro;All;0;0;0;0;0;0;0;0;0;0;0;NA;NA;NA;NA
275;REGIONAL;01/03/21;2021;9;Outro;All;0;0;0;0;0;0;0;0;0;0;0;NA;NA;NA;NA
276;REGIONAL;08/03/21;2021;10;Outro;All;0;0;0;0;0;0;0;0;0;0;0;NA;NA;NA;NA
277;REGIONAL;15/03/21;2021;11;Outro;All;0;0;0;0;0;0;0;0;0;0;0;NA;NA;NA;NA
278;REGIONAL;22/03/21;2021;12;Outro;All;0;0;0;0;0;0;0;0;0;0;0;NA;NA;NA;NA
279;REGIONAL;29/03/21;2021;13;Outro;All;0;0;0;0;0;0;0;0;0;0;0;NA;NA;NA;NA
280;REGIONAL;05/04/21;2021;14;Outro;All;0;0;0;0;0;0;0;0;0;0;0;NA;NA;NA;NA
281;REGIONAL;12/04/21;2021;15;Outro;All;0;0;0;0;0;0;0;0;0;0;0;NA;NA;NA;NA
282;REGIONAL;19/04/21;2021;16;Outro;All;0;0;0;0;0;0;0;0;0;0;0;NA;NA;NA;NA
283;REGIONAL;26/04/21;2021;17;Outro;All;0;0;0;0;0;0;0;0;0;0;0;NA;NA;NA;NA
284;REGIONAL;03/05/21;2021;18;Outro;All;0;0;0;0;0;0;0;0;0;0;0;NA;NA;NA;NA
285;REGIONAL;10/05/21;2021;19;Outro;All;0;0;0;0;0;0;0;0;0;0;0;NA;NA;NA;NA
286;REGIONAL;17/05/21;2021;20;Outro;All;0;0;0;0;0;0;0;0;0;0;0;NA;NA;NA;NA
287;REGIONAL;24/05/21;2021;21;Outro;All;0;0;0;0;0;0;0;0;0;0;0;NA;NA;NA;NA
288;REGIONAL;31/05/21;2021;22;Outro;All;0;0;0;0;0;0;0;0;0;0;0;NA;NA;NA;NA
289;REGIONAL;07/06/21;2021;23;Outro;All;0;0;0;0;0;0;0;0;0;0;0;NA;NA;NA;NA
290;REGIONAL;14/06/21;2021;24;Outro;All;0;0;0;0;0;0;0;0;0;0;0;NA;NA;NA;NA
291;REGIONAL;21/06/21;2021;25;Outro;All;0;0;0;0;0;0;0;0;0;0;0;NA;NA;NA;NA
292;REGIONAL;28/06/21;2021;26;Outro;All;0;0;0;0;0;0;0;0;0;0;0;NA;NA;NA;NA
293;REGIONAL;05/07/21;2021;27;Outro;All;0;0;0;0;0;0;0;0;0;0;0;NA;NA;NA;NA
294;REGIONAL;12/07/21;2021;28;Outro;All;0;0;0;0;0;0;0;0;0;0;0;NA;NA;NA;NA
295;REGIONAL;19/07/21;2021;29;Outro;All;0;0;0;0;0;0;0;0;0;0;0;NA;NA;NA;NA
296;REGIONAL;26/07/21;2021;30;Outro;All;0;0;0;0;0;0;0;0;0;0;0;NA;NA;NA;NA
297;REGIONAL;02/08/21;2021;31;Outro;All;0;0;0;0;0;0;0;0;0;0;0;NA;NA;NA;NA
298;REGIONAL;09/08/21;2021;32;Outro;All;0;0;0;0;0;0;0;0;0;0;0;NA;NA;NA;NA
299;REGIONAL;16/08/21;2021;33;Outro;All;0;0;0;0;0;0;0;0;0;0;0;NA;NA;NA;NA
300;REGIONAL;23/08/21;2021;34;Outro;All;0;0;0;0;0;0;0;0;0;0;0;NA;NA;NA;NA
301;REGIONAL;30/08/21;2021;35;Outro;All;0;0;0;0;0;0;0;0;0;0;0;NA;NA;NA;NA
302;REGIONAL;06/09/21;2021;36;Outro;All;0;0;0;0;0;0;0;0;0;0;0;NA;NA;NA;NA
303;REGIONAL;13/09/21;2021;37;Outro;All;0;0;0;0;0;0;0;0;0;0;0;NA;NA;NA;NA
304;REGIONAL;20/09/21;2021;38;Outro;All;0;0;0;0;0;0;0;0;0;0;0;NA;NA;NA;NA
305;AGES;04/01/21;2021;1;All;12-17 anos;5;0;0;5;7;0;0;7;7;0;7;1,12E-05;1,12E-05;0;1,12452E-05
306;AGES;11/01/21;2021;2;All;12-17 anos;15;0;0;15;22;0;0;22;22;0;22;3,53E-05;3,53E-05;0;3,5342E-05
307;AGES;18/01/21;2021;3;All;12-17 anos;70;1;0;71;92;1;0;93;91;1;92;0,000147794;0,000146187;1,60645E-06;0,000147794
308;AGES;25/01/21;2021;4;All;12-17 anos;15;3;0;18;107;4;0;111;103;4;107;0,000171891;0,000165465;6,42582E-06;0,000171891
309;AGES;01/02/21;2021;5;All;12-17 anos;35;4;0;39;142;8;0;150;134;8;142;0,000228116;0,000215265;1,28516E-05;0,000228116
310;AGES;08/02/21;2021;6;All;12-17 anos;38;66;0;104;180;74;0;254;106;74;180;0,000289162;0,000170284;0,000118878;0,000289162
311;AGES;15/02/21;2021;7;All;12-17 anos;32;16;0;48;212;90;0;302;122;90;212;0,000340568;0,000195987;0,000144581;0,000340568
312;AGES;22/02/21;2021;8;All;12-17 anos;22;33;0;55;234;123;0;357;111;123;234;0,00037591;0,000178316;0,000197594;0,00037591
313;AGES;01/03/21;2021;9;All;12-17 anos;12;30;0;42;246;153;0;399;93;153;246;0,000395188;0,0001494;0,000245787;0,000395188
314;AGES;08/03/21;2021;10;All;12-17 anos;19;25;0;44;265;178;0;443;86;179;265;0,00042571;0,000138155;0,000287555;0,00042571
315;AGES;15/03/21;2021;11;All;12-17 anos;5;23;0;28;270;201;0;471;68;202;270;0,000433743;0,000109239;0,000324504;0,000433743
316;AGES;22/03/21;2021;12;All;12-17 anos;33;11;0;44;303;212;0;515;90;213;303;0,000486756;0,000144581;0,000342175;0,000486756
317;AGES;29/03/21;2021;13;All;12-17 anos;15;14;0;29;318;226;0;544;91;227;318;0,000510852;0,000146187;0,000364665;0,000510852
318;AGES;05/04/21;2021;14;All;12-17 anos;31;5;0;36;349;231;0;580;117;232;349;0,000560652;0,000187955;0,000372697;0,000560652
319;AGES;12/04/21;2021;15;All;12-17 anos;47;8;0;55;396;239;0;635;156;240;396;0,000636156;0,000250607;0,000385549;0,000636156
320;AGES;19/04/21;2021;16;All;12-17 anos;31;14;0;45;427;253;0;680;171;256;427;0,000685956;0,000274704;0,000411252;0,000685956
321;AGES;26/04/21;2021;17;All;12-17 anos;50;26;0;76;477;279;0;756;194;283;477;0,000766279;0,000311652;0,000454627;0,000766279
322;AGES;03/05/21;2021;18;All;12-17 anos;110;15;0;125;587;294;0;881;288;299;587;0,000942989;0,000462659;0,00048033;0,000942989
323;AGES;10/05/21;2021;19;All;12-17 anos;166;45;0;211;753;339;0;1092;409;344;753;0,00120966;0,00065704;0,00055262;0,00120966
324;AGES;17/05/21;2021;20;All;12-17 anos;316;26;0;342;1069;365;0;1434;699;370;1069;0,001717299;0,001122911;0,000594388;0,001717299
325;AGES;24/05/21;2021;21;All;12-17 anos;302;40;0;342;1371;405;0;1776;955;416;1371;0,002202449;0,001534164;0,000668285;0,002202449
326;AGES;31/05/21;2021;22;All;12-17 anos;277;115;0;392;1648;520;0;2168;1106;542;1648;0,002647436;0,001776738;0,000870698;0,002647436
327;AGES;07/06/21;2021;23;All;12-17 anos;399;165;0;564;2047;685;0;2732;1335;713;2048;0,003288412;0,002144616;0,001145402;0,003290018
328;AGES;14/06/21;2021;24;All;12-17 anos;585;333;0;918;2632;1018;0;3650;1583;1051;2634;0,004228187;0,002543017;0,001688383;0,0042314
329;AGES;21/06/21;2021;25;All;12-17 anos;409;293;2;704;3041;1311;2;4354;1693;1354;3047;0,004885227;0,002719727;0,002175139;0,004894866
330;AGES;28/06/21;2021;26;All;12-17 anos;225;282;0;507;3266;1593;2;4861;1631;1641;3272;0,005246679;0,002620127;0,002636191;0,005256318
331;AGES;05/07/21;2021;27;All;12-17 anos;438;662;1;1101;3704;2255;3;5962;1397;2314;3711;0,005950306;0,002244216;0,003717335;0,005961551
332;AGES;12/07/21;2021;28;All;12-17 anos;272;320;2;594;3976;2575;5;6556;1344;2655;3999;0,006387261;0,002159074;0,004265136;0,00642421
333;AGES;19/07/21;2021;29;All;12-17 anos;270;275;1;546;4246;2850;6;7102;1326;2954;4280;0,006821004;0,002130158;0,004745465;0,006875624
334;AGES;26/07/21;2021;30;All;12-17 anos;1626;385;0;2011;5872;3235;6;9113;2528;3387;5915;0,009433098;0,004061116;0,00544106;0,009502176
335;AGES;02/08/21;2021;31;All;12-17 anos;4617;208;1;4826;10489;3443;7;13939;6803;3758;10561;0,016850097;0,010928707;0,006037054;0,016965762
336;AGES;09/08/21;2021;32;All;12-17 anos;142675;416;2;143093;153164;3859;9;157032;137908;15454;153362;0,246050934;0,221542871;0,024826142;0,246369012
337;AGES;16/08/21;2021;33;All;12-17 anos;177886;1579;1;179466;331050;5438;10;336498;302028;29286;331314;0,531816626;0,485194116;0,047046614;0,53224073
338;AGES;23/08/21;2021;34;All;12-17 anos;132371;3934;3;136308;463421;9372;13;472806;421644;42065;463709;0,744464561;0,677351728;0,067575491;0,74492722
339;AGES;30/08/21;2021;35;All;12-17 anos;42063;110071;13;152147;505484;119443;26;624953;348952;156827;505779;0,812036839;0,560575368;0,251935376;0,812510743
340;AGES;06/09/21;2021;36;All;12-17 anos;20471;162548;15;183034;525955;281991;41;807987;205045;321208;526253;0,844922561;0,329395379;0,516005905;0,845401284
341;AGES;13/09/21;2021;37;All;12-17 anos;12792;126835;31;139658;538747;408826;72;947645;89752;449295;539047;0,865472322;0,144182467;0,72177179;0,865954258
342;AGES;20/09/21;2021;38;All;12-17 anos;5616;41550;16;47182;544363;450376;88;994827;52870;491794;544664;0,874494168;0,084933228;0,790044483;0,87497771
343;AGES;04/01/21;2021;1;All;18-24 anos;1848;3;0;1851;3215;4;0;3219;3210;5;3215;0,004115595;0,004109194;6,40061E-06;0,004115595
344;AGES;11/01/21;2021;2;All;18-24 anos;1441;56;0;1497;4656;60;0;4716;4594;62;4656;0,005960252;0,005880885;7,93676E-05;0,005960252
345;AGES;18/01/21;2021;3;All;18-24 anos;3871;1200;0;5071;8527;1260;0;9787;7262;1265;8527;0,010915608;0,009296252;0,001619355;0,010915608
346;AGES;25/01/21;2021;4;All;18-24 anos;1397;1645;1;3043;9924;2905;1;12830;7015;2911;9926;0,01270394;0,008980062;0,003726438;0,0127065
347;AGES;01/02/21;2021;5;All;18-24 anos;994;944;0;1938;10918;3849;1;14768;7064;3857;10921;0,013976382;0,009042788;0,004937434;0,013980222
348;AGES;08/02/21;2021;6;All;18-24 anos;1478;3073;0;4551;12396;6922;1;19319;5457;6942;12399;0,015868403;0,006985631;0,008886613;0,015872244
349;AGES;15/02/21;2021;7;All;18-24 anos;2328;1749;1;4078;14724;8671;2;23397;5995;8732;14727;0,018848529;0,007674337;0,011178033;0,01885237
350;AGES;22/02/21;2021;8;All;18-24 anos;1332;703;0;2035;16056;9374;2;25432;6595;9464;16059;0,020553653;0,00844241;0,012115083;0,020557494
351;AGES;01/03/21;2021;9;All;18-24 anos;954;1042;1;1997;17010;10416;3;27429;6484;10531;17015;0,02177489;0,008300317;0,013480974;0,021781291
352;AGES;08/03/21;2021;10;All;18-24 anos;1385;645;1;2031;18395;11061;4;29460;7214;11189;18403;0,023547861;0,009234807;0,014323295;0,023558102
353;AGES;15/03/21;2021;11;All;18-24 anos;281;398;2;681;18676;11459;6;30141;7096;11589;18685;0,023907575;0,009083752;0,014835344;0,023919096
354;AGES;22/03/21;2021;12;All;18-24 anos;3238;175;0;3413;21914;11634;6;33554;10141;11783;21924;0,028052613;0,012981726;0,015083688;0,028065414
355;AGES;29/03/21;2021;13;All;18-24 anos;683;104;0;787;22597;11738;6;34341;10708;11902;22610;0,028926937;0,013707556;0,015236023;0,028943579
356;AGES;05/04/21;2021;14;All;18-24 anos;806;189;0;995;23403;11927;6;35336;11333;12098;23431;0,029958716;0,014507633;0,015486927;0,029994559
357;AGES;12/04/21;2021;15;All;18-24 anos;4300;104;0;4404;27703;12031;6;39740;15516;12222;27738;0,035463244;0,019862387;0,015645662;0,035508049
358;AGES;19/04/21;2021;16;All;18-24 anos;1313;104;0;1417;29016;12135;6;41157;16683;12368;29051;0,037144046;0,02135629;0,01583256;0,03718885
359;AGES;26/04/21;2021;17;All;18-24 anos;2676;181;0;2857;31692;12316;6;44014;19177;12580;31757;0,040569655;0,024548917;0,016103946;0,040652863
360;AGES;03/05/21;2021;18;All;18-24 anos;1845;841;0;2686;33537;13157;6;46700;20196;13456;33652;0,042931481;0,025853362;0,017225334;0,043078696
361;AGES;10/05/21;2021;19;All;18-24 anos;2259;5417;0;7676;35796;18574;6;54376;17017;18909;35926;0,045823279;0,021783851;0,024205844;0,045989695
362;AGES;17/05/21;2021;20;All;18-24 anos;2105;2473;0;4578;37901;21047;6;58954;16585;21451;38036;0,048517938;0,021230838;0,027459916;0,048690754
363;AGES;24/05/21;2021;21;All;18-24 anos;2280;3294;0;5574;40181;24341;6;64528;15373;24965;40338;0,051436618;0,019679329;0,031958268;0,051637597
364;AGES;31/05/21;2021;22;All;18-24 anos;2365;2687;2;5054;42546;27028;8;69582;14800;27912;42712;0,054464109;0,018945819;0,03573079;0,054676609
365;AGES;07/06/21;2021;23;All;18-24 anos;2855;2930;1;5786;45401;29958;9;75368;14531;31067;45598;0,058118859;0,018601466;0,039769578;0,058371044
366;AGES;14/06/21;2021;24;All;18-24 anos;3114;4576;2;7692;48515;34534;11;83060;13082;35911;48993;0,062105162;0,016746568;0,045970493;0,062717061
367;AGES;21/06/21;2021;25;All;18-24 anos;2874;3022;7;5903;51389;37556;18;88963;13095;39281;52376;0,065784235;0,016763209;0,050284507;0,067047717
368;AGES;28/06/21;2021;26;All;18-24 anos;2087;3082;7;5176;53476;40638;25;94139;12358;42601;54959;0,068455852;0,015819759;0,054534515;0,070354274
369;AGES;05/07/21;2021;27;All;18-24 anos;11865;5086;13;16964;65341;45724;38;111103;19821;48628;68449;0,08364451;0,025373316;0,062249816;0,087623132
370;AGES;12/07/21;2021;28;All;18-24 anos;14129;7842;6;21977;79470;53566;44;133080;31004;57711;88715;0,101731366;0,03968893;0,073877172;0,113566102
371;AGES;19/07/21;2021;29;All;18-24 anos;19482;19652;0;39134;98952;73218;44;172214;46093;79434;125527;0,12667072;0,059004704;0,101685282;0,160689986
372;AGES;26/07/21;2021;30;All;18-24 anos;20987;22583;11;43581;119939;95801;55;215795;61663;104288;165951;0,15353666;0,078936218;0,133501456;0,212437674
373;AGES;02/08/21;2021;31;All;18-24 anos;53877;56436;4;110317;173816;152237;59;326112;101457;166401;267858;0,222505841;0,129877428;0,213013729;0,342891158
374;AGES;09/08/21;2021;32;All;18-24 anos;87571;82551;7;170129;261387;234788;66;496241;165281;260253;425534;0,334607482;0,211579992;0,333155823;0,544735815
375;AGES;16/08/21;2021;33;All;18-24 anos;94213;74353;13;168579;355600;309141;79;664820;229332;346511;575843;0,4552117;0,293573143;0,443576663;0,737149806
376;AGES;23/08/21;2021;34;All;18-24 anos;56266;43737;6;100009;411866;352878;85;764829;249559;396851;646410;0,527239095;0,319466189;0,50801805;0,827484238
377;AGES;30/08/21;2021;35;All;18-24 anos;22610;100421;5;123036;434476;453299;90;887865;170981;501655;672636;0,556182674;0,218876692;0,642180049;0,861056741
378;AGES;06/09/21;2021;36;All;18-24 anos;12868;78400;15;91283;447344;531699;105;979148;104279;582120;686399;0,572655295;0,133489935;0,745185138;0,878675073
379;AGES;13/09/21;2021;37;All;18-24 anos;9038;52500;6;61544;456382;584199;111;1040692;59975;636041;696016;0,584225046;0,07677537;0,814210644;0,890986015
380;AGES;20/09/21;2021;38;All;18-24 anos;7080;18602;12;25694;463462;602801;123;1066386;47373;656089;703462;0,593288316;0,060643262;0,839874548;0,90051781
381;AGES;04/01/21;2021;1;All;25-49 anos;27967;70;0;28037;52021;80;2;52103;51945;83;52028;0,015614602;0,01559179;2,49132E-05;0,015616703
382;AGES;11/01/21;2021;2;All;25-49 anos;16818;808;0;17626;68839;888;2;69729;67944;902;68846;0,020662686;0,020394044;0,000270744;0,020664787
383;AGES;18/01/21;2021;3;All;25-49 anos;37809;21832;6;59647;106648;22720;8;129376;83881;22775;106656;0,03201142;0,025177687;0,006836135;0,032013822
384;AGES;25/01/21;2021;4;All;25-49 anos;15819;26287;10;42116;122467;49007;18;171492;73391;49084;122475;0,036759645;0,022029013;0,014733034;0,036762046
385;AGES;01/02/21;2021;5;All;25-49 anos;10129;12588;2;22719;132596;61595;20;194211;70929;61681;132610;0,039799962;0,02129002;0,018514144;0,039804164
386;AGES;08/02/21;2021;6;All;25-49 anos;13933;30947;5;44885;146529;92542;25;239096;53804;92740;146544;0,043982085;0,016149787;0,027836801;0,043986588
387;AGES;15/02/21;2021;7;All;25-49 anos;22457;19088;6;41551;168986;111630;31;280647;56827;112174;169001;0,050722769;0,017057169;0,033670102;0,050727272
388;AGES;22/02/21;2021;8;All;25-49 anos;11718;7365;2;19085;180704;118995;33;299732;60940;119779;180719;0,054240039;0,018291726;0,035952816;0,054244542
389;AGES;01/03/21;2021;9;All;25-49 anos;7702;10057;6;17765;188406;129052;39;317497;58413;130019;188432;0,056551869;0,017533222;0,03902645;0,056559673
390;AGES;08/03/21;2021;10;All;25-49 anos;16519;6324;2;22845;204925;135376;41;340342;68464;136505;204969;0,061510205;0,020550127;0,040973285;0,061523412
391;AGES;15/03/21;2021;11;All;25-49 anos;4741;3355;5;8101;209666;138731;46;348443;69818;139902;209720;0,062933262;0,020956543;0,041992928;0,06294947
392;AGES;22/03/21;2021;12;All;25-49 anos;42468;1748;0;44216;252134;140479;46;392659;110367;141830;252197;0,075680439;0,033127714;0,042571635;0,075699349
393;AGES;29/03/21;2021;13;All;25-49 anos;4771;1223;2;5996;256905;141702;48;398655;113868;143125;256993;0,077112501;0,034178573;0,042960342;0,077138915
394;AGES;05/04/21;2021;14;All;25-49 anos;9162;1364;1;10527;266067;143066;49;409182;121620;144597;266217;0,079862563;0,03650541;0,043402177;0,079907587
395;AGES;12/04/21;2021;15;All;25-49 anos;89394;907;0;90301;355461;143973;49;499483;209971;145654;355625;0,10669503;0,06302481;0,043719446;0,106744256
396;AGES;19/04/21;2021;16;All;25-49 anos;11244;940;1;12185;366705;144913;50;511668;219897;146977;366874;0,110070024;0,066004194;0,044116557;0,110120751
397;AGES;26/04/21;2021;17;All;25-49 anos;11222;1044;3;12269;377927;145957;53;523937;229991;148181;378172;0,113438415;0,069034005;0,044477949;0,113511954
398;AGES;03/05/21;2021;18;All;25-49 anos;10565;8188;4;18757;388492;154145;57;542694;232252;156586;388838;0,116609601;0,069712666;0,04700079;0,116713457
399;AGES;10/05/21;2021;19;All;25-49 anos;25358;100558;9;125925;413850;254703;66;668619;156729;257567;414296;0,124221048;0,047043713;0,077311206;0,12435492
400;AGES;17/05/21;2021;20;All;25-49 anos;32890;22133;7;55030;446740;276836;73;723649;166837;280489;447326;0,134093297;0,050077726;0,084191465;0,134269191
401;AGES;24/05/21;2021;21;All;25-49 anos;26581;18526;6;45113;473321;295362;79;768762;172978;301200;474178;0,14207184;0,051921006;0,09040807;0,142329076
402;AGES;31/05/21;2021;22;All;25-49 anos;42813;24016;22;66851;516134;319378;101;835613;189658;327731;517389;0,154922572;0,056927668;0,098371604;0,155299273
403;AGES;07/06/21;2021;23;All;25-49 anos;128602;32287;21;160910;644736;351665;122;996523;282721;365365;648086;0,193523697;0,084861421;0,10966781;0,194529231
404;AGES;14/06/21;2021;24;All;25-49 anos;240598;85715;42;326355;885334;437380;164;1322878;444758;461212;905970;0,265741495;0,133498381;0,138437207;0,271935588
405;AGES;21/06/21;2021;25;All;25-49 anos;273216;56480;160;329856;1158550;493860;324;1652734;673147;531557;1204704;0,347749899;0,202051531;0,159551934;0,361603465
406;AGES;28/06/21;2021;26;All;25-49 anos;315625;61889;122;377636;1474175;555749;446;2030370;925943;611205;1537148;0,442487771;0,277930676;0,183459045;0,461389721
407;AGES;05/07/21;2021;27;All;25-49 anos;368872;147744;20;516636;1843047;703493;466;2547006;1151490;782853;1934343;0,553208241;0,345630772;0,234980839;0,580611611
408;AGES;12/07/21;2021;28;All;25-49 anos;208470;316902;60;525432;2051517;1020395;526;3072438;1117173;1121291;2238464;0,615782512;0,335330195;0,336566252;0,671896447
409;AGES;19/07/21;2021;29;All;25-49 anos;103794;344010;53;447857;2155311;1364405;579;3520295;954776;1481398;2436174;0,646937277;0,286585177;0,444655824;0,731241001
410;AGES;26/07/21;2021;30;All;25-49 anos;61553;354091;29;415673;2216864;1718496;608;3935968;711347;1849658;2561005;0,665413;0,213517627;0,555192596;0,768710223
411;AGES;02/08/21;2021;31;All;25-49 anos;52701;383408;37;436146;2269565;2101904;645;4372114;417953;2247671;2665624;0,681231711;0,125452603;0,674660017;0,80011262
412;AGES;09/08/21;2021;32;All;25-49 anos;70544;237483;36;308063;2340109;2339387;681;4680177;291214;2504194;2795408;0,702406169;0,087410676;0,751657856;0,839068533
413;AGES;16/08/21;2021;33;All;25-49 anos;78020;145298;31;223349;2418129;2484685;712;4903526;251811;2665244;2917055;0,725824621;0,075583488;0,799998559;0,875582047
414;AGES;23/08/21;2021;34;All;25-49 anos;88251;79671;17;167939;2506380;2564356;729;5071465;264247;2761232;3025479;0,752314005;0,079316272;0,828810278;0,908126551
415;AGES;30/08/21;2021;35;All;25-49 anos;46381;80343;17;126741;2552761;2644699;746;5198206;224358;2854956;3079314;0,766235708;0,067343206;0,856942436;0,924285643
416;AGES;06/09/21;2021;36;All;25-49 anos;24900;63465;66;88431;2577661;2708164;812;5286637;181552;2924480;3106032;0,773709681;0,054494575;0,877810732;0,932305307
417;AGES;13/09/21;2021;37;All;25-49 anos;18633;66580;106;85319;2596294;2774744;918;5371956;131175;2995121;3126296;0,779302555;0,039373435;0,899014306;0,938387741
418;AGES;20/09/21;2021;38;All;25-49 anos;16453;31958;159;48570;2612747;2806702;1077;5420526;112514;3031235;3143749;0,784241081;0,033772157;0,90985427;0,943626426
419;AGES;04/01/21;2021;1;All;50-64 anos;13006;5;0;13011;22268;6;0;22274;22264;7;22271;0,010242018;0,010240178;3,2196E-06;0,010243397
420;AGES;11/01/21;2021;2;All;50-64 anos;11713;309;0;12022;33981;315;0;34296;33658;326;33984;0,015629334;0,015480772;0,000149942;0,015630713
421;AGES;18/01/21;2021;3;All;50-64 anos;27462;8600;2;36064;61443;8915;2;70360;52498;8948;61446;0,028260297;0,024146104;0,004115573;0,028261676
422;AGES;25/01/21;2021;4;All;50-64 anos;10797;12430;4;23231;72240;21345;6;93591;50852;21391;72243;0,033226305;0,023389037;0,009838647;0,033227684
423;AGES;01/02/21;2021;5;All;50-64 anos;5575;9231;0;14806;77815;30576;6;108397;47191;30629;77820;0,035790488;0,021705185;0,014087604;0,035792788
424;AGES;08/02/21;2021;6;All;50-64 anos;6915;22307;4;29226;84730;52883;10;137623;31742;52993;84735;0,038970996;0,01459952;0,024373776;0,038973296
425;AGES;15/02/21;2021;7;All;50-64 anos;25159;12979;1;38139;109889;65862;11;175762;43799;66095;109894;0,05054271;0,020145057;0,030399953;0,05054501
426;AGES;22/02/21;2021;8;All;50-64 anos;49867;4973;4;54844;159756;70835;15;230606;88514;71247;159761;0,073478703;0,040711422;0,032769581;0,073481003
427;AGES;01/03/21;2021;9;All;50-64 anos;30234;5999;3;36236;189990;76834;18;266842;112666;77335;190001;0,087384629;0,051819973;0,035569716;0,087389688
428;AGES;08/03/21;2021;10;All;50-64 anos;22404;4296;1;26701;212394;81130;19;293543;130705;81710;212415;0,097689199;0,06011689;0,037581968;0,097698858
429;AGES;15/03/21;2021;11;All;50-64 anos;4727;2341;1;7069;217121;83471;20;300612;133086;84075;217161;0,099863351;0,061212015;0,038669734;0,099881749
430;AGES;22/03/21;2021;12;All;50-64 anos;34682;1001;2;35685;251803;84472;22;336297;166637;85214;251851;0,115815105;0,076643573;0,039193609;0,115837182
431;AGES;29/03/21;2021;13;All;50-64 anos;7846;803;1;8650;259649;85275;23;344947;173674;86041;259715;0,11942382;0,079880194;0,039573982;0,119454176
432;AGES;05/04/21;2021;14;All;50-64 anos;15249;974;1;16224;274898;86249;24;361171;187903;87102;275005;0,126437495;0,086424727;0,040061982;0,126486709
433;AGES;12/04/21;2021;15;All;50-64 anos;88061;614;0;88675;362959;86863;24;449846;275263;87814;363077;0,166940563;0,126605375;0,040389462;0,166994836
434;AGES;19/04/21;2021;16;All;50-64 anos;14511;1845;4;16360;377470;88708;28;466206;287679;89911;377590;0,1736148;0,132316031;0,041353963;0,173669993
435;AGES;26/04/21;2021;17;All;50-64 anos;33022;2975;4;36001;410492;91683;32;502207;317847;93029;410876;0,188803048;0,1461916;0,042788066;0,188979666
436;AGES;03/05/21;2021;18;All;50-64 anos;151594;14875;9;166478;562086;106558;41;668685;459858;108274;568132;0,258527694;0,211508609;0,049799902;0,261308511
437;AGES;10/05/21;2021;19;All;50-64 anos;166768;109924;10;276702;728854;216482;51;945387;525789;218836;744625;0,335231519;0,241833132;0,100652154;0,342485285
438;AGES;17/05/21;2021;20;All;50-64 anos;224826;75909;12;300747;953680;292391;63;1246134;689479;298227;987706;0,438638733;0,317121252;0,137167513;0,454288764
439;AGES;24/05/21;2021;21;All;50-64 anos;175340;98599;80;274019;1129020;390990;143;1520153;800940;406249;1207189;0,519285193;0,368386993;0,186851509;0,555238501
440;AGES;31/05/21;2021;22;All;50-64 anos;163781;169053;13;332847;1292801;560043;156;1853000;837386;583563;1420949;0,594615168;0,385150086;0,268405896;0,653555983
441;AGES;07/06/21;2021;23;All;50-64 anos;209998;139430;42;349470;1502799;699473;198;2202470;920457;734080;1654537;0,691202342;0,423358037;0,337635183;0,76099322
442;AGES;14/06/21;2021;24;All;50-64 anos;86388;231417;63;317868;1589187;930890;261;2520338;785242;972177;1757419;0,730935925;0,361166803;0,447146305;0,808313107
443;AGES;21/06/21;2021;25;All;50-64 anos;86610;183967;210;270787;1675797;1114857;471;2791125;695892;1164112;1860004;0,770771615;0,320070868;0,535425523;0,855496392
444;AGES;28/06/21;2021;26;All;50-64 anos;59420;179103;72;238595;1735217;1293960;543;3029720;575663;1350758;1926421;0,798101446;0,264772344;0,621272102;0,886044446
445;AGES;05/07/21;2021;27;All;50-64 anos;41446;258349;46;299841;1776663;1552309;589;3329561;358305;1616580;1974885;0,817164256;0,164799987;0,743535152;0,908335139
446;AGES;12/07/21;2021;28;All;50-64 anos;15434;134682;32;150148;1792097;1686991;621;3479709;243970;1757495;2001465;0,824263021;0,112212369;0,808348063;0,920560432
447;AGES;19/07/21;2021;29;All;50-64 anos;10948;115103;25;126076;1803045;1802094;646;3605785;151599;1879313;2030912;0,829298481;0,069726945;0,864377437;0,934104382
448;AGES;26/07/21;2021;30;All;50-64 anos;9854;87451;21;97326;1812899;1889545;667;3703111;83951;1973538;2057489;0,833830762;0,038612701;0,907715595;0,946328296
449;AGES;02/08/21;2021;31;All;50-64 anos;8618;54002;13;62633;1821517;1943547;680;3765744;47024;2033688;2080712;0,837794553;0,021628374;0,935381185;0,957009559
450;AGES;09/08/21;2021;32;All;50-64 anos;7363;24370;5;31738;1828880;1967917;685;3797482;35907;2063301;2099208;0,841181116;0,016515184;0,949001486;0,96551667
451;AGES;16/08/21;2021;33;All;50-64 anos;7531;13026;12;20569;1836411;1980943;697;3818051;33716;2080560;2114276;0,844644949;0,015507449;0,956939648;0,972447096
452;AGES;23/08/21;2021;34;All;50-64 anos;11299;8225;2;19526;1847710;1989168;699;3837577;36970;2093572;2130542;0,849841848;0,017004104;0,96292443;0,979928534
453;AGES;30/08/21;2021;35;All;50-64 anos;12877;6081;11;18969;1860587;1995249;710;3856546;41424;2105086;2146510;0,855764538;0,019052692;0,968220217;0,987272909
454;AGES;06/09/21;2021;36;All;50-64 anos;5548;3975;46;9569;1866135;1999224;756;3866115;41312;2111376;2152688;0,858316304;0,019001178;0,971113261;0,990114438
455;AGES;13/09/21;2021;37;All;50-64 anos;3630;7320;121;11071;1869765;2006544;877;3877186;36897;2119886;2156783;0,859985898;0,016970528;0,975027378;0,991997906
456;AGES;20/09/21;2021;38;All;50-64 anos;3214;6560;235;10009;1872979;2013104;1112;3887195;32814;2127520;2160334;0,861464156;0,01509258;0,978538585;0,993631165
457;AGES;04/01/21;2021;1;All;65-79 anos;2311;3;0;2314;3278;5;0;3283;3274;5;3279;0,002013442;0,002010985;3,07114E-06;0,002014056
458;AGES;11/01/21;2021;2;All;65-79 anos;5553;30;0;5583;8831;35;0;8866;8788;44;8832;0,005424254;0,005397842;2,70261E-05;0,005424868
459;AGES;18/01/21;2021;3;All;65-79 anos;14142;918;0;15060;22973;953;0;23926;21991;983;22974;0,014110677;0,013507504;0,000603787;0,014111291
460;AGES;25/01/21;2021;4;All;65-79 anos;6580;2158;0;8738;29553;3111;0;32664;26397;3157;29554;0,018152302;0,016213796;0,00193912;0,018152916
461;AGES;01/02/21;2021;5;All;65-79 anos;2815;4181;0;6996;32368;7292;0;39660;25030;7339;32369;0,019881356;0,015374145;0,004507825;0,01988197
462;AGES;08/02/21;2021;6;All;65-79 anos;3802;11553;1;15356;36170;18845;1;55016;17256;18915;36171;0,022216653;0,010599131;0,011618136;0,022217267
463;AGES;15/02/21;2021;7;All;65-79 anos;5145;7266;0;12411;41315;26111;1;67427;15103;26213;41316;0,02537686;0,009276697;0,016100778;0,025377474
464;AGES;22/02/21;2021;8;All;65-79 anos;11686;2489;4;14179;53001;28600;5;81606;24241;28761;53002;0,032554737;0,014889519;0,017665833;0,032555351
465;AGES;01/03/21;2021;9;All;65-79 anos;13316;3823;1;17140;66317;32423;6;98746;33723;32605;66328;0,040733807;0,020713636;0,020026928;0,040740563
466;AGES;08/03/21;2021;10;All;65-79 anos;15949;3592;0;19541;82266;36015;6;118287;46068;36223;82291;0,050530141;0,028296289;0,022249207;0,050545497
467;AGES;15/03/21;2021;11;All;65-79 anos;18179;6859;4;25042;100445;42874;10;143329;57384;43094;100478;0,061696205;0,035246902;0,026469573;0,061716474
468;AGES;22/03/21;2021;12;All;65-79 anos;52859;2227;3;55089;153304;45101;13;198418;107960;45386;153346;0,094163721;0,066312134;0,027877385;0,094189519
469;AGES;29/03/21;2021;13;All;65-79 anos;88323;7418;1;95742;241627;52519;14;294160;188835;52850;241685;0,148414246;0,115987882;0,032461988;0,148449871
470;AGES;05/04/21;2021;14;All;65-79 anos;201432;5360;8;206800;443059;57879;22;500960;384806;58328;443134;0,272139568;0,236358901;0,035826733;0,272185635
471;AGES;12/04/21;2021;15;All;65-79 anos;233780;3631;8;237419;676839;61510;30;738379;614825;62093;676918;0,41573396;0,37764318;0,038139305;0,415782484
472;AGES;19/04/21;2021;16;All;65-79 anos;175865;13290;12;189167;852704;74800;42;927546;777217;75569;852786;0,523755296;0,477389012;0,046416651;0,523805663
473;AGES;26/04/21;2021;17;All;65-79 anos;293305;46435;10;339750;1146009;121235;52;1267296;1024842;122252;1147094;0,703911654;0,629487402;0,075090691;0,704578092
474;AGES;03/05/21;2021;18;All;65-79 anos;202493;164440;11;366944;1348502;285675;63;1634240;1069146;286981;1356127;0,828288673;0,656700191;0,176271976;0,832972167
475;AGES;10/05/21;2021;19;All;65-79 anos;91549;80320;10;171879;1440051;365995;73;1806119;1087747;367763;1455510;0,884520699;0,66812546;0,225890601;0,894016061
476;AGES;17/05/21;2021;20;All;65-79 anos;41329;111830;11;153170;1481380;477825;84;1959289;1016973;485062;1502035;0,909906158;0,624654036;0,297939017;0,922593053
477;AGES;24/05/21;2021;21;All;65-79 anos;23627;202794;27;226448;1505007;680619;111;2185737;833582;696719;1530301;0,92441854;0,512010014;0,427944828;0,939954842
478;AGES;31/05/21;2021;22;All;65-79 anos;18697;137652;16;156365;1523704;818271;127;2342102;717225;837486;1554711;0,935902775;0,440540202;0,514407963;0,954948165
479;AGES;07/06/21;2021;23;All;65-79 anos;16101;71761;8;87870;1539805;890032;135;2429972;660811;912121;1572932;0,945792472;0,405889102;0,560250925;0,966140027
480;AGES;14/06/21;2021;24;All;65-79 anos;10903;62725;13;73641;1550708;952757;148;2503613;608250;976943;1585193;0,952489408;0,373604626;0,60006646;0,973671085
481;AGES;21/06/21;2021;25;All;65-79 anos;10313;97309;22;107644;1561021;1050066;170;2611257;520573;1076853;1597426;0,958823949;0,319750893;0,661434052;0,981184945
482;AGES;28/06/21;2021;26;All;65-79 anos;9074;182496;43;191613;1570095;1232562;213;2802870;345699;1262191;1607890;0,96439746;0,212338258;0,775273977;0,987612235
483;AGES;05/07/21;2021;27;All;65-79 anos;8170;204164;24;212358;1578265;1436726;237;3015228;147831;1469326;1617157;0,969415709;0,090802048;0,902502245;0,993304293
484;AGES;12/07/21;2021;28;All;65-79 anos;5491;57839;12;63342;1583756;1494565;249;3078570;94481;1530441;1624922;0,972788439;0,058032945;0,940040834;0,998073779
485;AGES;19/07/21;2021;29;All;65-79 anos;7151;42651;8;49810;1590907;1537216;257;3128380;56651;1578155;1634806;0,977180788;0,034796672;0,969348144;1
486;AGES;26/07/21;2021;30;All;65-79 anos;8630;32436;7;41073;1599537;1569652;264;3169453;28990;1616660;1645650;0,982481582;0,017806491;0,992999021;1
487;AGES;02/08/21;2021;31;All;65-79 anos;7621;11730;5;19356;1607158;1581382;269;3188809;21109;1633973;1655082;0,98716262;0,012965754;1;1
488;AGES;09/08/21;2021;32;All;65-79 anos;4597;6286;4;10887;1611755;1587668;273;3199696;17805;1643337;1661142;0,989986229;0,010936343;1;1
489;AGES;16/08/21;2021;33;All;65-79 anos;3691;2982;8;6681;1615446;1590650;281;3206377;17472;1648518;1665990;0,992253347;0,010731804;1;1
490;AGES;23/08/21;2021;34;All;65-79 anos;4308;2512;3;6823;1619754;1593162;284;3213200;18478;1653158;1671636;0,994899445;0,011349718;1;1
491;AGES;30/08/21;2021;35;All;65-79 anos;4897;2246;5;7148;1624651;1595408;289;3220348;19999;1657703;1677702;0,997907323;0,01228396;1;1
492;AGES;06/09/21;2021;36;All;65-79 anos;2247;1376;27;3650;1626898;1596784;316;3223998;20131;1660030;1680161;0,999287495;0,012365039;1;1
493;AGES;13/09/21;2021;37;All;65-79 anos;1634;3287;87;5008;1628532;1600071;403;3229006;18105;1663833;1681938;1,000291144;0,011120611;1;1
494;AGES;20/09/21;2021;38;All;65-79 anos;1394;3360;174;4928;1629926;1603431;577;3233934;15786;1667623;1683409;1,001147379;0,009696215;1;1
495;AGES;04/01/21;2021;1;All;80 ou mais anos;3777;8;1;3786;4044;8;2;4054;4035;9;4044;0,005933186;0,005919981;1,32044E-05;0,005933186
496;AGES;11/01/21;2021;2;All;80 ou mais anos;14500;1;1;14502;18544;9;3;18556;18509;35;18544;0,027206972;0,027155621;5,13505E-05;0,027206972
497;AGES;18/01/21;2021;3;All;80 ou mais anos;39047;256;1;39304;57591;265;4;57860;57190;401;57591;0,084495078;0,083906747;0,00058833;0,084495078
498;AGES;25/01/21;2021;4;All;80 ou mais anos;7367;3394;2;10763;64958;3659;6;68623;61131;3827;64958;0,095303628;0,089688816;0,005614812;0,095303628
499;AGES;01/02/21;2021;5;All;80 ou mais anos;4537;10652;0;15189;69495;14311;6;83812;55008;14487;69495;0,101960123;0,080705409;0,021254713;0,101960123
500;AGES;08/02/21;2021;6;All;80 ou mais anos;14838;31561;2;46401;84333;45872;8;130213;38184;46149;84333;0,123729808;0,056021949;0,06770786;0,123729808
501;AGES;15/02/21;2021;7;All;80 ou mais anos;48620;9261;2;57883;132953;55133;10;188096;77465;55488;132953;0,195063014;0,113653369;0,081409645;0,195063014
502;AGES;22/02/21;2021;8;All;80 ou mais anos;102553;5208;1;107762;235506;60341;11;295858;174671;60835;235506;0,345524436;0,256269898;0,089254537;0,345524436
503;AGES;01/03/21;2021;9;All;80 ou mais anos;87211;12776;1;99988;322717;73117;12;395846;249045;73673;322718;0,473476724;0,365388283;0,108089907;0,473478191
504;AGES;08/03/21;2021;10;All;80 ou mais anos;40157;37290;0;77447;362874;110407;12;473293;251889;110986;362875;0,532393374;0,36956088;0,162833962;0,532394841
505;AGES;15/03/21;2021;11;All;80 ou mais anos;54366;97448;5;151819;417240;207855;17;625112;208758;208483;417241;0,612156868;0,306280902;0,305877434;0,612158336
506;AGES;22/03/21;2021;12;All;80 ou mais anos;124553;16921;2;141476;541793;224776;19;766588;316272;225522;541794;0,794895758;0,464020892;0,330876333;0,794897226
507;AGES;29/03/21;2021;13;All;80 ou mais anos;36745;75501;4;112250;578538;300277;23;878838;277462;301079;578541;0,848806467;0,407080503;0,441730366;0,848810869
508;AGES;05/04/21;2021;14;All;80 ou mais anos;30376;45891;12;76279;608914;346168;35;955117;261882;347036;608918;0,893372849;0,384222186;0,509156531;0,893378717
509;AGES;12/04/21;2021;15;All;80 ou mais anos;10511;49508;15;60034;619425;395676;50;1015151;222815;396614;619429;0,908794143;0,326904737;0,581895274;0,908800012
510;AGES;19/04/21;2021;16;All;80 ou mais anos;8418;123333;13;131764;627843;519009;63;1146915;107802;520045;627847;0,921144676;0,158162532;0,762988013;0,921150545
511;AGES;26/04/21;2021;17;All;80 ou mais anos;6136;39848;4;45988;633979;558857;67;1192903;74049;559945;633994;0,930147156;0,108641559;0,821527605;0,930169163
512;AGES;03/05/21;2021;18;All;80 ou mais anos;5106;31844;6;36956;639085;590701;73;1229859;47365;591883;639248;0,937638463;0,069491923;0,868385686;0,93787761
513;AGES;10/05/21;2021;19;All;80 ou mais anos;3783;9990;2;13775;642868;600691;75;1243634;41231;602001;643232;0,94318872;0,060492378;0,883230388;0,943722766
514;AGES;17/05/21;2021;20;All;80 ou mais anos;4751;8383;3;13137;647619;609074;78;1256771;36547;611872;648419;0,950159187;0,053620212;0,897712701;0,951332913
515;AGES;24/05/21;2021;21;All;80 ou mais anos;4456;6372;0;10828;652075;615446;78;1267599;32800;620551;653351;0,956696841;0,048122772;0,910446163;0,958568934
516;AGES;31/05/21;2021;22;All;80 ou mais anos;3053;6146;2;9201;655128;621592;80;1276800;29311;627693;657004;0,961176074;0,043003859;0,920924603;0,963928461
517;AGES;07/06/21;2021;23;All;80 ou mais anos;2756;4823;1;7580;657884;626415;81;1284380;26757;633381;660138;0,96521956;0,039256738;0,929269796;0,968526534
518;AGES;14/06/21;2021;24;All;80 ou mais anos;2630;4787;0;7417;660514;631202;81;1291797;23926;639114;663040;0,969078185;0,035103215;0,937681011;0,972784225
519;AGES;21/06/21;2021;25;All;80 ou mais anos;3400;4826;3;8229;663914;636028;84;1300026;21192;645711;666903;0,974066521;0,031092005;0,94735985;0,978451855
520;AGES;28/06/21;2021;26;All;80 ou mais anos;3274;5426;1;8701;667188;641454;85;1308727;17669;652930;670599;0,978869995;0,025923209;0,957951261;0,98387447
521;AGES;05/07/21;2021;27;All;80 ou mais anos;2679;5252;2;7933;669867;646706;87;1316660;13927;659683;673610;0,982800511;0,020433105;0,967858977;0,988292082
522;AGES;12/07/21;2021;28;All;80 ou mais anos;2113;3545;2;5660;671980;650251;89;1322320;11559;664662;676221;0,985900615;0,016958876;0,975163955;0,99212283
523;AGES;19/07/21;2021;29;All;80 ou mais anos;2208;3088;1;5297;674188;653339;90;1327617;9696;669333;679029;0,989140099;0,014225561;0,982017048;0,996242609
524;AGES;26/07/21;2021;30;All;80 ou mais anos;2596;2892;1;5489;676784;656231;91;1333106;8039;674092;682131;0,99294884;0,011794481;0,988999252;1
525;AGES;02/08/21;2021;31;All;80 ou mais anos;2489;2100;1;4590;679273;658331;92;1337696;7060;678019;685079;0,996600596;0,010358133;0,99476078;1
526;AGES;09/08/21;2021;32;All;80 ou mais anos;1576;1723;1;3300;680849;660054;93;1340996;6259;680825;687084;0,998912836;0,00918294;0,998877624;1
527;AGES;16/08/21;2021;33;All;80 ou mais anos;1347;1128;1;2476;682196;661182;94;1343472;5903;682839;688742;1,000889098;0,008660632;1;1
528;AGES;23/08/21;2021;34;All;80 ou mais anos;1536;973;0;2509;683732;662155;94;1345981;6023;684632;690655;1,003142652;0,008836691;1;1
529;AGES;30/08/21;2021;35;All;80 ou mais anos;1667;820;0;2487;685399;662975;94;1348468;6421;686220;692641;1,005588404;0,009420619;1;1
530;AGES;06/09/21;2021;36;All;80 ou mais anos;766;572;2;1340;686165;663547;96;1349808;6353;687125;693478;1,006712246;0,009320853;1;1
531;AGES;13/09/21;2021;37;All;80 ou mais anos;549;962;11;1522;686714;664509;107;1351330;5813;688256;694069;1,007517716;0,008528588;1;1
532;AGES;20/09/21;2021;38;All;80 ou mais anos;581;1038;29;1648;687295;665547;136;1352978;5175;689495;694670;1,008370135;0,007592541;1;1
533;AGES;04/01/21;2021;1;All;Desconhecido;1;0;0;1;1;0;0;1;1;0;1;NA;NA;NA;NA
534;AGES;11/01/21;2021;2;All;Desconhecido;0;0;0;0;1;0;0;1;1;0;1;NA;NA;NA;NA
535;AGES;18/01/21;2021;3;All;Desconhecido;0;0;0;0;1;0;0;1;1;0;1;NA;NA;NA;NA
536;AGES;25/01/21;2021;4;All;Desconhecido;0;0;0;0;1;0;0;1;1;0;1;NA;NA;NA;NA
537;AGES;01/02/21;2021;5;All;Desconhecido;0;0;0;0;1;0;0;1;1;0;1;NA;NA;NA;NA
538;AGES;08/02/21;2021;6;All;Desconhecido;1;0;0;1;2;0;0;2;2;0;2;NA;NA;NA;NA
539;AGES;15/02/21;2021;7;All;Desconhecido;0;0;0;0;2;0;0;2;2;0;2;NA;NA;NA;NA
540;AGES;22/02/21;2021;8;All;Desconhecido;0;0;0;0;2;0;0;2;2;0;2;NA;NA;NA;NA
541;AGES;01/03/21;2021;9;All;Desconhecido;0;0;0;0;2;0;0;2;2;0;2;NA;NA;NA;NA
542;AGES;08/03/21;2021;10;All;Desconhecido;0;0;0;0;2;0;0;2;2;0;2;NA;NA;NA;NA
543;AGES;15/03/21;2021;11;All;Desconhecido;0;0;0;0;2;0;0;2;2;0;2;NA;NA;NA;NA
544;AGES;22/03/21;2021;12;All;Desconhecido;0;0;0;0;2;0;0;2;2;0;2;NA;NA;NA;NA
545;AGES;29/03/21;2021;13;All;Desconhecido;0;0;0;0;2;0;0;2;2;0;2;NA;NA;NA;NA
546;AGES;05/04/21;2021;14;All;Desconhecido;0;0;0;0;2;0;0;2;2;0;2;NA;NA;NA;NA
547;AGES;12/04/21;2021;15;All;Desconhecido;0;0;0;0;2;0;0;2;2;0;2;NA;NA;NA;NA
548;AGES;19/04/21;2021;16;All;Desconhecido;0;0;0;0;2;0;0;2;2;0;2;NA;NA;NA;NA
549;AGES;26/04/21;2021;17;All;Desconhecido;1;0;0;1;3;0;0;3;3;0;3;NA;NA;NA;NA
550;AGES;03/05/21;2021;18;All;Desconhecido;1;0;0;1;4;0;0;4;4;0;4;NA;NA;NA;NA
551;AGES;10/05/21;2021;19;All;Desconhecido;0;1;0;1;4;1;0;5;3;1;4;NA;NA;NA;NA
552;AGES;17/05/21;2021;20;All;Desconhecido;0;0;0;0;4;1;0;5;3;1;4;NA;NA;NA;NA
553;AGES;24/05/21;2021;21;All;Desconhecido;0;1;0;1;4;2;0;6;2;2;4;NA;NA;NA;NA
554;AGES;31/05/21;2021;22;All;Desconhecido;0;0;0;0;4;2;0;6;2;2;4;NA;NA;NA;NA
555;AGES;07/06/21;2021;23;All;Desconhecido;0;0;0;0;4;2;0;6;2;2;4;NA;NA;NA;NA
556;AGES;14/06/21;2021;24;All;Desconhecido;0;0;0;0;4;2;0;6;2;2;4;NA;NA;NA;NA
557;AGES;21/06/21;2021;25;All;Desconhecido;0;0;0;0;4;2;0;6;2;2;4;NA;NA;NA;NA
558;AGES;28/06/21;2021;26;All;Desconhecido;1;0;0;1;5;2;0;7;3;2;5;NA;NA;NA;NA
559;AGES;05/07/21;2021;27;All;Desconhecido;0;1;0;1;5;3;0;8;2;3;5;NA;NA;NA;NA
560;AGES;12/07/21;2021;28;All;Desconhecido;0;2;0;2;5;5;0;10;0;5;5;NA;NA;NA;NA
561;AGES;19/07/21;2021;29;All;Desconhecido;0;0;0;0;5;5;0;10;0;5;5;NA;NA;NA;NA
562;AGES;26/07/21;2021;30;All;Desconhecido;0;2;0;2;5;7;0;12;-1;7;6;NA;NA;NA;NA
563;AGES;02/08/21;2021;31;All;Desconhecido;0;0;0;0;5;7;0;12;-1;7;6;NA;NA;NA;NA
564;AGES;09/08/21;2021;32;All;Desconhecido;0;1;0;1;5;8;0;13;-1;8;7;NA;NA;NA;NA
565;AGES;16/08/21;2021;33;All;Desconhecido;1;0;0;1;6;8;0;14;0;8;8;NA;NA;NA;NA
566;AGES;23/08/21;2021;34;All;Desconhecido;0;0;0;0;6;8;0;14;0;8;8;NA;NA;NA;NA
567;AGES;30/08/21;2021;35;All;Desconhecido;0;1;0;1;6;9;0;15;-1;9;8;NA;NA;NA;NA
568;AGES;06/09/21;2021;36;All;Desconhecido;2;1;0;3;8;10;0;18;0;10;10;NA;NA;NA;NA
569;AGES;13/09/21;2021;37;All;Desconhecido;1;0;0;1;9;10;0;19;1;10;11;NA;NA;NA;NA
570;AGES;20/09/21;2021;38;All;Desconhecido;0;0;0;0;9;10;0;19;1;10;11;NA;NA;NA;NA
571;GENERAL;04/01/21;2021;1;All;All;48915;89;1;49005;84834;103;4;84941;84736;109;84845;0,008198191;0,008188721;1,05335E-05;0,008199254
572;GENERAL;11/01/21;2021;2;All;All;50040;1204;1;51245;134874;1307;5;136186;133516;1369;134885;0,013033959;0,012902725;0,000132297;0,013035022
573;GENERAL;18/01/21;2021;3;All;All;122401;32807;9;155217;257275;34114;14;291403;222914;34373;257287;0,024862552;0,021541972;0,003321739;0,024863711
574;GENERAL;25/01/21;2021;4;All;All;41975;45917;17;87909;299250;80031;31;379312;218890;80374;299264;0,028918933;0,021153101;0,007767186;0,028920286
575;GENERAL;01/02/21;2021;5;All;All;24086;37600;2;61688;323336;117631;33;441000;205358;118001;323359;0,031246557;0,019845395;0,011403385;0,03124878
576;GENERAL;08/02/21;2021;6;All;All;41005;99507;12;140524;364341;217138;45;581524;146552;217813;364365;0,0352092;0,014162498;0,021049021;0,035211519
577;GENERAL;15/02/21;2021;7;All;All;103741;50359;10;154110;468082;267497;55;735634;199314;268792;468106;0,045234527;0,019261314;0,025975532;0,045236846
578;GENERAL;22/02/21;2021;8;All;All;177178;20771;11;197960;645260;288268;66;933594;355075;290209;645284;0,062356662;0,034313752;0,028045229;0,062358981
579;GENERAL;01/03/21;2021;9;All;All;139429;33727;12;173168;784689;321995;78;1106762;460427;324316;784743;0,075830807;0,044494763;0,031341263;0,075836025
580;GENERAL;08/03/21;2021;10;All;All;96434;52172;4;148610;881123;374167;82;1255372;504430;376792;881222;0,08515;0,048747126;0,03641244;0,085159567
581;GENERAL;15/03/21;2021;11;All;All;82299;110424;17;192740;963422;484591;99;1448112;476214;487345;963559;0,093103214;0,046020388;0,047096066;0,093116453
582;GENERAL;22/03/21;2021;12;All;All;257834;22083;7;279924;1221256;506674;106;1728036;711472;509948;1221420;0,118019786;0,06875526;0,049280375;0,118035635
583;GENERAL;29/03/21;2021;13;All;All;138383;85063;8;223454;1359639;591737;114;1951490;764643;595224;1359867;0,131392848;0,073893601;0,057521281;0,131414881
584;GENERAL;05/04/21;2021;14;All;All;257056;53783;22;310861;1616695;645520;136;2262351;967666;649393;1617059;0,156234236;0,093513346;0,062756067;0,156269412
585;GENERAL;12/04/21;2021;15;All;All;426093;54772;23;480888;2042788;700292;159;2743239;1338551;704637;2043188;0,197411028;0,129354945;0,068094739;0,197449683
586;GENERAL;19/04/21;2021;16;All;All;211382;139526;30;350938;2254170;839818;189;3094177;1409454;845126;2254580;0,21783857;0,136206872;0,08167132;0,217878192
587;GENERAL;26/04/21;2021;17;All;All;346412;90509;21;436942;2600582;930327;210;3531119;1666106;936270;2602376;0,251315147;0,161009218;0,090479298;0,251488516
588;GENERAL;03/05/21;2021;18;All;All;371715;220204;30;591949;2972297;1150531;240;4123068;1829112;1157480;2986592;0,287236956;0,176761798;0,111856598;0,288618397
589;GENERAL;10/05/21;2021;19;All;All;289885;306255;31;596171;3262182;1456786;271;4719239;1828930;1465422;3294352;0,315250874;0,17674421;0,14161551;0,31835972
590;GENERAL;17/05/21;2021;20;All;All;306218;220754;33;527005;3568400;1677540;304;5246244;1927129;1697473;3624602;0,344843182;0,186233969;0,164040464;0,350274433
591;GENERAL;24/05/21;2021;21;All;All;232587;329627;113;562327;3800987;2007167;417;5808571;1856636;2050104;3906740;0,367319933;0,179421664;0,198118032;0,377539696
592;GENERAL;31/05/21;2021;22;All;All;230987;339671;55;570713;4031974;2346838;472;6379284;1789493;2404933;4194426;0,389642064;0,172933096;0,232408011;0,405341107
593;GENERAL;07/06/21;2021;23;All;All;360711;251396;73;612180;4392685;2598234;545;6991464;1906619;2676733;4583352;0,424500468;0,184251923;0,25867423;0,442926153
594;GENERAL;14/06/21;2021;24;All;All;344220;389554;120;733894;4736905;2987788;665;7725358;1876849;3086415;4963264;0,457765214;0,181375009;0,298265096;0,479640104
595;GENERAL;21/06/21;2021;25;All;All;376822;345901;404;723127;5113727;3333689;1069;8448485;1925598;3458879;5384477;0,494180554;0,186086016;0,334259287;0,520345303
596;GENERAL;28/06/21;2021;26;All;All;389707;432279;245;822231;5503434;3765968;1314;9270716;1878970;3921338;5800308;0,531841074;0,181579978;0,378950418;0,560530396
597;GENERAL;05/07/21;2021;27;All;All;433470;621258;106;1054834;5936904;4387226;1420;10325550;1692777;4579397;6272174;0,573730766;0,163586651;0,44254395;0,606130601
598;GENERAL;12/07/21;2021;28;All;All;245909;521133;114;767156;6182813;4908359;1534;11092706;1499534;5134271;6633805;0,597494929;0,144912027;0,496165886;0,641077912
599;GENERAL;19/07/21;2021;29;All;All;143853;524780;88;668721;6326666;5433139;1622;11761427;1220143;5690604;6910747;0,611396601;0,117912228;0,549928816;0,667841044
600;GENERAL;26/07/21;2021;30;All;All;105246;499840;69;605155;6431912;5932979;1691;12366582;896519;6221642;7118161;0,621567369;0,086637839;0,601247288;0,687885127
601;GENERAL;02/08/21;2021;31;All;All;129923;507885;61;637869;6561835;6440864;1752;13004451;601407;6763530;7364937;0,634122873;0,058118794;0,653614282;0,711733076
602;GENERAL;09/08/21;2021;32;All;All;314331;352830;55;667216;6876166;6793694;1807;13671667;654380;7167385;7821765;0,664499204;0,063238001;0,692642038;0,755880038
603;GENERAL;16/08/21;2021;33;All;All;362723;238366;66;601155;7238889;7032060;1873;14272822;840301;7452981;8293282;0,699552044;0,081205042;0,720241475;0,801446517
604;GENERAL;23/08/21;2021;34;All;All;294130;139052;31;433213;7533019;7171112;1904;14706035;997057;7631535;8628592;0,727976191;0,096353634;0,737496584;0,833850218
605;GENERAL;30/08/21;2021;35;All;All;130516;299984;51;430551;7663535;7471096;1955;15136586;812285;7962479;8774764;0,740589001;0,07849763;0,769478363;0,847975994
606;GENERAL;06/09/21;2021;36;All;All;66859;310337;171;377367;7730394;7781433;2126;15513953;558875;8286377;8845252;0,747050124;0,054008585;0,800779231;0,854787816
607;GENERAL;13/09/21;2021;37;All;All;46328;257490;362;304180;7776722;8038923;2488;15818133;341964;8552478;8894442;0,751527171;0,033046731;0,82649471;0,859541441
608;GENERAL;20/09/21;2021;38;All;All;34353;103072;625;138050;7811075;8141995;3113;15956183;266788;8663808;8930596;0,754846978;0,025781869;0,837253423;0,863035293