;TYPE;DATE;YEAR;WEEK;REGION;AGEGROUP;TOTAL_VAC_1;TOTAL_VAC_2;TOTAL_VAC_UNK;TOTAL;CUMUL_VAC_1;CUMUL_VAC_2;CUMUL_VAC_UNK;CUMUL;CUMUL_VAC_INIT;CUMUL_VAC_COMPLETE;CUMUL_VAC_LEAST;COVER_1_VAC;COVER;COVER_INIT;COVER_COMPLETE;COVER_LEAST
1;REGIONAL;04/01/21;2021;1;Outro;All;23;0;0;23;24;0;0;24;24;0;24;NA;NA;NA;NA;NA
2;REGIONAL;11/01/21;2021;2;Outro;All;6;0;0;6;30;0;0;30;30;0;30;NA;NA;NA;NA;NA
3;REGIONAL;18/01/21;2021;3;Outro;All;23;1;0;24;53;1;0;54;52;1;53;NA;NA;NA;NA;NA
4;REGIONAL;25/01/21;2021;4;Outro;All;6;20;0;26;59;21;0;80;38;21;59;NA;NA;NA;NA;NA
5;REGIONAL;01/02/21;2021;5;Outro;All;8;5;0;13;67;26;0;93;41;26;67;NA;NA;NA;NA;NA
6;REGIONAL;08/02/21;2021;6;Outro;All;83;22;0;105;150;48;0;198;102;48;150;NA;NA;NA;NA;NA
7;REGIONAL;15/02/21;2021;7;Outro;All;63;7;0;70;213;55;0;268;158;55;213;NA;NA;NA;NA;NA
8;REGIONAL;22/02/21;2021;8;Outro;All;98;7;0;105;311;62;0;373;249;62;311;NA;NA;NA;NA;NA
9;REGIONAL;01/03/21;2021;9;Outro;All;72;83;0;155;383;145;0;528;238;145;383;NA;NA;NA;NA;NA
10;REGIONAL;08/03/21;2021;10;Outro;All;50;60;0;110;433;205;0;638;228;205;433;NA;NA;NA;NA;NA
11;REGIONAL;15/03/21;2021;11;Outro;All;60;96;0;156;493;301;0;794;192;301;493;NA;NA;NA;NA;NA
12;REGIONAL;22/03/21;2021;12;Outro;All;58;21;0;79;551;322;0;873;229;322;551;NA;NA;NA;NA;NA
13;REGIONAL;29/03/21;2021;13;Outro;All;43;51;0;94;594;373;0;967;222;373;595;NA;NA;NA;NA;NA
14;REGIONAL;05/04/21;2021;14;Outro;All;99;49;0;148;693;422;0;1115;272;422;694;NA;NA;NA;NA;NA
15;REGIONAL;12/04/21;2021;15;Outro;All;184;51;1;236;877;473;1;1351;405;473;878;NA;NA;NA;NA;NA
16;REGIONAL;19/04/21;2021;16;Outro;All;114;51;0;165;991;524;1;1516;468;524;992;NA;NA;NA;NA;NA
17;REGIONAL;26/04/21;2021;17;Outro;All;73;43;0;116;1064;567;1;1632;498;567;1065;NA;NA;NA;NA;NA
18;REGIONAL;03/05/21;2021;18;Outro;All;31;87;0;118;1095;654;1;1750;442;654;1096;NA;NA;NA;NA;NA
19;REGIONAL;10/05/21;2021;19;Outro;All;55;135;1;191;1150;789;2;1941;364;789;1153;NA;NA;NA;NA;NA
20;REGIONAL;17/05/21;2021;20;Outro;All;20;82;0;102;1170;871;2;2043;302;871;1173;NA;NA;NA;NA;NA
21;REGIONAL;24/05/21;2021;21;Outro;All;27;70;0;97;1197;941;2;2140;259;941;1200;NA;NA;NA;NA;NA
22;REGIONAL;31/05/21;2021;22;Outro;All;35;43;0;78;1232;984;2;2218;252;984;1236;NA;NA;NA;NA;NA
23;REGIONAL;07/06/21;2021;23;Outro;All;36;67;0;103;1268;1051;2;2321;231;1051;1282;NA;NA;NA;NA;NA
24;REGIONAL;14/06/21;2021;24;Outro;All;28;49;0;77;1296;1100;2;2398;228;1100;1328;NA;NA;NA;NA;NA
25;REGIONAL;21/06/21;2021;25;Outro;All;61;42;2;105;1357;1142;4;2503;252;1142;1394;NA;NA;NA;NA;NA
26;REGIONAL;28/06/21;2021;26;Outro;All;34;56;0;90;1391;1198;4;2593;239;1198;1437;NA;NA;NA;NA;NA
27;REGIONAL;05/07/21;2021;27;Outro;All;51;108;0;159;1442;1306;4;2752;196;1306;1502;NA;NA;NA;NA;NA
28;REGIONAL;12/07/21;2021;28;Outro;All;30;59;1;90;1472;1365;5;2842;179;1365;1544;NA;NA;NA;NA;NA
29;REGIONAL;19/07/21;2021;29;Outro;All;34;84;0;118;1506;1449;5;2960;160;1449;1609;NA;NA;NA;NA;NA
30;REGIONAL;04/01/21;2021;1;ARS Alentejo;All;3467;1;0;3468;4691;1;0;4692;4690;1;4691;0,010141212;2,16E-06;0,01013905;2,16E-06;0,010141212
31;REGIONAL;11/01/21;2021;2;ARS Alentejo;All;5354;10;0;5364;10045;11;0;10056;10034;11;10045;0,021715726;2,38E-05;0,021691946;2,38E-05;0,021715726
32;REGIONAL;18/01/21;2021;3;ARS Alentejo;All;10444;1134;0;11578;20489;1145;0;21634;19344;1145;20489;0,044294028;0,002475312;0,041818716;0,002475312;0,044294028
33;REGIONAL;25/01/21;2021;4;ARS Alentejo;All;2291;3122;0;5413;22780;4267;0;27047;18513;4267;22780;0,049246813;0,00922459;0,040022224;0,00922459;0,049246813
34;REGIONAL;01/02/21;2021;5;ARS Alentejo;All;1446;4345;0;5791;24226;8612;0;32838;15614;8612;24226;0,05237284;0,018617803;0,033755037;0,018617803;0,05237284
35;REGIONAL;08/02/21;2021;6;ARS Alentejo;All;3332;8791;0;12123;27558;17403;0;44961;10155;17403;27558;0,059576106;0,037622577;0,021953529;0,037622577;0,059576106
36;REGIONAL;15/02/21;2021;7;ARS Alentejo;All;4057;2812;0;6869;31615;20215;0;51830;11400;20215;31615;0,068346708;0,043701683;0,024645025;0,043701683;0,068346708
37;REGIONAL;22/02/21;2021;8;ARS Alentejo;All;12038;1649;0;13687;43653;21864;0;65517;21789;21864;43653;0,09437099;0,047266564;0,047104426;0,047266564;0,09437099
38;REGIONAL;01/03/21;2021;9;ARS Alentejo;All;10449;2829;1;13279;54102;24693;1;78796;29409;24693;54102;0,116960101;0,053382422;0,063577679;0,053382422;0,116960101
39;REGIONAL;08/03/21;2021;10;ARS Alentejo;All;5828;1671;0;7499;59930;26364;1;86295;33566;26364;59930;0,12955933;0,056994863;0,072564466;0,056994863;0,12955933
40;REGIONAL;15/03/21;2021;11;ARS Alentejo;All;3698;7728;0;11426;63628;34092;1;97721;29537;34092;63629;0,13755383;0,073701596;0,063854395;0,073701596;0,137555992
41;REGIONAL;22/03/21;2021;12;ARS Alentejo;All;11894;2102;0;13996;75522;36194;1;111717;39329;36194;75523;0,163266806;0,078245793;0,085023175;0,078245793;0,163268968
42;REGIONAL;29/03/21;2021;13;ARS Alentejo;All;6156;6274;0;12430;81678;42468;1;124147;39211;42468;81679;0,17657512;0,091809204;0,084768077;0,091809204;0,176577282
43;REGIONAL;05/04/21;2021;14;ARS Alentejo;All;14049;4303;0;18352;95727;46771;1;142499;48959;46771;95730;0,206946871;0,10111162;0,105841736;0,10111162;0,206953356
44;REGIONAL;12/04/21;2021;15;ARS Alentejo;All;21901;2958;0;24859;117628;49729;1;167358;67902;49729;117631;0,254293423;0,107506356;0,146793553;0,107506356;0,254299908
45;REGIONAL;19/04/21;2021;16;ARS Alentejo;All;11356;5952;2;17310;128984;55681;3;184668;73306;55681;128987;0,278843327;0,120373653;0,158476159;0,120373653;0,278849812
46;REGIONAL;26/04/21;2021;17;ARS Alentejo;All;20218;2774;0;22992;149202;58455;3;207660;90755;58455;149210;0,322551495;0,126370609;0,196198181;0,126370609;0,32256879
47;REGIONAL;03/05/21;2021;18;ARS Alentejo;All;13677;14303;1;27981;162879;72758;4;235641;93238;72758;165996;0,35211904;0,157291468;0,20156604;0,157291468;0,358857509
48;REGIONAL;10/05/21;2021;19;ARS Alentejo;All;17427;15239;0;32666;180306;87997;4;268307;95932;87997;183929;0,389793501;0,190235814;0,207390049;0,190235814;0,397625863
49;REGIONAL;17/05/21;2021;20;ARS Alentejo;All;13209;12199;1;25409;193515;100196;5;293716;100360;100196;200556;0,418349302;0,216608153;0,216962695;0,216608153;0,433570848
50;REGIONAL;24/05/21;2021;21;ARS Alentejo;All;7171;18505;5;25681;200686;118701;10;319397;91157;118701;209858;0,433851888;0,256613082;0,197067242;0,256613082;0,453680324
51;REGIONAL;31/05/21;2021;22;ARS Alentejo;All;17386;7275;1;24662;218072;125976;11;344059;101607;125976;227583;0,471437713;0,272340499;0,219658515;0,272340499;0,491999014
52;REGIONAL;07/06/21;2021;23;ARS Alentejo;All;13787;15246;0;29033;231859;141222;11;373092;100783;141222;242005;0,50124306;0,305299978;0,217877155;0,305299978;0,523177133
53;REGIONAL;14/06/21;2021;24;ARS Alentejo;All;10214;19194;1;29409;242073;160416;12;402501;93464;160416;253880;0,523324138;0,346794417;0,202054617;0,346794417;0,548849034
54;REGIONAL;21/06/21;2021;25;ARS Alentejo;All;10588;13694;1;24283;252661;174110;13;426784;92671;174110;266781;0,546213746;0,376398713;0,200340274;0,376398713;0,576738988
55;REGIONAL;28/06/21;2021;26;ARS Alentejo;All;10976;27074;0;38050;263637;201184;13;464834;77026;201184;278210;0,569942149;0,434928486;0,16651822;0,434928486;0,601446706
56;REGIONAL;05/07/21;2021;27;ARS Alentejo;All;15293;27734;2;43029;278930;228918;15;507863;65266;228918;294184;0,603003234;0,494885076;0,141094931;0,494885076;0,635980007
57;REGIONAL;12/07/21;2021;28;ARS Alentejo;All;8123;20430;1;28554;287053;249348;16;536417;56594;249348;305942;0,620563895;0,539051556;0,122347417;0,539051556;0,661398973
58;REGIONAL;19/07/21;2021;29;ARS Alentejo;All;3493;16671;2;20166;290546;266019;18;556583;47746;266019;313765;0,628115218;0,575091662;0,103219419;0,575091662;0,678311081
59;REGIONAL;04/01/21;2021;1;ARS Algarve;All;1248;1;0;1249;2305;1;0;2306;2304;1;2305;0,005262918;2,28E-06;0,005260634;2,28326E-06;0,005262918
60;REGIONAL;11/01/21;2021;2;ARS Algarve;All;1355;3;0;1358;3660;4;0;3664;3656;4;3660;0,008356737;9,13E-06;0,008347604;9,13305E-06;0,008356737
61;REGIONAL;18/01/21;2021;3;ARS Algarve;All;3396;947;0;4343;7056;951;0;8007;6105;951;7056;0,016110693;0,002171382;0,013939311;0,002171382;0,016110693
62;REGIONAL;25/01/21;2021;4;ARS Algarve;All;2150;1228;1;3379;9206;2179;1;11386;7027;2179;9206;0,021019705;0,004975227;0,016044478;0,004975227;0,021019705
63;REGIONAL;01/02/21;2021;5;ARS Algarve;All;1214;1246;0;2460;10420;3425;1;13846;6997;3425;10422;0,023791584;0,00782017;0,01597598;0,00782017;0,02379615
64;REGIONAL;08/02/21;2021;6;ARS Algarve;All;2394;2902;0;5296;12814;6327;1;19142;6489;6327;12816;0,029257712;0,014446195;0,014816083;0,014446195;0,029262278
65;REGIONAL;15/02/21;2021;7;ARS Algarve;All;3184;2120;0;5304;15998;8447;1;24446;7553;8447;16000;0,036527616;0,019286709;0,017245473;0,019286709;0,036532183
66;REGIONAL;22/02/21;2021;8;ARS Algarve;All;8498;1071;0;9569;24496;9518;1;34015;14980;9518;24498;0,055930772;0,021732082;0,034203256;0,021732082;0,055935338
67;REGIONAL;01/03/21;2021;9;ARS Algarve;All;4641;554;0;5195;29137;10072;1;39210;19067;10072;29139;0,066527388;0,022997009;0,043534945;0,022997009;0,066531954
68;REGIONAL;08/03/21;2021;10;ARS Algarve;All;5112;1543;0;6655;34249;11615;1;45865;22637;11615;34252;0,07819942;0,026520081;0,051686189;0,026520081;0,07820627
69;REGIONAL;15/03/21;2021;11;ARS Algarve;All;2697;3004;0;5701;36946;14619;1;51566;22330;14619;36949;0,084357376;0,033378999;0,050985227;0,033378999;0,084364226
70;REGIONAL;22/03/21;2021;12;ARS Algarve;All;9416;4295;0;13711;46362;18914;1;65277;27451;18914;46365;0,105856566;0,043185606;0,062677809;0,043185606;0,105863415
71;REGIONAL;29/03/21;2021;13;ARS Algarve;All;4227;2915;0;7142;50589;21829;1;72419;28763;21829;50592;0,115507912;0,049841313;0,065673448;0,049841313;0,115514761
72;REGIONAL;05/04/21;2021;14;ARS Algarve;All;8673;1796;0;10469;59262;23625;1;82888;35642;23625;59267;0,135310638;0,053942051;0,081380003;0,053942051;0,135322054
73;REGIONAL;12/04/21;2021;15;ARS Algarve;All;13669;2157;0;15826;72931;25782;1;98714;47154;25782;72936;0,166520538;0,058867046;0,107664909;0,058867046;0,166531954
74;REGIONAL;19/04/21;2021;16;ARS Algarve;All;7261;5509;0;12770;80192;31291;1;111484;48907;31291;80198;0,183099299;0,071445533;0,111667466;0,071445533;0,183112999
75;REGIONAL;26/04/21;2021;17;ARS Algarve;All;16406;3245;0;19651;96598;34536;1;131135;62071;34536;96607;0,220558486;0,078854716;0,141724319;0,078854716;0,220579035
76;REGIONAL;03/05/21;2021;18;ARS Algarve;All;16583;8935;3;25521;113181;43471;4;156656;70269;43471;113740;0,25842181;0,099255657;0,160442496;0,099255657;0,259698153
77;REGIONAL;10/05/21;2021;19;ARS Algarve;All;9739;11302;0;21041;122920;54773;4;177697;70673;54773;125446;0,280658493;0,125061077;0,161364934;0,125061077;0,286426011
78;REGIONAL;17/05/21;2021;20;ARS Algarve;All;12026;10890;2;22918;134946;65663;6;200615;74338;65663;140001;0,308116994;0,149925794;0,169733087;0,149925794;0,319658881
79;REGIONAL;24/05/21;2021;21;ARS Algarve;All;7600;18810;7;26417;142546;84473;13;227032;68919;84473;153392;0,325469781;0,192873941;0,157360093;0,192873941;0,350234034
80;REGIONAL;31/05/21;2021;22;ARS Algarve;All;8155;12753;1;20909;150701;97226;14;247941;72839;97226;170065;0,344089778;0,221992374;0,166310478;0,221992374;0,388302852
81;REGIONAL;07/06/21;2021;23;ARS Algarve;All;17068;6327;0;23395;167769;103553;14;271336;84935;103553;188488;0,383060484;0,236438569;0,193928808;0,236438569;0,430367377
82;REGIONAL;14/06/21;2021;24;ARS Algarve;All;15403;13399;1;28803;183172;116952;15;300139;87160;116952;204112;0,418229559;0,267031988;0,199009065;0,267031988;0,466041053
83;REGIONAL;21/06/21;2021;25;ARS Algarve;All;19420;10151;3;29574;202592;127103;18;329713;97775;127103;224878;0,462570496;0,290209375;0,223245884;0,290209375;0,513455259
84;REGIONAL;28/06/21;2021;26;ARS Algarve;All;17237;16342;7;33586;219829;143445;25;363299;101060;143445;244505;0,501927073;0,327522433;0,230746398;0,327522433;0,558268831
85;REGIONAL;05/07/21;2021;27;ARS Algarve;All;19169;31700;1;50870;238998;175145;26;414169;89772;175145;264917;0,545694911;0,39990182;0,204972943;0,39990182;0,604874763
86;REGIONAL;12/07/21;2021;28;ARS Algarve;All;9704;26988;6;36698;248702;202133;32;450867;78999;202133;281132;0,567851679;0,461522479;0,180375368;0,461522479;0,641897847
87;REGIONAL;19/07/21;2021;29;ARS Algarve;All;4327;27260;3;31590;253029;229393;35;482457;61865;229393;291258;0,577731351;0,523764185;0,141253967;0,523764185;0,665018152
88;REGIONAL;04/01/21;2021;1;ARS Centro;All;9010;6;0;9016;15616;7;0;15623;15610;7;15617;0,009419253;4,22E-06;0,009415634;4,22226E-06;0,009419856
89;REGIONAL;11/01/21;2021;2;ARS Centro;All;12627;22;1;12650;28243;29;1;28273;28215;29;28244;0,017035601;1,75E-05;0,017018712;1,74922E-05;0,017036205
90;REGIONAL;18/01/21;2021;3;ARS Centro;All;36794;6307;2;43103;65037;6336;3;71376;58702;6336;65038;0,039228992;0,003821746;0,035407849;0,003821746;0,039229595
91;REGIONAL;25/01/21;2021;4;ARS Centro;All;4829;8538;3;13370;69866;14874;6;84746;54993;14874;69867;0,042141746;0,008971693;0,033170656;0,008971693;0,042142349
92;REGIONAL;01/02/21;2021;5;ARS Centro;All;2687;9165;0;11852;72553;24039;6;96598;48515;24039;72554;0,04376249;0,014499834;0,029263258;0,014499834;0,043763093
93;REGIONAL;08/02/21;2021;6;ARS Centro;All;7508;27146;5;34659;80061;51185;11;131257;28877;51185;80062;0,048291162;0,030873748;0,017418017;0,030873748;0,048291765
94;REGIONAL;15/02/21;2021;7;ARS Centro;All;25494;9997;4;35495;105555;61182;15;166752;44374;61182;105556;0,063668623;0,036903734;0,026765492;0,036903734;0,063669226
95;REGIONAL;22/02/21;2021;8;ARS Centro;All;38378;3098;2;41478;143933;64280;17;208230;79654;64280;143934;0,08681745;0,038772385;0,048045668;0,038772385;0,086818053
96;REGIONAL;01/03/21;2021;9;ARS Centro;All;28467;5908;1;34376;172400;70188;18;242606;102218;70188;172406;0,103988163;0,04233597;0,061655812;0,04233597;0,103991782
97;REGIONAL;08/03/21;2021;10;ARS Centro;All;17629;13505;0;31134;190029;83693;18;273740;106346;83693;190039;0,114621616;0,05048191;0,064145738;0,05048191;0,114627648
98;REGIONAL;15/03/21;2021;11;ARS Centro;All;16614;24137;2;40753;206643;107830;20;314493;98829;107830;206659;0,124642842;0,065040856;0,059611637;0,065040856;0,124652493
99;REGIONAL;22/03/21;2021;12;ARS Centro;All;47812;4306;0;52118;254455;112136;20;366611;142339;112136;254475;0,153482065;0,067638148;0,085855981;0,067638148;0,153494129
100;REGIONAL;29/03/21;2021;13;ARS Centro;All;24349;16714;2;41065;278804;128850;22;407676;149981;128850;278831;0,168168885;0,077719692;0,09046548;0,077719692;0,168185171
101;REGIONAL;05/04/21;2021;14;ARS Centro;All;49863;10163;0;60026;328667;139013;22;467702;189690;139013;328703;0,19824523;0,083849806;0,114417139;0,083849806;0,198266944
102;REGIONAL;12/04/21;2021;15;ARS Centro;All;77684;11988;2;89674;406351;151001;24;557376;255388;151001;406389;0,245102634;0,091080723;0,154044832;0,091080723;0,245125555
103;REGIONAL;19/04/21;2021;16;ARS Centro;All;30050;24140;6;54196;436401;175141;30;611572;261298;175141;436439;0,263228181;0,105641478;0,157609623;0,105641478;0,263251102
104;REGIONAL;26/04/21;2021;17;ARS Centro;All;56746;17900;4;74650;493147;193041;34;686222;301417;193041;494458;0,297456211;0,116438393;0,181808586;0,116438393;0,298246979
105;REGIONAL;03/05/21;2021;18;ARS Centro;All;60101;49107;2;109210;553248;242148;36;795432;318258;242148;560406;0,333707908;0,146058734;0,191966733;0,146058734;0,338025467
106;REGIONAL;10/05/21;2021;19;ARS Centro;All;50803;55705;0;106508;604051;297853;36;901940;319413;297853;617266;0,364351241;0,179658854;0,192663406;0,179658854;0,37232226
107;REGIONAL;17/05/21;2021;20;ARS Centro;All;44965;41702;4;86671;649016;339555;40;988611;330440;339555;669995;0,391473212;0,204812649;0,199314667;0,204812649;0,404127317
108;REGIONAL;24/05/21;2021;21;ARS Centro;All;24197;56333;12;80542;673213;395888;52;1069153;306650;395888;702538;0,406068349;0,238791566;0,184965025;0,238791566;0,42375659
109;REGIONAL;31/05/21;2021;22;ARS Centro;All;44299;37717;2;82018;717512;433605;54;1151171;315589;433605;749194;0,432788602;0,261541691;0,190356847;0,261541691;0,451898538
110;REGIONAL;07/06/21;2021;23;ARS Centro;All;58308;40813;2;99123;775820;474418;56;1250294;334848;474418;809266;0,467958798;0,28615926;0,201973483;0,28615926;0,488132743
111;REGIONAL;14/06/21;2021;24;ARS Centro;All;51925;65726;10;117661;827745;540144;66;1367955;326942;540144;867086;0,499278899;0,325803842;0,197204745;0,325803842;0,523008587
112;REGIONAL;21/06/21;2021;25;ARS Centro;All;59522;47702;3;107227;887267;587846;69;1475182;345078;587846;932924;0,535181355;0,354576716;0,20814401;0,354576716;0,562720726
113;REGIONAL;28/06/21;2021;26;ARS Centro;All;49749;76963;4;126716;937016;664809;73;1601898;320047;664809;984856;0,565188937;0,400999227;0,193045822;0,400999227;0,594045049
114;REGIONAL;05/07/21;2021;27;ARS Centro;All;59280;104839;11;164130;996296;769648;84;1766028;282488;769648;1052136;0,600945424;0,464235974;0,170390999;0,464235974;0,634626973
115;REGIONAL;12/07/21;2021;28;ARS Centro;All;28395;81897;10;110302;1024691;851545;94;1876330;243366;851545;1094911;0,618072708;0,513634573;0,146793407;0,513634573;0,66042798
116;REGIONAL;19/07/21;2021;29;ARS Centro;All;16789;80548;18;97355;1041480;932093;112;1973685;195131;932093;1127224;0,628199491;0,562219484;0,117699039;0,562219484;0,679918522
117;REGIONAL;04/01/21;2021;1;ARS Lisboa e Vale do Tejo;All;12677;20;0;12697;23372;20;0;23392;23352;20;23372;0,006344608;5,43E-06;0,006339179;5,42924E-06;0,006344608
118;REGIONAL;11/01/21;2021;2;ARS Lisboa e Vale do Tejo;All;13217;1105;0;14322;36589;1125;0;37714;35464;1125;36589;0,00993252;0,000305395;0,009627125;0,000305395;0,00993252
119;REGIONAL;18/01/21;2021;3;ARS Lisboa e Vale do Tejo;All;37937;9055;0;46992;74526;10180;0;84706;64346;10180;74526;0,020230971;0,002763482;0,017467488;0,002763482;0,020230971
120;REGIONAL;25/01/21;2021;4;ARS Lisboa e Vale do Tejo;All;17266;11870;11;29147;91792;22050;11;113853;69743;22050;91793;0,024918032;0,005985735;0,018932568;0,005985735;0,024918304
121;REGIONAL;01/02/21;2021;5;ARS Lisboa e Vale do Tejo;All;8677;8939;1;17617;100469;30989;12;131470;69481;30989;100470;0,027273507;0,008412333;0,018861445;0,008412333;0,027273779
122;REGIONAL;08/02/21;2021;6;ARS Lisboa e Vale do Tejo;All;14353;30545;0;44898;114822;61534;12;176368;53289;61534;114823;0,0311698;0,016704137;0,014465934;0,016704137;0,031170071
123;REGIONAL;15/02/21;2021;7;ARS Lisboa e Vale do Tejo;All;32971;19071;4;52046;147793;80605;16;228414;67189;80605;147794;0,040120171;0,021881188;0,018239255;0,021881188;0,040120442
124;REGIONAL;22/02/21;2021;8;ARS Lisboa e Vale do Tejo;All;49215;6698;0;55913;197008;87303;16;284327;109706;87303;197009;0,053480169;0,02369944;0,029781001;0,02369944;0,05348044
125;REGIONAL;01/03/21;2021;9;ARS Lisboa e Vale do Tejo;All;44996;12808;1;57805;242004;100111;17;342132;141899;100111;242010;0,065694869;0,027176324;0,038520174;0,027176324;0,065696498
126;REGIONAL;08/03/21;2021;10;ARS Lisboa e Vale do Tejo;All;33563;16535;4;50102;275567;116646;21;392234;158936;116646;275582;0,074805945;0,031664947;0,043145071;0,031664947;0,074810017
127;REGIONAL;15/03/21;2021;11;ARS Lisboa e Vale do Tejo;All;25886;28965;5;54856;301453;145611;26;447090;155861;145611;301472;0,081833009;0,039527841;0,042310325;0,039527841;0,081838166
128;REGIONAL;22/03/21;2021;12;ARS Lisboa e Vale do Tejo;All;89069;7523;3;96595;390522;153134;29;543685;237411;153134;390545;0,10601185;0,041570049;0,064448045;0,041570049;0,106018093
129;REGIONAL;29/03/21;2021;13;ARS Lisboa e Vale do Tejo;All;45455;23796;5;69256;435977;176930;34;612941;259074;176930;436004;0,118351151;0,048029757;0,070328724;0,048029757;0,118358481
130;REGIONAL;05/04/21;2021;14;ARS Lisboa e Vale do Tejo;All;87287;19551;1;106839;523264;196481;35;719780;326844;196481;523325;0,142046247;0,053337108;0,088725698;0,053337108;0,142062807
131;REGIONAL;12/04/21;2021;15;ARS Lisboa e Vale do Tejo;All;163529;14212;2;177743;686793;210693;37;897523;476168;210693;686861;0,186438143;0,057195125;0,129261477;0,057195125;0,186456602
132;REGIONAL;19/04/21;2021;16;ARS Lisboa e Vale do Tejo;All;79115;53572;7;132694;765908;264265;44;1030217;501712;264265;765977;0,207914852;0,071737883;0,1361957;0,071737883;0,207933583
133;REGIONAL;26/04/21;2021;17;ARS Lisboa e Vale do Tejo;All;107535;25479;8;133022;873443;289744;52;1163239;583795;289744;873539;0,237106509;0,078654461;0,158478108;0,078654461;0,23713257
134;REGIONAL;03/05/21;2021;18;ARS Lisboa e Vale do Tejo;All;107579;65112;13;172704;981022;354856;65;1335943;628956;354856;983812;0,26631011;0,096329889;0,1707376;0,096329889;0,267067489
135;REGIONAL;10/05/21;2021;19;ARS Lisboa e Vale do Tejo;All;90251;112749;13;203013;1071273;467605;78;1538956;609032;467605;1076637;0,29080982;0,126936949;0,165328993;0,126936949;0,292265941
136;REGIONAL;17/05/21;2021;20;ARS Lisboa e Vale do Tejo;All;109816;70839;7;180662;1181089;538444;85;1719618;650622;538444;1189066;0,320620681;0,146167039;0,176619094;0,146167039;0,322786133
137;REGIONAL;24/05/21;2021;21;ARS Lisboa e Vale do Tejo;All;110510;88536;55;199101;1291599;626980;140;1918719;685612;626980;1312592;0,350619938;0,170201191;0,186117546;0,170201191;0,356318738
138;REGIONAL;31/05/21;2021;22;ARS Lisboa e Vale do Tejo;All;92003;86459;23;178485;1383602;713439;163;2097204;711901;713439;1425340;0,375595248;0,193671517;0,193254009;0,193671517;0,386925526
139;REGIONAL;07/06/21;2021;23;ARS Lisboa e Vale do Tejo;All;151805;53648;13;205466;1535407;767087;176;2302670;824641;767087;1591728;0,416804524;0,208234906;0,223858625;0,208234906;0,432093531
140;REGIONAL;14/06/21;2021;24;ARS Lisboa e Vale do Tejo;All;147520;121249;15;268784;1682927;888336;191;2571454;860433;888336;1748769;0,456850586;0,241149391;0,23357479;0,241149391;0,474724181
141;REGIONAL;21/06/21;2021;25;ARS Lisboa e Vale do Tejo;All;119986;153191;28;273205;1802913;1041527;219;2844659;841771;1041527;1883298;0,489422215;0,282734914;0,228508767;0,282734914;0,511243681
142;REGIONAL;28/06/21;2021;26;ARS Lisboa e Vale do Tejo;All;130119;165823;19;295961;1933032;1207350;238;3140620;816909;1207350;2024259;0,524744568;0,327749543;0,221759681;0,327749543;0,549509224
143;REGIONAL;05/07/21;2021;27;ARS Lisboa e Vale do Tejo;All;143552;272781;23;416356;2076584;1480131;261;3556976;699358;1480131;2179489;0,563713469;0,401799195;0,189849062;0,401799195;0,591648257
144;REGIONAL;12/07/21;2021;28;ARS Lisboa e Vale do Tejo;All;79988;215244;24;295256;2156572;1695375;285;3852232;602966;1695375;2298341;0,585427164;0,460229744;0,163682305;0,460229744;0,623912049
145;REGIONAL;19/07/21;2021;29;ARS Lisboa e Vale do Tejo;All;57051;185347;16;242414;2213623;1880722;301;4094646;526043;1880722;2406765;0,600914338;0,510544395;0,14280064;0,510544395;0,653345035
146;REGIONAL;04/01/21;2021;1;ARS Norte;All;16549;18;0;16567;29846;21;0;29867;29829;21;29850;0,008383823;5,90E-06;0,008379048;5,89896E-06;0,008384947
147;REGIONAL;11/01/21;2021;2;ARS Norte;All;15150;28;0;15178;44996;49;0;45045;44951;49;45000;0,0126395;1,38E-05;0,012626859;1,37642E-05;0,012640623
148;REGIONAL;18/01/21;2021;3;ARS Norte;All;31961;12724;1;44686;76957;12773;1;89731;64188;12773;76961;0,021617432;0,003587971;0,018030585;0,003587971;0,021618556
149;REGIONAL;25/01/21;2021;4;ARS Norte;All;14245;15676;6;29927;91202;28449;7;119658;62757;28449;91206;0,025618892;0,007991402;0,017628613;0,007991402;0,025620016
150;REGIONAL;01/02/21;2021;5;ARS Norte;All;5549;12210;1;17760;96751;40659;8;137418;56098;40659;96757;0,027177621;0,011421225;0,015758082;0,011421225;0,027179307
151;REGIONAL;08/02/21;2021;6;ARS Norte;All;8809;28640;6;37455;105560;69299;14;174873;36267;69299;105566;0,029652094;0,019466279;0,0101875;0,019466279;0,029653779
152;REGIONAL;15/02/21;2021;7;ARS Norte;All;32909;15087;3;47999;138469;84386;17;222872;54089;84386;138475;0,038896322;0,023704259;0,015193748;0,023704259;0,038898007
153;REGIONAL;22/02/21;2021;8;ARS Norte;All;64701;4264;1;68966;203170;88650;18;291838;114526;88650;203176;0,05707101;0,024902028;0,032170668;0,024902028;0,057072696
154;REGIONAL;01/03/21;2021;9;ARS Norte;All;47872;7004;2;54878;251042;95654;20;346716;155396;95654;251050;0,070518386;0,026869471;0,043651163;0,026869471;0,070520634
155;REGIONAL;08/03/21;2021;10;ARS Norte;All;25443;14088;0;39531;276485;109742;20;386247;166757;109742;276499;0,077665395;0,030826829;0,046842499;0,030826829;0,077669327
156;REGIONAL;15/03/21;2021;11;ARS Norte;All;26700;42259;4;68963;303185;152001;24;455210;151200;152001;303201;0,085165498;0,042697498;0,042472495;0,042697498;0,085169993
157;REGIONAL;22/03/21;2021;12;ARS Norte;All;88839;2252;0;91091;392024;154253;24;546301;237791;154253;392044;0,110120617;0,043330091;0,066796144;0,043330091;0,110126235
158;REGIONAL;29/03/21;2021;13;ARS Norte;All;53991;32577;1;86569;446015;186830;25;632870;259223;186830;446053;0,125286837;0,052481059;0,072816452;0,052481059;0,125297511
159;REGIONAL;05/04/21;2021;14;ARS Norte;All;82272;13545;5;95822;528287;200375;30;728692;327975;200375;528350;0,148397267;0,056285887;0,092129077;0,056285887;0,148414964
160;REGIONAL;12/04/21;2021;15;ARS Norte;All;135703;19069;3;154775;663990;219444;33;883467;444612;219444;664056;0,186516612;0,061642421;0,12489273;0,061642421;0,186535152
161;REGIONAL;19/04/21;2021;16;ARS Norte;All;64898;46318;2;111218;728888;265762;35;994685;463193;265762;728955;0,204746638;0,074653275;0,130112184;0,074653275;0,204765459
162;REGIONAL;26/04/21;2021;17;ARS Norte;All;126230;36635;3;162868;855118;302397;38;1157553;552808;302397;855205;0,240204992;0,084944147;0,155285283;0,084944147;0,24022943
163;REGIONAL;03/05/21;2021;18;ARS Norte;All;154902;73009;4;227915;1010020;375406;42;1385468;634892;375406;1010298;0,283717388;0,105452575;0,178342904;0,105452575;0,283795479
164;REGIONAL;10/05/21;2021;19;ARS Norte;All;99336;100690;8;200034;1109356;476096;50;1585502;640233;476096;1116329;0,311621143;0,133736672;0,179843206;0,133736672;0,313579878
165;REGIONAL;17/05/21;2021;20;ARS Norte;All;110291;70788;6;181085;1219647;546884;56;1766587;687311;546884;1234195;0,342602188;0,153621216;0,193067545;0,153621216;0,346688761
166;REGIONAL;24/05/21;2021;21;ARS Norte;All;72595;128473;22;201090;1292242;675357;78;1967677;651478;675357;1326835;0,362994322;0,189709634;0,183001957;0,189709634;0,372711591
167;REGIONAL;31/05/21;2021;22;ARS Norte;All;54464;171968;35;226467;1346706;847325;113;2194144;558094;847325;1405419;0,378293409;0,238015917;0,156770135;0,238015917;0,394786052
168;REGIONAL;07/06/21;2021;23;ARS Norte;All;105998;105956;13;211967;1452704;953281;126;2406111;565717;953281;1518998;0,408068538;0,267779248;0,158911457;0,267779248;0,426690704
169;REGIONAL;14/06/21;2021;24;ARS Norte;All;104257;151353;15;255625;1556961;1104634;141;2661736;533784;1104634;1638418;0,437354615;0,31029472;0,14994139;0,31029472;0,46023611
170;REGIONAL;21/06/21;2021;25;ARS Norte;All;145153;104270;7;249430;1702114;1208904;148;2911166;590698;1208904;1799602;0,478128491;0,339584449;0,165928688;0,339584449;0,505513138
171;REGIONAL;28/06/21;2021;26;ARS Norte;All;161739;115400;13;277152;1863853;1324304;161;3188318;642454;1324304;1966758;0,52356142;0,372000626;0,180467091;0,372000626;0,552467717
172;REGIONAL;05/07/21;2021;27;ARS Norte;All;173948;156380;22;330350;2037801;1480684;183;3518668;673881;1480684;2154565;0,57242389;0,415928197;0,189295021;0,415928197;0,605223218
173;REGIONAL;12/07/21;2021;28;ARS Norte;All;103863;154557;19;258439;2141664;1635241;202;3777107;671545;1635241;2306786;0,601599292;0,459343682;0,188638832;0,459343682;0,647982514
174;REGIONAL;19/07/21;2021;29;ARS Norte;All;50975;187359;11;238345;2192639;1822600;213;4015452;585938;1822600;2408538;0,615918309;0,511973339;0,164591591;0,511973339;0,67656493
175;REGIONAL;04/01/21;2021;1;RA_Madeira;All;1726;0;0;1726;2366;0;0;2366;2366;0;2366;0,009317785;0;0,009317785;0;0,009317785
176;REGIONAL;11/01/21;2021;2;RA_Madeira;All;1762;0;0;1762;4128;0;0;4128;4128;0;4128;0,016256897;0;0,016256897;0;0,016256897
177;REGIONAL;18/01/21;2021;3;RA_Madeira;All;1081;539;0;1620;5209;539;0;5748;4670;539;5209;0,020514093;0,002122691;0,018391402;0,002122691;0,020514093
178;REGIONAL;25/01/21;2021;4;RA_Madeira;All;410;1632;0;2042;5619;2171;0;7790;3448;2171;5619;0,022128756;0,008549836;0,01357892;0,008549836;0,022128756
179;REGIONAL;01/02/21;2021;5;RA_Madeira;All;2236;1521;0;3757;7855;3692;0;11547;4163;3692;7855;0,030934575;0,014539841;0,016394734;0,014539841;0,030934575
180;REGIONAL;08/02/21;2021;6;RA_Madeira;All;3164;1088;0;4252;11019;4780;0;15799;6239;4780;11019;0,043395045;0,018824604;0,024570441;0,018824604;0,043395045
181;REGIONAL;15/02/21;2021;7;RA_Madeira;All;2502;639;0;3141;13521;5419;0;18940;8102;5419;13521;0,053248426;0,021341115;0,03190731;0,021341115;0,053248426
182;REGIONAL;22/02/21;2021;8;RA_Madeira;All;2259;2156;0;4415;15780;7575;0;23355;8205;7575;15780;0,062144823;0,029831878;0,032312945;0,029831878;0,062144823
183;REGIONAL;01/03/21;2021;9;RA_Madeira;All;1437;3120;0;4557;17217;10695;0;27912;6523;10695;17218;0,067804019;0,042119068;0,02568889;0,042119068;0,067807958
184;REGIONAL;08/03/21;2021;10;RA_Madeira;All;4906;2399;0;7305;22123;13094;0;35217;9030;13094;22124;0,087124837;0,051566814;0,035561962;0,051566814;0,087128775
185;REGIONAL;15/03/21;2021;11;RA_Madeira;All;3122;2352;0;5474;25245;15446;0;40691;9800;15446;25246;0,099419903;0,060829464;0,038594377;0,060829464;0,099423841
186;REGIONAL;22/03/21;2021;12;RA_Madeira;All;5295;183;0;5478;30540;15629;0;46169;14912;15629;30541;0,120272681;0,061550155;0,058726464;0,061550155;0,120276619
187;REGIONAL;29/03/21;2021;13;RA_Madeira;All;1213;1264;0;2477;31753;16893;0;48646;14861;16893;31754;0,12504972;0,066528042;0,058525616;0,066528042;0,125053658
188;REGIONAL;05/04/21;2021;14;RA_Madeira;All;10225;1303;0;11528;41978;18196;0;60174;23783;18196;41979;0,165317833;0,071659519;0,093662252;0,071659519;0,165321771
189;REGIONAL;12/04/21;2021;15;RA_Madeira;All;8444;1306;0;9750;50422;19502;0;69924;30921;19502;50423;0,198572008;0,07680281;0,121773136;0,07680281;0,198575946
190;REGIONAL;19/04/21;2021;16;RA_Madeira;All;9834;2132;0;11966;60256;21634;0;81890;38624;21634;60258;0,237300284;0,085199056;0,152109104;0,085199056;0,23730816
191;REGIONAL;26/04/21;2021;17;RA_Madeira;All;8834;808;0;9642;69090;22442;0;91532;46651;22442;69093;0,272090358;0,088381123;0,183721049;0,088381123;0,272102173
192;REGIONAL;03/05/21;2021;18;RA_Madeira;All;7622;5294;0;12916;76712;27736;0;104448;48979;27736;76715;0,302107332;0,109229963;0,192889183;0,109229963;0,302119146
193;REGIONAL;10/05/21;2021;19;RA_Madeira;All;11614;6444;0;18058;88326;34180;0;122506;54151;34180;88331;0,347845607;0,134607735;0,213257562;0,134607735;0,347865298
194;REGIONAL;17/05/21;2021;20;RA_Madeira;All;2347;7619;0;9966;90673;41799;0;132472;48879;41799;90678;0,357088566;0,164612894;0,192495363;0,164612894;0,357108257
195;REGIONAL;24/05/21;2021;21;RA_Madeira;All;3455;8983;0;12438;94128;50782;0;144910;43353;50782;94135;0,370695053;0,199989761;0,17073286;0,199989761;0,370722621
196;REGIONAL;31/05/21;2021;22;RA_Madeira;All;7575;10940;0;18515;101703;61722;0;163425;40298;61722;102020;0,400526931;0,243073688;0,158701654;0,243073688;0,401775341
197;REGIONAL;07/06/21;2021;23;RA_Madeira;All;3613;15307;0;18920;105316;77029;0;182345;30703;77029;107732;0,414755654;0,303355742;0,120914608;0,303355742;0,42427035
198;REGIONAL;14/06/21;2021;24;RA_Madeira;All;3516;8101;0;11617;108832;85130;0;193962;28638;85130;113768;0,428602372;0,335259114;0,112782221;0,335259114;0,448041335
199;REGIONAL;21/06/21;2021;25;RA_Madeira;All;12571;3700;0;16271;121403;88830;0;210233;37653;88830;126483;0,478109506;0,34983046;0,14828511;0,34983046;0,49811557
200;REGIONAL;28/06/21;2021;26;RA_Madeira;All;9936;12284;0;22220;131339;101114;0;232453;35480;101114;136594;0,517239478;0,398207331;0,139727398;0,398207331;0,537934728
201;REGIONAL;05/07/21;2021;27;RA_Madeira;All;12437;6886;0;19323;143776;108000;0;251776;41411;108000;149411;0,566218893;0,425325788;0,163084872;0,425325788;0,58841066
202;REGIONAL;12/07/21;2021;28;RA_Madeira;All;10371;5556;0;15927;154147;113556;0;267703;47465;113556;161021;0,607061983;0,447206437;0,186926746;0,447206437;0,634133182
203;REGIONAL;19/07/21;2021;29;RA_Madeira;All;4159;14645;0;18804;158306;128201;0;286507;39344;128201;167545;0,623440964;0,504881401;0,154944609;0,504881401;0,65982601
204;REGIONAL;04/01/21;2021;1;RA_Acores;All;3642;3;0;3645;5624;3;0;5627;5621;3;5624;0,023220383;1,24E-05;0,023207997;1,23864E-05;0,023220383
205;REGIONAL;11/01/21;2021;2;RA_Acores;All;1;0;0;1;5625;3;0;5628;5622;3;5625;0,023224512;1,24E-05;0,023212125;1,23864E-05;0,023224512
206;REGIONAL;18/01/21;2021;3;RA_Acores;All;27;1921;7;1955;5652;1924;7;7583;3728;1924;5652;0,02333599;0,007943815;0,015392174;0,007943815;0,02333599
207;REGIONAL;25/01/21;2021;4;RA_Acores;All;279;3494;47;3820;5931;5418;54;11403;513;5418;5931;0,024487925;0,02236985;0,002118075;0,02236985;0,024487925
208;REGIONAL;01/02/21;2021;5;RA_Acores;All;1878;17;0;1895;7809;5435;54;13298;2374;5435;7809;0,032241816;0,022440039;0,009801776;0,022440039;0,032241816
209;REGIONAL;08/02/21;2021;6;RA_Acores;All;1059;2;0;1061;8868;5437;54;14359;3431;5437;8868;0,036614217;0,022448297;0,01416592;0,022448297;0,036614217
210;REGIONAL;15/02/21;2021;7;RA_Acores;All;2073;322;3;2398;10941;5759;57;16757;5182;5759;10941;0,045173224;0,023777771;0,021395453;0,023777771;0,045173224
211;REGIONAL;22/02/21;2021;8;RA_Acores;All;1476;1609;13;3098;12417;7368;70;19855;5049;7368;12417;0,051267336;0,030421014;0,020846322;0,030421014;0,051267336
212;REGIONAL;01/03/21;2021;9;RA_Acores;All;755;1155;8;1918;13172;8523;78;21773;4649;8523;13172;0,054384581;0,03518978;0,019194801;0,03518978;0,054384581
213;REGIONAL;08/03/21;2021;10;RA_Acores;All;2627;2053;9;4689;15799;10576;87;26462;5223;10576;15799;0,065230945;0,043666211;0,021564733;0,043666211;0,065230945
214;REGIONAL;15/03/21;2021;11;RA_Acores;All;2531;1436;8;3975;18330;12012;95;30437;6319;12012;18331;0,075680943;0,049595171;0,026089901;0,049595171;0,075685071
215;REGIONAL;22/03/21;2021;12;RA_Acores;All;4115;730;0;4845;22445;12742;95;35282;9704;12742;22446;0,092670963;0,052609196;0,040065896;0,052609196;0,092675092
216;REGIONAL;29/03/21;2021;13;RA_Acores;All;1969;764;0;2733;24414;13506;95;38015;10910;13506;24416;0,100800575;0,055763601;0,045045231;0,055763601;0,100808832
217;REGIONAL;05/04/21;2021;14;RA_Acores;All;3889;2358;0;6247;28303;15864;95;44262;12443;15864;28307;0,116857486;0,065499317;0,051374685;0,065499317;0,116874001
218;REGIONAL;12/04/21;2021;15;RA_Acores;All;4242;2407;0;6649;32545;18271;95;50911;14278;18271;32549;0,134371865;0,075437343;0,058951037;0,075437343;0,13438838
219;REGIONAL;19/04/21;2021;16;RA_Acores;All;7995;1061;0;9056;40540;19332;95;59967;21212;19332;40544;0,167381638;0,079818002;0,08758015;0,079818002;0,167398153
220;REGIONAL;26/04/21;2021;17;RA_Acores;All;9271;2964;1;12236;49811;22296;96;72203;27521;22296;49817;0,205659762;0,092055772;0,113628763;0,092055772;0,205684535
221;REGIONAL;03/05/21;2021;18;RA_Acores;All;9754;2834;0;12588;59565;25130;96;84791;34443;25130;59573;0,245932098;0,103756797;0,142208331;0,103756797;0,245965128
222;REGIONAL;10/05/21;2021;19;RA_Acores;All;9461;2309;1;11771;69026;27439;97;96562;41595;27439;69034;0,284994694;0,113290201;0,171737524;0,113290201;0,285027725
223;REGIONAL;17/05/21;2021;20;RA_Acores;All;12171;5083;0;17254;81197;32522;97;113816;48684;32522;81206;0,335246345;0,134276902;0,201006602;0,134276902;0,335283504
224;REGIONAL;24/05/21;2021;21;RA_Acores;All;5668;8206;0;13874;86865;40728;97;127690;46146;40728;86874;0,358648395;0,168157852;0,190527702;0,168157852;0,358685555
225;REGIONAL;31/05/21;2021;22;RA_Acores;All;5492;10131;1;15624;92357;50859;98;143314;41509;50859;92368;0,381323777;0,209986747;0,171382447;0,209986747;0,381369193
226;REGIONAL;07/06/21;2021;23;RA_Acores;All;7915;11994;4;19913;100272;62853;102;163227;37430;62853;100283;0,414003245;0,259507599;0,154541063;0,259507599;0,414048662
227;REGIONAL;14/06/21;2021;24;RA_Acores;All;9308;7709;2;17019;109580;70562;104;180246;39503;70562;110065;0,452434135;0,291336535;0,16310007;0,291336535;0,454436604
228;REGIONAL;21/06/21;2021;25;RA_Acores;All;7546;10138;3;17687;117126;80700;107;197933;39726;80700;120426;0,483590076;0,33319433;0,164020793;0,33319433;0,497215123
229;REGIONAL;28/06/21;2021;26;RA_Acores;All;6698;12527;7;19232;123824;93227;114;217165;35445;93227;128672;0,511244793;0,384915834;0,146345391;0,384915834;0,531261225
230;REGIONAL;05/07/21;2021;27;RA_Acores;All;6056;16127;8;22191;129880;109354;122;239356;27108;109354;136462;0,536248818;0,451501026;0,111923568;0,451501026;0,563424594
231;REGIONAL;12/07/21;2021;28;RA_Acores;All;2792;11335;3;14130;132672;120689;125;253486;20189;120689;140878;0,547776434;0,498300998;0,083356386;0,498300998;0,581657384
232;REGIONAL;19/07/21;2021;29;RA_Acores;All;5682;8769;3;14454;138354;129458;128;267940;18885;129458;148343;0,571236287;0,534506464;0,077972428;0,534506464;0,612478891
233;AGES;04/01/21;2021;1;All;0-17 anos;4;0;0;4;6;0;0;6;6;0;6;3,53E-06;0;3,53E-06;0;3,52591E-06
234;AGES;04/01/21;2021;1;All;18-24 anos;1787;2;0;1789;3142;2;0;3144;3140;2;3142;0,004022146;2,56E-06;0,004019586;2,56025E-06;0,004022146
235;AGES;04/01/21;2021;1;All;25-49 anos;27458;36;0;27494;51178;40;0;51218;51142;40;51182;0,015361568;1,20E-05;0,015350762;1,20064E-05;0,015362768
236;AGES;04/01/21;2021;1;All;50-64 anos;12975;8;0;12983;22180;8;0;22188;22173;8;22181;0,010201543;3,68E-06;0,010198323;3,67955E-06;0,010202003
237;AGES;04/01/21;2021;1;All;65-79 anos;2306;0;0;2306;3258;0;0;3258;3258;0;3258;0,002001157;0;0,002001157;0;0,002001157
238;AGES;04/01/21;2021;1;All;80 ou mais anos;3811;3;0;3814;4079;3;0;4082;4076;3;4079;0,005984536;4,40E-06;0,005980135;4,40147E-06;0,005984536
239;AGES;04/01/21;2021;1;All;Desconhecido;1;0;0;1;1;0;0;1;1;0;1;NA;NA;NA;NA;NA
240;AGES;11/01/21;2021;2;All;0-17 anos;15;0;0;15;21;0;0;21;21;0;21;1,23E-05;0;1,23E-05;0;1,23407E-05
241;AGES;11/01/21;2021;2;All;18-24 anos;1399;56;0;1455;4541;58;0;4599;4483;58;4541;0,005813038;7,42E-05;0,005738791;7,42471E-05;0,005813038
242;AGES;11/01/21;2021;2;All;25-49 anos;16403;783;0;17186;67581;823;0;68404;66762;823;67585;0,020285086;0,000247031;0,020039255;0,000247031;0,020286286
243;AGES;11/01/21;2021;2;All;50-64 anos;11659;302;0;11961;33839;310;0;34149;33530;310;33840;0,015564022;0,000142582;0,015421899;0,000142582;0,015564482
244;AGES;11/01/21;2021;2;All;65-79 anos;5521;27;0;5548;8779;27;0;8806;8752;27;8779;0,005392314;1,66E-05;0,00537573;1,65842E-05;0,005392314
245;AGES;11/01/21;2021;2;All;80 ou mais anos;14475;0;1;14476;18554;3;1;18558;18551;3;18554;0,027221644;4,40E-06;0,027217242;4,40147E-06;0,027221644
246;AGES;11/01/21;2021;2;All;Desconhecido;0;0;0;0;1;0;0;1;1;0;1;NA;NA;NA;NA;NA
247;AGES;18/01/21;2021;3;All;0-17 anos;69;1;0;70;90;1;0;91;89;1;90;5,29E-05;5,88E-07;5,23E-05;5,87652E-07;5,28887E-05
248;AGES;18/01/21;2021;3;All;18-24 anos;3807;1195;0;5002;8348;1253;0;9601;7095;1253;8348;0,010686466;0,001603994;0,009082472;0,001603994;0,010686466
249;AGES;18/01/21;2021;3;All;25-49 anos;37328;21698;5;59031;104909;22521;5;127435;82392;22521;104913;0,031489443;0,006759894;0,024730749;0,006759894;0,031490644
250;AGES;18/01/21;2021;3;All;50-64 anos;27373;8567;2;35942;61212;8877;2;70091;52336;8877;61213;0,02815405;0,004082917;0,024071593;0,004082917;0,02815451
251;AGES;18/01/21;2021;3;All;65-79 anos;14061;908;1;14970;22840;935;1;23776;21905;935;22840;0,014028984;0,000574304;0,01345468;0,000574304;0,014028984
252;AGES;18/01/21;2021;3;All;80 ou mais anos;39025;259;2;39286;57579;262;3;57844;57317;262;57579;0,084477472;0,000384395;0,084093076;0,000384395;0,084477472
253;AGES;18/01/21;2021;3;All;Desconhecido;0;0;0;0;1;0;0;1;1;0;1;NA;NA;NA;NA;NA
254;AGES;25/01/21;2021;4;All;0-17 anos;14;3;0;17;104;4;0;108;100;4;104;6,11E-05;2,35E-06;5,88E-05;2,35061E-06;6,11158E-05
255;AGES;25/01/21;2021;4;All;18-24 anos;1367;1624;1;2992;9715;2877;1;12593;6839;2877;9716;0,012436394;0,003682914;0,00875476;0,003682914;0,012437674
256;AGES;25/01/21;2021;4;All;25-49 anos;15536;26033;19;41588;120445;48554;24;169023;71895;48554;120449;0,036152722;0,014573949;0,021579974;0,014573949;0,036153923
257;AGES;25/01/21;2021;4;All;50-64 anos;10728;12396;11;23135;71940;21273;13;93226;50668;21273;71941;0,033088322;0,009784374;0,023304407;0,009784374;0,033088781
258;AGES;25/01/21;2021;4;All;65-79 anos;6477;2139;14;8630;29317;3074;15;32406;26243;3074;29317;0,018007344;0,001888139;0,016119205;0,001888139;0,018007344
259;AGES;25/01/21;2021;4;All;80 ou mais anos;7354;3385;23;10762;64933;3647;26;68606;61286;3647;64933;0,095266949;0,005350724;0,089916225;0,005350724;0,095266949
260;AGES;25/01/21;2021;4;All;Desconhecido;0;0;0;0;1;0;0;1;1;0;1;NA;NA;NA;NA;NA
261;AGES;01/02/21;2021;5;All;0-17 anos;34;4;0;38;138;8;0;146;130;8;138;8,11E-05;4,70E-06;7,64E-05;4,70122E-06;8,1096E-05
262;AGES;01/02/21;2021;5;All;18-24 anos;973;934;0;1907;10688;3811;1;14500;6878;3811;10689;0,013681953;0,004878548;0,008804685;0,004878548;0,013683234
263;AGES;01/02/21;2021;5;All;25-49 anos;9946;12502;1;22449;130391;61056;25;191472;69342;61056;130398;0,03913811;0,018326544;0,020813667;0,018326544;0,039140211
264;AGES;01/02/21;2021;5;All;50-64 anos;5515;9198;1;14714;77455;30471;14;107940;46985;30471;77456;0,035624909;0,014014933;0,021610436;0,014014933;0,035625369
265;AGES;01/02/21;2021;5;All;65-79 anos;2708;4170;0;6878;32025;7244;15;39284;24782;7244;32026;0,019670675;0,004449473;0,015221816;0,004449473;0,019671289
266;AGES;01/02/21;2021;5;All;80 ou mais anos;4519;10640;0;15159;69452;14287;26;83765;55165;14287;69452;0,101897035;0,020961282;0,080935753;0,020961282;0,101897035
267;AGES;01/02/21;2021;5;All;Desconhecido;0;0;0;0;1;0;0;1;1;0;1;NA;NA;NA;NA;NA
268;AGES;08/02/21;2021;6;All;0-17 anos;36;67;0;103;174;75;0;249;99;75;174;0,000102251;4,41E-05;5,82E-05;4,40739E-05;0,000102251
269;AGES;08/02/21;2021;6;All;18-24 anos;1453;3045;0;4498;12141;6856;1;18998;5286;6856;12142;0,015541972;0,008776523;0,00676673;0,008776523;0,015543252
270;AGES;08/02/21;2021;6;All;25-49 anos;13774;30755;4;44533;144165;91811;29;236005;52361;91811;144172;0,043272508;0,027557953;0,015716657;0,027557953;0,043274609
271;AGES;08/02/21;2021;6;All;50-64 anos;6846;22240;3;29089;84301;52711;17;137029;31591;52711;84302;0,038773681;0,024244072;0,014530069;0,024244072;0,038774141
272;AGES;08/02/21;2021;6;All;65-79 anos;3701;11492;2;15195;35726;18736;17;54479;16991;18736;35727;0,021943936;0,01150819;0,01043636;0,01150819;0,02194455
273;AGES;08/02/21;2021;6;All;80 ou mais anos;14892;31537;2;46431;84344;45824;28;130196;38520;45824;84344;0,123745947;0,067231033;0,056514914;0,067231033;0,123745947
274;AGES;08/02/21;2021;6;All;Desconhecido;0;0;0;0;1;0;0;1;1;0;1;NA;NA;NA;NA;NA
275;AGES;15/02/21;2021;7;All;0-17 anos;32;16;0;48;206;91;0;297;115;91;206;0,000121056;5,35E-05;6,76E-05;5,34763E-05;0,000121056
276;AGES;15/02/21;2021;7;All;18-24 anos;2288;1728;0;4016;14429;8584;1;23014;5846;8584;14430;0,018470893;0,010988575;0,007483598;0,010988575;0,018472173
277;AGES;15/02/21;2021;7;All;25-49 anos;22193;18927;7;41127;166358;110738;36;277132;55627;110738;166365;0,04993395;0,033239073;0,016696978;0,033239073;0,049936051
278;AGES;15/02/21;2021;7;All;50-64 anos;25041;12930;2;37973;109342;65641;19;175002;43702;65641;109343;0,050291121;0,030191139;0,020100442;0,030191139;0,050291581
279;AGES;15/02/21;2021;7;All;65-79 anos;5034;7208;3;12245;40760;25944;20;66724;14817;25944;40761;0,025035963;0,01593555;0,009101027;0,01593555;0,025036577
280;AGES;15/02/21;2021;7;All;80 ou mais anos;48665;9246;2;57913;133009;55070;30;188109;77939;55070;133009;0,195145175;0,080796373;0,114348802;0,080796373;0,195145175
281;AGES;15/02/21;2021;7;All;Desconhecido;0;0;0;0;1;0;0;1;1;0;1;NA;NA;NA;NA;NA
282;AGES;22/02/21;2021;8;All;0-17 anos;21;32;0;53;227;123;0;350;104;123;227;0,000133397;7,23E-05;6,11E-05;7,22812E-05;0,000133397
283;AGES;22/02/21;2021;8;All;18-24 anos;1290;695;1;1986;15719;9279;2;25000;6441;9279;15720;0,020122252;0,01187826;0,008245272;0,01187826;0,020123532
284;AGES;22/02/21;2021;8;All;25-49 anos;11412;7258;7;18677;177770;117996;43;295809;59781;117996;177777;0,053359371;0,035417632;0,017943841;0,035417632;0,053361472
285;AGES;22/02/21;2021;8;All;50-64 anos;49722;4954;2;54678;159064;70595;21;229680;88470;70595;159065;0,073160422;0,032469698;0,040691184;0,032469698;0,073160882
286;AGES;22/02/21;2021;8;All;65-79 anos;11603;2428;2;14033;52363;28372;22;80757;23992;28372;52364;0,032162859;0,017426898;0,014736576;0,017426898;0,032163473
287;AGES;22/02/21;2021;8;All;80 ou mais anos;102615;5185;4;107804;235624;60255;34;295913;175369;60255;235624;0,34569756;0,088403586;0,257293974;0,088403586;0,34569756
288;AGES;22/02/21;2021;8;All;Desconhecido;0;0;0;0;1;0;0;1;1;0;1;NA;NA;NA;NA;NA
289;AGES;01/03/21;2021;9;All;0-17 anos;10;29;0;39;237;152;0;389;85;152;237;0,000139274;8,93E-05;5,00E-05;8,93231E-05;0,000139274
290;AGES;01/03/21;2021;9;All;18-24 anos;891;1020;1;1912;16610;10299;3;26912;6313;10299;16612;0,021262841;0,013183986;0,008081416;0,013183986;0,021265401
291;AGES;01/03/21;2021;9;All;25-49 anos;7398;9903;5;17306;185168;127899;48;313115;57282;127899;185181;0,055579952;0,038390112;0,017193742;0,038390112;0,055583854
292;AGES;01/03/21;2021;9;All;50-64 anos;30021;5943;4;35968;189085;76538;25;265648;112551;76538;189089;0,08696838;0,035203141;0,051767079;0,035203141;0,08697022
293;AGES;01/03/21;2021;9;All;65-79 anos;13146;3769;2;16917;65509;32141;24;97674;33372;32141;65513;0,04023751;0,019741926;0,020498041;0,019741926;0,040239967
294;AGES;01/03/21;2021;9;All;80 ou mais anos;87223;12797;1;100021;322847;73052;35;395934;249795;73052;322847;0,473667454;0,107178803;0,366488652;0,107178803;0,473667454
295;AGES;01/03/21;2021;9;All;Desconhecido;0;0;0;0;1;0;0;1;1;0;1;NA;NA;NA;NA;NA
296;AGES;08/03/21;2021;10;All;0-17 anos;14;25;0;39;251;177;0;428;74;177;251;0,000147501;0,000104014;4,35E-05;0,000104014;0,000147501
297;AGES;08/03/21;2021;10;All;18-24 anos;1328;638;1;1967;17938;10937;4;28879;7006;10937;17943;0,022962844;0,014000704;0,008968541;0,014000704;0,022969245
298;AGES;08/03/21;2021;10;All;25-49 anos;16021;6124;7;22152;201189;134023;55;335267;67189;134023;201212;0,060388809;0,040228289;0,020167423;0,040228289;0,060395712
299;AGES;08/03/21;2021;10;All;50-64 anos;21953;4259;1;26213;211038;80797;26;291861;130248;80797;211045;0,097065516;0,037162039;0,059906696;0,037162039;0,097068735
300;AGES;08/03/21;2021;10;All;65-79 anos;15695;3493;1;19189;81204;35634;25;116863;45578;35634;81212;0,04987783;0,021887427;0,027995317;0,021887427;0,049882744
301;AGES;08/03/21;2021;10;All;80 ou mais anos;40147;37315;3;77465;362994;110367;38;473399;252627;110367;362994;0,532569433;0,161925791;0,370643642;0,161925791;0,532569433
302;AGES;08/03/21;2021;10;All;Desconhecido;0;0;0;0;1;0;0;1;1;0;1;NA;NA;NA;NA;NA
303;AGES;15/03/21;2021;11;All;0-17 anos;2;23;0;25;253;200;0;453;53;200;253;0,000148676;0,00011753;3,11E-05;0,00011753;0,000148676
304;AGES;15/03/21;2021;11;All;18-24 anos;247;379;1;627;18185;11316;5;29506;6875;11316;18191;0,023279035;0,014485871;0,008800845;0,014485871;0,023286716
305;AGES;15/03/21;2021;11;All;25-49 anos;4373;3096;3;7472;205562;137119;58;342739;68470;137119;205589;0,061701407;0,041157583;0,020551927;0,041157583;0,061709511
306;AGES;15/03/21;2021;11;All;50-64 anos;4270;2273;3;6546;215308;83070;29;298407;132250;83070;215320;0,099029474;0,038207491;0,060827502;0,038207491;0,099034993
307;AGES;15/03/21;2021;11;All;65-79 anos;18035;6785;4;24824;99239;42419;29;141687;56832;42419;99251;0,060955445;0,026054969;0,034907847;0,026054969;0,060962816
308;AGES;15/03/21;2021;11;All;80 ou mais anos;54381;97421;8;151810;417375;207788;46;625209;209587;207788;417375;0,612354935;0,304857759;0,307497176;0,304857759;0,612354935
309;AGES;15/03/21;2021;11;All;Desconhecido;0;0;0;0;1;0;0;1;1;0;1;NA;NA;NA;NA;NA
310;AGES;22/03/21;2021;12;All;0-17 anos;26;9;0;35;279;209;0;488;70;209;279;0,000163955;0,000122819;4,11E-05;0,000122819;0,000163955
311;AGES;22/03/21;2021;12;All;18-24 anos;3114;125;0;3239;21299;11441;5;32745;9865;11441;21306;0,027265337;0,014645886;0,012628412;0,014645886;0,027274298
312;AGES;22/03/21;2021;12;All;25-49 anos;41863;1353;1;43217;247425;138472;59;385956;108983;138472;247455;0,074266988;0,041563699;0,032712293;0,041563699;0,074275993
313;AGES;22/03/21;2021;12;All;50-64 anos;34254;907;0;35161;249562;83977;29;333568;165600;83977;249577;0,114784372;0,038624659;0,076166612;0,038624659;0,114791271
314;AGES;22/03/21;2021;12;All;65-79 anos;52701;2125;0;54826;151940;44544;29;196513;107413;44544;151957;0,093325913;0,027360205;0,065976151;0,027360205;0,093336355
315;AGES;22/03/21;2021;12;All;80 ou mais anos;124540;16893;2;141435;541915;224681;48;766644;317234;224681;541915;0,795074752;0,329642454;0,465432298;0,329642454;0,795074752
316;AGES;22/03/21;2021;12;All;Desconhecido;0;0;0;0;1;0;0;1;1;0;1;NA;NA;NA;NA;NA
317;AGES;29/03/21;2021;13;All;0-17 anos;10;13;0;23;289;222;0;511;67;222;289;0,000169831;0,000130459;3,94E-05;0,000130459;0,000169831
318;AGES;29/03/21;2021;13;All;18-24 anos;536;76;1;613;21835;11517;6;33358;10325;11517;21842;0,027951483;0,014743175;0,013217269;0,014743175;0,027960444
319;AGES;29/03/21;2021;13;All;25-49 anos;4349;891;1;5241;251774;139363;60;391197;112461;139363;251824;0,075572382;0,041831142;0,033756248;0,041831142;0,07558739
320;AGES;29/03/21;2021;13;All;50-64 anos;7614;698;1;8313;257176;84675;30;341881;172524;84675;257199;0,11828638;0,0389457;0,079351259;0,0389457;0,118296959
321;AGES;29/03/21;2021;13;All;65-79 anos;88148;7275;2;95425;240088;51819;31;291938;188289;51819;240108;0,147468948;0,031828719;0,115652514;0,031828719;0,147481232
322;AGES;29/03/21;2021;13;All;80 ou mais anos;36746;75402;3;112151;578661;300083;51;878795;278578;300083;578661;0,848986928;0,440269077;0,408717851;0,440269077;0,848986928
323;AGES;29/03/21;2021;13;All;Desconhecido;0;0;0;0;1;0;0;1;1;0;1;NA;NA;NA;NA;NA
324;AGES;05/04/21;2021;14;All;0-17 anos;23;2;0;25;312;224;0;536;88;224;312;0,000183347;0,000131634;5,17E-05;0,000131634;0,000183347
325;AGES;05/04/21;2021;14;All;18-24 anos;755;133;0;888;22590;11650;6;34246;10952;11650;22602;0,028917976;0,014913432;0,014019906;0,014913432;0,028933338
326;AGES;05/04/21;2021;14;All;25-49 anos;8845;1034;0;9879;260619;140397;60;401076;120304;140397;260701;0,078227293;0,042141507;0,0361104;0,042141507;0,078251907
327;AGES;05/04/21;2021;14;All;50-64 anos;15036;831;0;15867;272212;85506;30;357748;186756;85506;272262;0,125202088;0,039327912;0,085897172;0,039327912;0,125225085
328;AGES;05/04/21;2021;14;All;65-79 anos;201321;5239;1;206561;441409;57058;32;498499;384381;57058;441439;0,27112609;0,035046663;0,236097854;0,035046663;0,271144517
329;AGES;05/04/21;2021;14;All;80 ou mais anos;30377;45829;5;76211;609038;345912;56;955006;263126;345912;609038;0,893554776;0,507507446;0,386047331;0,507507446;0,893554776
330;AGES;05/04/21;2021;14;All;Desconhecido;0;0;0;0;1;0;0;1;1;0;1;NA;NA;NA;NA;NA
331;AGES;12/04/21;2021;15;All;0-17 anos;42;3;0;45;354;227;0;581;127;227;354;0,000208029;0,000133397;7,46E-05;0,000133397;0,000208029
332;AGES;12/04/21;2021;15;All;18-24 anos;4262;76;0;4338;26852;11726;6;38584;15144;11726;26870;0,03437386;0,015010721;0,019386181;0,015010721;0,034396902
333;AGES;12/04/21;2021;15;All;25-49 anos;88854;611;1;89466;349473;141008;61;490542;208548;141008;349556;0,104897674;0,042324904;0,062597683;0,042324904;0,104922587
334;AGES;12/04/21;2021;15;All;50-64 anos;87817;478;0;88295;360029;85984;30;446043;274099;85984;360083;0,165592929;0,039547765;0,126070001;0,039547765;0,165617766
335;AGES;12/04/21;2021;15;All;65-79 anos;233848;3502;2;237352;675257;60560;34;735851;614728;60560;675288;0,41476225;0,037197692;0,3775836;0,037197692;0,414781292
336;AGES;12/04/21;2021;15;All;80 ou mais anos;10533;49478;5;60016;619571;395390;61;1015022;224181;395390;619571;0,909008348;0,580099473;0,328908875;0,580099473;0,909008348
337;AGES;12/04/21;2021;15;All;Desconhecido;0;0;0;0;1;0;0;1;1;0;1;NA;NA;NA;NA;NA
338;AGES;19/04/21;2021;16;All;0-17 anos;29;7;0;36;383;234;0;617;149;234;383;0,000225071;0,000137511;8,76E-05;0,000137511;0,000225071
339;AGES;19/04/21;2021;16;All;18-24 anos;1280;73;0;1353;28132;11799;6;39937;16351;11799;28150;0,036012417;0,01510417;0,020931289;0,01510417;0,036035459
340;AGES;19/04/21;2021;16;All;25-49 anos;10741;663;1;11405;360214;141671;62;501947;218627;141671;360298;0,108121688;0,04252391;0,065622992;0,04252391;0,108146902
341;AGES;19/04/21;2021;16;All;50-64 anos;14262;1677;2;15941;374291;87661;32;461984;286685;87661;374346;0,17215264;0,04031909;0,131858847;0,04031909;0,172177937
342;AGES;19/04/21;2021;16;All;65-79 anos;175880;13166;3;189049;851137;73726;37;924900;777444;73726;851170;0,5227928;0,045284627;0,477528442;0,045284627;0,522813069
343;AGES;19/04/21;2021;16;All;80 ou mais anos;8431;123149;11;131591;628002;518539;72;1146613;109463;518539;628002;0,921377954;0,760778474;0,160599481;0,760778474;0,921377954
344;AGES;19/04/21;2021;16;All;Desconhecido;0;0;0;0;1;0;0;1;1;0;1;NA;NA;NA;NA;NA
345;AGES;26/04/21;2021;17;All;0-17 anos;48;23;0;71;431;257;0;688;174;257;431;0,000253278;0,000151027;0,000102251;0,000151027;0,000253278
346;AGES;26/04/21;2021;17;All;18-24 anos;2590;137;0;2727;30722;11936;6;42664;18823;11936;30759;0,039327935;0,015279547;0,024095753;0,015279547;0,0393753
347;AGES;26/04/21;2021;17;All;25-49 anos;10559;787;6;11352;370773;142458;68;513299;228442;142458;370900;0,111291073;0,042760136;0,068569058;0,042760136;0,111329194
348;AGES;26/04/21;2021;17;All;50-64 anos;32757;2853;1;35611;407048;90514;33;497595;316851;90514;407365;0,187219003;0,041631309;0,145733497;0,041631309;0,187364805
349;AGES;26/04/21;2021;17;All;65-79 anos;293204;46284;4;339492;1144341;120010;41;1264392;1025360;120010;1145370;0,702887121;0,07371359;0,629805572;0,07371359;0,703519162
350;AGES;26/04/21;2021;17;All;80 ou mais anos;6154;39764;5;45923;634156;558303;77;1192536;75864;558303;634167;0,930406843;0,819118532;0,11130445;0,819118532;0,930422982
351;AGES;26/04/21;2021;17;All;Desconhecido;1;0;0;1;2;0;0;2;2;0;2;NA;NA;NA;NA;NA
352;AGES;03/05/21;2021;18;All;0-17 anos;102;11;1;114;533;268;1;802;265;268;533;0,000313219;0,000157491;0,000155728;0,000157491;0,000313219
353;AGES;03/05/21;2021;18;All;18-24 anos;1778;775;2;2555;32500;12711;8;45219;19850;12711;32561;0,041603994;0,016271642;0,025410439;0,016271642;0,041682081
354;AGES;03/05/21;2021;18;All;25-49 anos;9781;7760;2;17543;380554;150218;70;530842;230523;150218;380741;0,114226934;0,045089374;0,06919369;0,045089374;0,114283064
355;AGES;03/05/21;2021;18;All;50-64 anos;151189;14473;5;165667;558237;104987;38;663262;459210;104987;564197;0,256757372;0,048288068;0,211210566;0,048288068;0,259498634
356;AGES;03/05/21;2021;18;All;65-79 anos;202298;163898;9;366205;1346639;283908;50;1630597;1070279;283908;1354187;0,827144365;0,174384451;0,657396112;0,174384451;0,831780563
357;AGES;03/05/21;2021;18;All;80 ou mais anos;5101;31764;4;36869;639257;590067;81;1229405;49348;590067;639415;0,937890814;0,865721328;0,072401297;0,865721328;0,938122625
358;AGES;03/05/21;2021;18;All;Desconhecido;0;0;0;0;2;0;0;2;2;0;2;NA;NA;NA;NA;NA
359;AGES;10/05/21;2021;19;All;0-17 anos;151;36;0;187;684;304;1;989;380;304;684;0,000401954;0,000178646;0,000223308;0,000178646;0,000401954
360;AGES;10/05/21;2021;19;All;18-24 anos;2175;5339;2;7516;34675;18050;10;52735;16698;18050;34748;0,044388261;0,023106218;0,021375492;0,023106218;0,04448171
361;AGES;10/05/21;2021;19;All;25-49 anos;24647;99773;5;124425;405201;249991;75;655267;155478;249991;405469;0,121624968;0,075037197;0,046668213;0,075037197;0,121705411
362;AGES;10/05/21;2021;19;All;50-64 anos;166427;109323;8;275758;724664;214310;46;939020;526009;214310;740319;0,333304357;0,09857045;0,241934319;0,09857045;0,340504769
363;AGES;10/05/21;2021;19;All;65-79 anos;91506;80125;6;171637;1438145;364033;56;1802234;1089474;364033;1453507;0,883349979;0,223599528;0,669186233;0,223599528;0,892785761
364;AGES;10/05/21;2021;19;All;80 ou mais anos;3780;9977;2;13759;643037;600044;83;1243164;43352;600044;643396;0,94343667;0,88035916;0,06360422;0,88035916;0,94396338
365;AGES;10/05/21;2021;19;All;Desconhecido;0;0;0;0;2;0;0;2;2;0;2;NA;NA;NA;NA;NA
366;AGES;17/05/21;2021;20;All;0-17 anos;303;23;0;326;987;327;1;1315;660;327;987;0,000580013;0,000192162;0,00038785;0,000192162;0,000580013
367;AGES;17/05/21;2021;20;All;18-24 anos;2017;2383;2;4402;36692;20433;12;57137;16334;20433;36767;0,046970269;0,026156751;0,020909527;0,026156751;0,047066278
368;AGES;17/05/21;2021;20;All;25-49 anos;31999;21555;3;53557;437200;271546;78;708824;166031;271546;437577;0,131229775;0,081507137;0,049835798;0,081507137;0,131342935
369;AGES;17/05/21;2021;20;All;50-64 anos;224545;75331;5;299881;949209;289641;51;1238901;693411;289641;983052;0,436582327;0,133218439;0,318929749;0,133218439;0,452148188
370;AGES;17/05/21;2021;20;All;65-79 anos;41235;111548;9;152792;1479380;475581;65;1955026;1024328;475581;1499909;0,908677701;0,292115514;0,629171688;0,292115514;0,921287202
371;AGES;17/05/21;2021;20;All;80 ou mais anos;4746;8362;1;13109;647783;608406;84;1256273;40170;608406;648576;0,9503998;0,892627533;0,058935724;0,892627533;0,951563257
372;AGES;17/05/21;2021;20;All;Desconhecido;0;0;0;0;2;0;0;2;2;0;2;NA;NA;NA;NA;NA
373;AGES;24/05/21;2021;21;All;0-17 anos;277;37;0;314;1264;364;1;1629;900;364;1264;0,000742792;0,000213905;0,000528887;0,000213905;0,000742792
374;AGES;24/05/21;2021;21;All;18-24 anos;2181;3177;5;5363;38873;23610;17;62500;15352;23610;38962;0,049762217;0,030223701;0,019652447;0,030223701;0,049876148
375;AGES;24/05/21;2021;21;All;25-49 anos;25687;17988;32;43707;462887;289534;110;752531;173979;289534;463513;0,138939974;0,086906408;0,052221466;0,086906408;0,139127874
376;AGES;24/05/21;2021;21;All;50-64 anos;175056;98066;42;273164;1124265;387707;93;1512065;814380;387707;1202087;0,517098162;0,17832324;0,374568631;0,17832324;0,552891871
377;AGES;24/05/21;2021;21;All;65-79 anos;23575;202305;22;225902;1502955;677886;87;2180928;850213;677886;1528099;0,923158143;0,416377058;0,522225252;0,416377058;0,93860231
378;AGES;24/05/21;2021;21;All;80 ou mais anos;4447;6342;0;10789;652230;614748;84;1267062;38749;614748;653497;0,956924251;0,901932247;0,056850893;0,901932247;0,958783139
379;AGES;24/05/21;2021;21;All;Desconhecido;0;1;0;1;2;1;0;3;1;1;2;NA;NA;NA;NA;NA
380;AGES;31/05/21;2021;22;All;0-17 anos;265;102;0;367;1529;466;1;1996;1063;466;1529;0,00089852;0,000273846;0,000624674;0,000273846;0,00089852
381;AGES;31/05/21;2021;22;All;18-24 anos;2209;2527;2;4738;41082;26137;19;67238;15038;26137;41175;0,052590009;0,033458572;0,019250488;0,033458572;0,05270906
382;AGES;31/05/21;2021;22;All;25-49 anos;41811;23246;17;65074;504698;312780;127;817605;192879;312780;505659;0,151489947;0,093883918;0,057894482;0,093883918;0,151778401
383;AGES;31/05/21;2021;22;All;50-64 anos;163481;168170;15;331666;1287746;555877;108;1843731;859474;555877;1415351;0,592290154;0,255671906;0,395309314;0,255671906;0,65098122
384;AGES;31/05/21;2021;22;All;65-79 anos;18597;137214;25;155836;1521552;815100;112;2336764;737267;815100;1552367;0,934580955;0,500657839;0,452850574;0,500657839;0,953508413
385;AGES;31/05/21;2021;22;All;80 ou mais anos;3046;6027;4;9077;655276;620775;88;1276139;36367;620775;657142;0,961393213;0,910774806;0,053356123;0,910774806;0,964130929
386;AGES;31/05/21;2021;22;All;Desconhecido;0;0;0;0;2;1;0;3;1;1;2;NA;NA;NA;NA;NA
387;AGES;07/06/21;2021;23;All;0-17 anos;380;151;0;531;1909;617;1;2527;1293;617;1910;0,001121828;0,000362581;0,000759834;0,000362581;0,001122416
388;AGES;07/06/21;2021;23;All;18-24 anos;2711;2812;0;5523;43793;28949;19;72761;14957;28949;43906;0,056060422;0,037058278;0,019146798;0,037058278;0,056205076
389;AGES;07/06/21;2021;23;All;25-49 anos;127185;31465;8;158658;631883;344245;135;976263;290642;344245;634887;0,189665745;0,10332844;0,087238985;0,10332844;0,190567425
390;AGES;07/06/21;2021;23;All;50-64 anos;209459;138683;16;348158;1497205;694560;124;2191889;953719;694560;1648279;0,68862942;0,319458224;0,438656671;0,319458224;0,758114895
391;AGES;07/06/21;2021;23;All;65-79 anos;16043;71433;7;87483;1537595;886533;119;2424247;683989;886533;1570522;0,944435026;0,54453404;0,420125696;0,54453404;0,964659736
392;AGES;07/06/21;2021;23;All;80 ou mais anos;2751;4814;1;7566;658027;625589;89;1283705;34686;625589;660275;0,965429364;0,917837703;0,050889831;0,917837703;0,968727534
393;AGES;07/06/21;2021;23;All;Desconhecido;0;0;0;0;2;1;0;3;1;1;2;NA;NA;NA;NA;NA
394;AGES;07/06/21;2021;23;All;NA;1;0;0;1;1;0;0;1;1;0;1;NA;NA;NA;NA;NA
395;AGES;14/06/21;2021;24;All;0-17 anos;553;323;0;876;2462;940;1;3403;1525;940;2465;0,0014468;0,000552393;0,00089617;0,000552393;0,001448563
396;AGES;14/06/21;2021;24;All;18-24 anos;2750;4426;3;7179;46543;33375;22;79940;13542;33375;46917;0,05958076;0,042724102;0,017335424;0,042724102;0,060059526
397;AGES;14/06/21;2021;24;All;25-49 anos;239347;84580;13;323940;871230;428825;148;1300203;462526;428825;891351;0,261508044;0,128715938;0,138831617;0,128715938;0,267547555
398;AGES;14/06/21;2021;24;All;50-64 anos;86029;230341;23;316393;1583234;924901;147;2508282;825868;924901;1750769;0,728197882;0,425402025;0,379852459;0,425402025;0,805254484
399;AGES;14/06/21;2021;24;All;65-79 anos;10867;62370;5;73242;1548462;948903;124;2497489;633845;948903;1582748;0,95110985;0,582843486;0,38932581;0,582843486;0,972169296
400;AGES;14/06/21;2021;24;All;80 ou mais anos;2625;4740;0;7365;660652;630329;89;1291070;32844;630329;663173;0,969280653;0,92479203;0,048187327;0,92479203;0,972979357
401;AGES;14/06/21;2021;24;All;Desconhecido;0;0;0;0;2;1;0;3;1;1;2;NA;NA;NA;NA;NA
402;AGES;14/06/21;2021;24;All;NA;0;0;0;0;1;0;0;1;1;0;1;NA;NA;NA;NA;NA
403;AGES;21/06/21;2021;25;All;0-17 anos;381;274;1;656;2843;1214;2;4059;1638;1214;2852;0,001670695;0,00071341;0,000962574;0,00071341;0,001675984
404;AGES;21/06/21;2021;25;All;18-24 anos;2458;2730;1;5189;49001;36105;23;85129;13627;36105;49732;0,062727302;0,046218837;0,017444235;0,046218837;0,063663072
405;AGES;21/06/21;2021;25;All;25-49 anos;271957;54990;11;326958;1143187;483815;159;1627161;704284;483815;1188099;0,343138547;0,145221714;0,2113976;0,145221714;0,356619314
406;AGES;21/06/21;2021;25;All;50-64 anos;86356;183253;20;269629;1669590;1108154;167;2777911;744978;1108154;1853132;0,767916747;0,509688016;0,342647645;0,509688016;0,852335661
407;AGES;21/06/21;2021;25;All;65-79 anos;10293;96880;11;107184;1558755;1045783;135;2604673;549163;1045783;1594946;0,957432106;0,642349965;0,337311693;0,642349965;0,979661658
408;AGES;21/06/21;2021;25;All;80 ou mais anos;3402;4761;3;8166;664054;635090;92;1299236;31932;635090;667022;0,974271923;0,931777168;0,046849279;0,931777168;0,978626447
409;AGES;21/06/21;2021;25;All;Desconhecido;0;0;0;0;2;1;0;3;1;1;2;NA;NA;NA;NA;NA
410;AGES;21/06/21;2021;25;All;NA;0;0;0;0;1;0;0;1;1;0;1;NA;NA;NA;NA;NA
411;AGES;28/06/21;2021;26;All;0-17 anos;173;268;0;441;3016;1482;2;4500;1543;1482;3025;0,001772359;0,0008709;0,000906747;0,0008709;0,001777648
412;AGES;28/06/21;2021;26;All;18-24 anos;1759;2576;1;4336;50760;38681;24;89465;12896;38681;51577;0,064979038;0,049516434;0,016508465;0,049516434;0,066024898
413;AGES;28/06/21;2021;26;All;25-49 anos;313253;58311;17;371581;1456440;542126;176;1998742;973551;542126;1515677;0,43716444;0,162724321;0,292220674;0,162724321;0,454944994
414;AGES;28/06/21;2021;26;All;50-64 anos;59014;178124;18;237156;1728604;1286278;185;3015067;632674;1286278;1918952;0,795059841;0,591614958;0,290994172;0,591614958;0,88260913
415;AGES;28/06/21;2021;26;All;65-79 anos;9032;181795;13;190840;1567787;1227578;148;2795513;377778;1227578;1605356;0,96297982;0,754013678;0,232042102;0,754013678;0,986055779
416;AGES;28/06/21;2021;26;All;80 ou mais anos;3256;5395;1;8652;667310;640485;93;1307888;30215;640485;670700;0,979048988;0,939692484;0,044330169;0,939692484;0,984022653
417;AGES;28/06/21;2021;26;All;Desconhecido;1;0;0;1;3;1;0;4;2;1;3;NA;NA;NA;NA;NA
418;AGES;28/06/21;2021;26;All;NA;0;0;0;0;1;0;0;1;1;0;1;NA;NA;NA;NA;NA
419;AGES;05/07/21;2021;27;All;0-17 anos;385;643;0;1028;3401;2125;2;5528;1285;2125;3410;0,001998605;0,001248761;0,000755133;0,001248761;0,002003894
420;AGES;05/07/21;2021;27;All;18-24 anos;11448;4790;5;16243;62208;43471;29;105708;20988;43471;64459;0,079633885;0,055648222;0,026867219;0,055648222;0,082515441
421;AGES;05/07/21;2021;27;All;25-49 anos;366003;145572;11;511586;1822443;687698;187;2510328;1221793;687698;1909491;0,547023753;0,206419153;0,366732892;0,206419153;0,573152045
422;AGES;05/07/21;2021;27;All;50-64 anos;41151;256949;28;298128;1769755;1543227;213;3313195;423796;1543227;1967023;0,813986968;0,70979693;0,194922134;0,70979693;0,904719064
423;AGES;05/07/21;2021;27;All;65-79 anos;8126;203372;22;211520;1575913;1430950;170;3007033;183618;1430950;1614568;0,967971043;0,878930603;0,112783451;0,878930603;0,991714054
424;AGES;05/07/21;2021;27;All;80 ou mais anos;2673;5228;1;7902;669983;645713;94;1315790;27998;645713;673711;0,982970701;0,947362784;0,041077481;0,947362784;0,988440265
425;AGES;05/07/21;2021;27;All;Desconhecido;0;1;0;1;3;2;0;5;1;2;3;NA;NA;NA;NA;NA
426;AGES;05/07/21;2021;27;All;NA;0;0;0;0;1;0;0;1;1;0;1;NA;NA;NA;NA;NA
427;AGES;12/07/21;2021;28;All;0-17 anos;221;289;0;510;3622;2414;2;6038;1231;2414;3645;0,002128476;0,001418592;0,0007234;0,001418592;0,002141992
428;AGES;12/07/21;2021;28;All;18-24 anos;13856;7608;3;21467;76064;51079;32;127175;33281;51079;84360;0,097371268;0,065387397;0,04260377;0,065387397;0,107991167
429;AGES;12/07/21;2021;28;All;25-49 anos;206372;313410;39;519821;2028815;1001108;226;3030149;1209509;1001108;2210617;0,608968288;0,300492172;0,363045731;0,300492172;0,663537903
430;AGES;12/07/21;2021;28;All;50-64 anos;15262;133698;13;148973;1785017;1676925;226;3462168;316405;1676925;1993330;0,821006623;0,771290431;0,145528362;0,771290431;0,916818793
431;AGES;12/07/21;2021;28;All;65-79 anos;5467;57528;7;63002;1581380;1488478;177;3070035;133824;1488478;1622302;0,971329031;0,914265954;0,082198546;0,914265954;0,996464499
432;AGES;12/07/21;2021;28;All;80 ou mais anos;2088;3530;2;5620;672071;649243;96;1321410;27054;649243;676297;0,986034126;0,952541851;0,039692484;0,952541851;0,992234334
434;AGES;12/07/21;2021;28;All;NA;0;0;0;0;1;0;0;1;1;0;1;NA;NA;NA;NA;NA
435;AGES;19/07/21;2021;29;All;0-17 anos;216;233;0;449;3838;2647;2;6487;1225;2647;3872;0,002255409;0,001555515;0,000719874;0,001555515;0,002275389
436;AGES;19/07/21;2021;29;All;18-24 anos;19235;19289;0;38524;95299;70368;32;165699;50355;70368;120723;0,121994431;0,090079688;0,064460588;0,090079688;0,154540276
437;AGES;19/07/21;2021;29;All;25-49 anos;102883;341248;23;444154;2131698;1342356;249;3474303;1064286;1342356;2406642;0,639849608;0,402921033;0,319455655;0,402921033;0,722376688
438;AGES;19/07/21;2021;29;All;50-64 anos;10857;114495;22;125374;1795874;1791420;248;3587542;231152;1791420;2022572;0,826000227;0,82395164;0,106316815;0,82395164;0,930268455
439;AGES;19/07/21;2021;29;All;65-79 anos;7128;42339;7;49474;1588508;1530817;184;3119509;101332;1530817;1632149;0,975707254;0,940271784;0,062241026;0,940271784;1,00000000
440;AGES;19/07/21;2021;29;All;80 ou mais anos;2191;3079;1;5271;674262;652322;97;1326681;26763;652322;679085;0,989248669;0,957059229;0,039265541;0,957059229;0,99632477
442;AGES;19/07/21;2021;29;All;NA;0;0;0;0;1;0;0;1;1;0;1;NA;NA;NA;NA;NA
443;GENERAL;04/01/21;2021;1;All;All;48342;49;0;48391;83844;53;0;83897;83796;53;83849;0,008141576;5,15E-06;0,008136915;5,15E-06;0,008142061
444;GENERAL;11/01/21;2021;2;All;All;49472;1168;1;50641;133316;1221;1;134538;132100;1221;133321;0,012945498;0,000118564;0,01282742;0,000118564;0,012945983
445;GENERAL;18/01/21;2021;3;All;All;121663;32628;10;154301;254979;33849;11;288839;221135;33849;254984;0,024759445;0,003286868;0,021473062;0,003286868;0,02475993
446;GENERAL;25/01/21;2021;4;All;All;41476;45580;68;87124;296455;79429;79;375963;217032;79429;296461;0,028786924;0,007712862;0,021074645;0,007712862;0,028787507
447;GENERAL;01/02/21;2021;5;All;All;23695;37448;2;61145;320150;116877;81;437108;203283;116877;320160;0,0310878;0,011349208;0,019739564;0,011349208;0,031088771
448;GENERAL;08/02/21;2021;6;All;All;40702;99136;11;139849;360852;216013;92;576957;144849;216013;360862;0,035040121;0,020975696;0,014065397;0,020975696;0,035041092
449;GENERAL;15/02/21;2021;7;All;All;103253;50055;14;153322;464105;266068;106;730279;198047;266068;464115;0,045066386;0,025836229;0,019231128;0,025836229;0,045067357
450;GENERAL;22/02/21;2021;8;All;All;176663;20552;16;197231;640768;286620;122;927510;354158;286620;640778;0,062221045;0,027831908;0,034390108;0,027831908;0,062222016
451;GENERAL;01/03/21;2021;9;All;All;138689;33461;13;172163;779457;320081;135;1099673;459399;320081;779480;0,075688282;0,0310811;0,044609415;0,0310811;0,075690515
452;GENERAL;08/03/21;2021;10;All;All;95158;51854;13;147025;874615;371935;148;1246698;502723;371935;874658;0,084928491;0,036116323;0,048816343;0,036116323;0,084932666
453;GENERAL;15/03/21;2021;11;All;All;81308;109977;19;191304;955923;481912;167;1438002;474068;481912;955980;0,092823811;0,046795514;0,046033832;0,046795514;0,092829346
454;GENERAL;22/03/21;2021;12;All;All;256498;21412;3;277913;1212421;503324;170;1715915;709166;503324;1212490;0,117730757;0,048874702;0,068862755;0,048874702;0,117737457
455;GENERAL;29/03/21;2021;13;All;All;137403;84355;8;221766;1349824;587679;178;1937681;762245;587679;1349924;0,131073118;0,057065898;0,07401693;0,057065898;0,131082828
456;GENERAL;05/04/21;2021;14;All;All;256357;53068;6;309431;1606181;640747;184;2247112;965608;640747;1606355;0,155966372;0,062219006;0,093764262;0,062219006;0,155983268
457;GENERAL;12/04/21;2021;15;All;All;425356;54148;8;479512;2031537;694895;192;2726624;1336828;694895;2031723;0,19727008;0,067476985;0,129811156;0,067476985;0,197288142
458;GENERAL;19/04/21;2021;16;All;All;210623;138735;17;349375;2242160;833630;209;3075999;1408720;833630;2242350;0,217722386;0,080948689;0,136792147;0,080948689;0,217740836
459;GENERAL;26/04/21;2021;17;All;All;345313;89848;16;435177;2587473;923478;225;3511176;1665516;923478;2588994;0,251253611;0,089673277;0,161728029;0,089673277;0,251401306
460;GENERAL;03/05/21;2021;18;All;All;370249;218681;23;588953;2957722;1142159;248;4100129;1829477;1142159;2971636;0,287206217;0,110908045;0,177649275;0,110908045;0,28855732
461;GENERAL;10/05/21;2021;19;All;All;288686;304573;23;593282;3246408;1446732;271;4693411;1831393;1446732;3278125;0,315238741;0,140483259;0,177835326;0,140483259;0,318318585
462;GENERAL;17/05/21;2021;20;All;All;304845;219202;20;524067;3551253;1665934;291;5217478;1940936;1665934;3606870;0,344840367;0,161768619;0,188472374;0,161768619;0,350240992
463;GENERAL;24/05/21;2021;21;All;All;231223;327916;101;559240;3782476;1993850;392;5776718;1893574;1993850;3887424;0,367293012;0,193610527;0,183873341;0,193610527;0,377483868
464;GENERAL;31/05/21;2021;22;All;All;229409;337286;63;566758;4011885;2331136;455;6343476;1842089;2331136;4173225;0,389569511;0,226362299;0,178873949;0,226362299;0,405236248
465;GENERAL;07/06/21;2021;23;All;All;358530;249358;32;607920;4370415;2580494;487;6951396;1979288;2580494;4559782;0,424384158;0,250575923;0,192196501;0,250575923;0,442772424
466;GENERAL;14/06/21;2021;24;All;All;342171;386780;44;728995;4712586;2967274;531;7680391;1970152;2967274;4937426;0,457610282;0,288133753;0,19130936;0,288133753;0,479443113
467;GENERAL;21/06/21;2021;25;All;All;374847;342888;47;717782;5087433;3310162;578;8398173;2045624;3310162;5355786;0,494009372;0,321429501;0,198637982;0,321429501;0,520067483
468;GENERAL;28/06/21;2021;26;All;All;386488;426469;50;813007;5473921;3736631;628;9211180;2028660;3736631;5765291;0,531538848;0,362841286;0,196990713;0,362841286;0,559831999
469;GENERAL;05/07/21;2021;27;All;All;429786;616555;67;1046408;5903707;4353186;695;10257588;1879480;4353186;6232666;0,573272726;0,422711155;0,182504759;0,422711155;0,605215914
470;GENERAL;12/07/21;2021;28;All;All;243266;516066;64;759396;6146973;4869252;759;11016984;1721303;4869252;6590555;0,596894793;0,472823155;0,167145162;0,472823155;0,639968317
471;GENERAL;19/07/21;2021;29;All;All;142510;520683;53;663246;6289483;5389935;812;11680230;1475112;5389935;6865047;0,610733064;0,523383483;0,143239066;0,523383483;0,666622549