;TYPE;DATE;YEAR;WEEK;REGION;AGEGROUP;TOTAL_VAC_1;TOTAL_VAC_2;TOTAL_VAC_UNK;TOTAL;CUMUL_VAC_1;CUMUL_VAC_2;CUMUL_VAC_UNK;CUMUL;COVER_1_VAC;COVER;RECEIVED;DISTRIBUTED
1;REGIONAL;04/01/2021;2021;1;Outro;All;193;1;0;194;305;1;0;306;NA;NA;NA;NA
2;REGIONAL;11/01/2021;2021;2;Outro;All;52;6;0;58;357;7;0;364;NA;NA;NA;NA
3;REGIONAL;18/01/2021;2021;3;Outro;All;135;99;0;234;492;106;0;598;NA;NA;NA;NA
4;REGIONAL;25/01/2021;2021;4;Outro;All;103;178;1;282;595;284;1;880;NA;NA;NA;NA
5;REGIONAL;01/02/2021;2021;5;Outro;All;29;40;0;69;624;324;1;949;NA;NA;NA;NA
6;REGIONAL;08/02/2021;2021;6;Outro;All;69;120;0;189;693;444;1;1138;NA;NA;NA;NA
7;REGIONAL;15/02/2021;2021;7;Outro;All;147;106;1;254;840;550;2;1392;NA;NA;NA;NA
8;REGIONAL;22/02/2021;2021;8;Outro;All;73;19;0;92;913;569;2;1484;NA;NA;NA;NA
9;REGIONAL;01/03/2021;2021;9;Outro;All;55;42;0;97;968;611;2;1581;NA;NA;NA;NA
10;REGIONAL;08/03/2021;2021;10;Outro;All;280;13;0;293;1248;624;2;1874;NA;NA;NA;NA
11;REGIONAL;15/03/2021;2021;11;Outro;All;19;27;0;46;1267;651;2;1920;NA;NA;NA;NA
12;REGIONAL;22/03/2021;2021;12;Outro;All;313;5;0;318;1580;656;2;2238;NA;NA;NA;NA
13;REGIONAL;29/03/2021;2021;13;Outro;All;317;11;0;328;1897;667;2;2566;NA;NA;NA;NA
14;REGIONAL;05/04/2021;2021;14;Outro;All;60;16;0;76;1957;683;2;2642;NA;NA;NA;NA
15;REGIONAL;12/04/2021;2021;15;Outro;All;249;8;0;257;2206;691;2;2899;NA;NA;NA;NA
16;REGIONAL;19/04/2021;2021;16;Outro;All;91;25;0;116;2297;716;2;3015;NA;NA;NA;NA
17;REGIONAL;26/04/2021;2021;17;Outro;All;184;16;0;200;2481;732;2;3215;NA;NA;NA;NA
18;REGIONAL;03/05/2021;2021;18;Outro;All;111;66;0;177;2592;798;2;3392;NA;NA;NA;NA
19;REGIONAL;10/05/2021;2021;19;Outro;All;128;271;0;399;2720;1069;2;3791;NA;NA;NA;NA
20;REGIONAL;17/05/2021;2021;20;Outro;All;121;192;0;313;2841;1261;2;4104;NA;NA;NA;NA
21;REGIONAL;24/05/2021;2021;21;Outro;All;142;194;0;336;2983;1455;2;4440;NA;NA;NA;NA
22;REGIONAL;31/05/2021;2021;22;Outro;All;237;355;0;592;3220;1810;2;5032;NA;NA;NA;NA
23;REGIONAL;07/06/2021;2021;23;Outro;All;217;312;1;530;3437;2122;3;5562;NA;NA;NA;NA
24;REGIONAL;04/01/2021;2021;1;ARS Alentejo;All;3466;0;0;3466;4690;0;0;4690;0,010049498;0;NA;NA
25;REGIONAL;11/01/2021;2021;2;ARS Alentejo;All;5342;10;0;5352;10032;10;0;10042;0,021496068;2,14E-05;NA;NA
26;REGIONAL;18/01/2021;2021;3;ARS Alentejo;All;10439;1135;0;11574;20471;1145;0;21616;0,043864235;0,002453449;NA;NA
27;REGIONAL;25/01/2021;2021;4;ARS Alentejo;All;2305;3103;0;5408;22776;4248;0;27024;0,048803274;0,009102402;NA;NA
28;REGIONAL;01/02/2021;2021;5;ARS Alentejo;All;1445;4338;0;5783;24221;8586;0;32807;0,051899548;0,018397652;NA;NA
29;REGIONAL;08/02/2021;2021;6;ARS Alentejo;All;3336;8777;1;12114;27557;17363;1;44921;0,059047762;0,037204568;NA;NA
30;REGIONAL;15/02/2021;2021;7;ARS Alentejo;All;4053;2807;0;6860;31610;20170;1;51781;0,067732328;0,043219268;NA;NA
31;REGIONAL;22/02/2021;2021;8;ARS Alentejo;All;12033;1647;0;13680;43643;21817;1;65461;0,093516038;0,046748377;NA;NA
32;REGIONAL;01/03/2021;2021;9;ARS Alentejo;All;10433;2828;0;13261;54076;24645;1;78722;0,115871349;0,052808074;NA;NA
33;REGIONAL;08/03/2021;2021;10;ARS Alentejo;All;5804;1670;0;7474;59880;26315;1;86196;0,12830787;0,056386466;NA;NA
34;REGIONAL;15/03/2021;2021;11;ARS Alentejo;All;3684;7721;0;11405;63564;34036;1;97601;0,136201761;0,072930639;NA;NA
35;REGIONAL;22/03/2021;2021;12;ARS Alentejo;All;11859;2098;0;13957;75423;36134;1;111558;0,161612634;0,077426129;NA;NA
36;REGIONAL;29/03/2021;2021;13;ARS Alentejo;All;6120;6264;0;12384;81543;42398;1;123942;0,174726264;0,090848315;NA;NA
37;REGIONAL;05/04/2021;2021;14;ARS Alentejo;All;14025;4287;0;18312;95568;46685;1;142254;0,204778333;0,100034284;NA;NA
38;REGIONAL;12/04/2021;2021;15;ARS Alentejo;All;21831;2950;0;24781;117399;49635;1;167035;0,251556708;0,106355397;NA;NA
39;REGIONAL;19/04/2021;2021;16;ARS Alentejo;All;11300;5941;2;17243;128699;55576;3;184278;0,275769783;0,119085474;NA;NA
40;REGIONAL;26/04/2021;2021;17;ARS Alentejo;All;20148;2760;0;22908;148847;58336;3;207186;0,31894191;0,124999464;NA;NA
41;REGIONAL;03/05/2021;2021;18;ARS Alentejo;All;13612;14279;1;27892;162459;72615;4;235078;0,348109023;0,155595792;NA;NA
42;REGIONAL;10/05/2021;2021;19;ARS Alentejo;All;17395;15209;0;32604;179854;87824;4;267682;0,385382159;0,188184876;NA;NA
43;REGIONAL;17/05/2021;2021;20;ARS Alentejo;All;13151;12165;1;25317;193005;99989;5;292999;0,413561465;0,21425143;NA;NA
44;REGIONAL;24/05/2021;2021;21;ARS Alentejo;All;7126;18440;4;25570;200131;118429;9;318569;0,428830701;0,25376374;NA;NA
45;REGIONAL;31/05/2021;2021;22;ARS Alentejo;All;17306;7225;0;24531;217437;125654;9;343100;0,465913133;0,269245109;NA;NA
46;REGIONAL;07/06/2021;2021;23;ARS Alentejo;All;13659;15207;0;28866;231096;140861;9;371966;0,495180955;0,301829909;NA;NA
47;REGIONAL;04/01/2021;2021;1;ARS Algarve;All;1236;0;0;1236;2291;0;0;2291;0,00522575;0;NA;NA
48;REGIONAL;11/01/2021;2021;2;ARS Algarve;All;1350;3;0;1353;3641;3;0;3644;0,008305087;6,84E-06;NA;NA
49;REGIONAL;18/01/2021;2021;3;ARS Algarve;All;3385;946;0;4331;7026;949;0;7975;0,016026241;0,00216466;NA;NA
50;REGIONAL;25/01/2021;2021;4;ARS Algarve;All;2139;1220;0;3359;9165;2169;0;11334;0,02090528;0,004947469;NA;NA
51;REGIONAL;01/02/2021;2021;5;ARS Algarve;All;1202;1242;0;2444;10367;3411;0;13778;0,02364703;0,007780459;NA;NA
52;REGIONAL;08/02/2021;2021;6;ARS Algarve;All;2381;2896;1;5278;12748;6307;1;19056;0,029078069;0,014386208;NA;NA
53;REGIONAL;15/02/2021;2021;7;ARS Algarve;All;3179;2115;0;5294;15927;8422;1;24350;0,036329339;0,019210504;NA;NA
54;REGIONAL;22/02/2021;2021;8;ARS Algarve;All;8478;1065;0;9543;24405;9487;1;33893;0,055667578;0,021639759;NA;NA
55;REGIONAL;01/03/2021;2021;9;ARS Algarve;All;4618;549;0;5167;29023;10036;1;39060;0,066201193;0,022892022;NA;NA
56;REGIONAL;08/03/2021;2021;10;ARS Algarve;All;5076;1535;0;6611;34099;11571;1;45671;0,077779501;0,026393343;NA;NA
57;REGIONAL;15/03/2021;2021;11;ARS Algarve;All;2656;2994;0;5650;36755;14565;1;51321;0,083837812;0,033222629;NA;NA
58;REGIONAL;22/03/2021;2021;12;ARS Algarve;All;9357;4284;0;13641;46112;18849;1;64962;0,105181042;0,042994393;NA;NA
59;REGIONAL;29/03/2021;2021;13;ARS Algarve;All;4199;2907;0;7106;50311;21756;1;72068;0,114758922;0,049625233;NA;NA
60;REGIONAL;05/04/2021;2021;14;ARS Algarve;All;8608;1766;0;10374;58919;23522;1;82442;0,13439369;0,053653463;NA;NA
61;REGIONAL;12/04/2021;2021;15;ARS Algarve;All;13591;2142;0;15733;72510;25664;1;98175;0,165394634;0,058539345;NA;NA
62;REGIONAL;19/04/2021;2021;16;ARS Algarve;All;7179;5480;0;12659;79689;31144;1;110834;0,181769866;0,071039174;NA;NA
63;REGIONAL;26/04/2021;2021;17;ARS Algarve;All;16321;3226;0;19547;96010;34370;1;130381;0,218997915;0,07839765;NA;NA
64;REGIONAL;03/05/2021;2021;18;ARS Algarve;All;16451;8893;1;25345;112461;43263;2;155726;0,256522493;0,0986825;NA;NA
65;REGIONAL;10/05/2021;2021;19;ARS Algarve;All;9669;11263;0;20932;122130;54526;2;176658;0,278577392;0,124373298;NA;NA
66;REGIONAL;17/05/2021;2021;20;ARS Algarve;All;11917;10849;2;22768;134047;65375;4;199426;0,305759958;0,149119766;NA;NA
67;REGIONAL;24/05/2021;2021;21;ARS Algarve;All;7514;18730;7;26251;141561;84105;11;225677;0,322899322;0,191842721;NA;NA
68;REGIONAL;31/05/2021;2021;22;ARS Algarve;All;8089;12715;0;20804;149650;96820;11;246481;0,341350255;0,220845518;NA;NA
69;REGIONAL;07/06/2021;2021;23;ARS Algarve;All;16979;6256;0;23235;166629;103076;11;269716;0,380079196;0,235115395;NA;NA
70;REGIONAL;04/01/2021;2021;1;ARS Centro;All;8982;4;0;8986;15566;4;0;15570;0,009573239;2,46E-06;NA;NA
71;REGIONAL;11/01/2021;2021;2;ARS Centro;All;12616;22;0;12638;28182;26;0;28208;0,017332199;1,60E-05;NA;NA
72;REGIONAL;18/01/2021;2021;3;ARS Centro;All;36736;6288;2;43026;64918;6314;2;71234;0,03992519;0,00388317;NA;NA
73;REGIONAL;25/01/2021;2021;4;ARS Centro;All;4838;8475;2;13315;69756;14789;4;84549;0,042900606;0,009095376;NA;NA
74;REGIONAL;01/02/2021;2021;5;ARS Centro;All;2662;9147;0;11809;72418;23936;4;96358;0,044537762;0,014720869;NA;NA
75;REGIONAL;08/02/2021;2021;6;ARS Centro;All;7479;27108;4;34591;79897;51044;8;130949;0,049137418;0,031392548;NA;NA
76;REGIONAL;15/02/2021;2021;7;ARS Centro;All;25468;9956;3;35427;105365;61000;11;166376;0,064800482;0,037515583;NA;NA
77;REGIONAL;22/02/2021;2021;8;ARS Centro;All;38327;3080;1;41408;143692;64080;12;207784;0,088371953;0,039409812;NA;NA
78;REGIONAL;01/03/2021;2021;9;ARS Centro;All;28395;5883;1;34279;172087;69963;13;242063;0,105835149;0,043027913;NA;NA
79;REGIONAL;08/03/2021;2021;10;ARS Centro;All;17502;13462;0;30964;189589;83425;13;273027;0,116599046;0,051307172;NA;NA
80;REGIONAL;15/03/2021;2021;11;ARS Centro;All;16518;24095;2;40615;206107;107520;15;313642;0,126757774;0,066125827;NA;NA
81;REGIONAL;22/03/2021;2021;12;ARS Centro;All;47569;4250;0;51819;253676;111770;15;365461;0,156013164;0,068739618;NA;NA
82;REGIONAL;29/03/2021;2021;13;ARS Centro;All;24205;16641;2;40848;277881;128411;17;406309;0,17089947;0,078973992;NA;NA
83;REGIONAL;05/04/2021;2021;14;ARS Centro;All;49750;10104;0;59854;327631;138515;17;466163;0,201496195;0,085188048;NA;NA
84;REGIONAL;12/04/2021;2021;15;ARS Centro;All;77476;11914;1;89391;405107;150429;18;555554;0,249144675;0,092515272;NA;NA
85;REGIONAL;19/04/2021;2021;16;ARS Centro;All;29902;24080;6;53988;435009;174509;24;609542;0,267534691;0,107324702;NA;NA
86;REGIONAL;26/04/2021;2021;17;ARS Centro;All;56564;17827;0;74391;491573;192336;24;683933;0,302322092;0,118288478;NA;NA
87;REGIONAL;03/05/2021;2021;18;ARS Centro;All;59851;48996;1;108848;551424;241332;25;792781;0,339131028;0,148421486;NA;NA
88;REGIONAL;10/05/2021;2021;19;ARS Centro;All;50613;55504;0;106117;602037;296836;25;898898;0,370258507;0,182556976;NA;NA
89;REGIONAL;17/05/2021;2021;20;ARS Centro;All;44680;41528;5;86213;646717;338364;30;985111;0,397737134;0,208097093;NA;NA
90;REGIONAL;24/05/2021;2021;21;ARS Centro;All;24001;56119;10;80130;670718;394483;40;1065241;0,412497978;0,242610814;NA;NA
91;REGIONAL;31/05/2021;2021;22;ARS Centro;All;44086;37440;2;81528;714804;431923;42;1146769;0,439611289;0,265636772;NA;NA
92;REGIONAL;07/06/2021;2021;23;ARS Centro;All;57964;40452;0;98416;772768;472375;42;1245185;0,475259703;0,290515138;NA;NA
93;REGIONAL;04/01/2021;2021;1;ARS Lisboa e Vale do Tejo;All;12628;4;0;12632;23293;4;0;23297;0,006308305;1,08E-06;NA;NA
94;REGIONAL;11/01/2021;2021;2;ARS Lisboa e Vale do Tejo;All;13168;1100;0;14268;36461;1104;0;37565;0,009874516;0,00029899;NA;NA
95;REGIONAL;18/01/2021;2021;3;ARS Lisboa e Vale do Tejo;All;37782;9027;0;46809;74243;10131;0;84374;0,020106791;0,002743719;NA;NA
96;REGIONAL;25/01/2021;2021;4;ARS Lisboa e Vale do Tejo;All;17642;11407;0;29049;91885;21538;0;113423;0,02488467;0,005833009;NA;NA
97;REGIONAL;01/02/2021;2021;5;ARS Lisboa e Vale do Tejo;All;8621;8911;1;17533;100506;30449;1;130956;0,027219444;0,008246322;NA;NA
98;REGIONAL;08/02/2021;2021;6;ARS Lisboa e Vale do Tejo;All;14289;30357;0;44646;114795;60806;1;175602;0,031089249;0,016467728;NA;NA
99;REGIONAL;15/02/2021;2021;7;ARS Lisboa e Vale do Tejo;All;32891;19006;2;51899;147686;79812;3;227501;0,039996923;0,021615011;NA;NA
100;REGIONAL;22/02/2021;2021;8;ARS Lisboa e Vale do Tejo;All;49043;6660;0;55703;196729;86472;3;283204;0,053278948;0,023418699;NA;NA
101;REGIONAL;01/03/2021;2021;9;ARS Lisboa e Vale do Tejo;All;44764;12724;1;57489;241493;99196;4;340693;0,065402117;0,026864664;NA;NA
102;REGIONAL;08/03/2021;2021;10;ARS Lisboa e Vale do Tejo;All;32993;16455;2;49450;274486;115651;6;390143;0,074337415;0,031321074;NA;NA
103;REGIONAL;15/03/2021;2021;11;ARS Lisboa e Vale do Tejo;All;25566;28859;1;54426;300052;144510;7;444569;0,081261304;0,039136786;NA;NA
104;REGIONAL;22/03/2021;2021;12;ARS Lisboa e Vale do Tejo;All;88293;7415;2;95710;388345;151925;9;540279;0,105173173;0,041144947;NA;NA
105;REGIONAL;29/03/2021;2021;13;ARS Lisboa e Vale do Tejo;All;45097;23659;4;68760;433442;175584;13;609039;0,117386526;0,047552373;NA;NA
106;REGIONAL;05/04/2021;2021;14;ARS Lisboa e Vale do Tejo;All;86834;19349;1;106184;520276;194933;14;715223;0,140903263;0,052792548;NA;NA
107;REGIONAL;12/04/2021;2021;15;ARS Lisboa e Vale do Tejo;All;162851;14031;0;176882;683127;208964;14;892105;0,185007234;0,056592481;NA;NA
108;REGIONAL;19/04/2021;2021;16;ARS Lisboa e Vale do Tejo;All;78445;53333;3;131781;761572;262297;17;1023886;0,206252028;0,071036341;NA;NA
109;REGIONAL;26/04/2021;2021;17;ARS Lisboa e Vale do Tejo;All;106749;25259;3;132011;868321;287556;20;1155897;0,235162226;0,077877086;NA;NA
110;REGIONAL;03/05/2021;2021;18;ARS Lisboa e Vale do Tejo;All;106822;64568;5;171395;975143;352124;25;1327292;0,264092195;0,095363654;NA;NA
111;REGIONAL;10/05/2021;2021;19;ARS Lisboa e Vale do Tejo;All;89536;112090;9;201635;1064679;464214;34;1528927;0,288340699;0,125720324;NA;NA
112;REGIONAL;17/05/2021;2021;20;ARS Lisboa e Vale do Tejo;All;108885;70349;5;179239;1173564;534563;39;1708166;0,317829378;0,144772527;NA;NA
113;REGIONAL;24/05/2021;2021;21;ARS Lisboa e Vale do Tejo;All;109485;87847;43;197375;1283049;622410;82;1905541;0,347480551;0,168563609;NA;NA
114;REGIONAL;31/05/2021;2021;22;ARS Lisboa e Vale do Tejo;All;91167;85845;13;177025;1374216;708255;95;2082566;0,372170769;0,191812501;NA;NA
115;REGIONAL;07/06/2021;2021;23;ARS Lisboa e Vale do Tejo;All;150595;52812;6;203413;1524811;761067;101;2285979;0,412955519;0,206115262;NA;NA
116;REGIONAL;04/01/2021;2021;1;ARS Norte;All;16480;2;0;16482;29741;3;0;29744;0,008318374;8,39E-07;NA;NA
117;REGIONAL;11/01/2021;2021;2;ARS Norte;All;15091;21;0;15112;44832;24;0;44856;0,012539234;6,71E-06;NA;NA
118;REGIONAL;18/01/2021;2021;3;ARS Norte;All;31927;12670;1;44598;76759;12694;1;89454;0,021469019;0,003550434;NA;NA
119;REGIONAL;25/01/2021;2021;4;ARS Norte;All;14388;15409;1;29798;91147;28103;2;119252;0,025493254;0,007860236;NA;NA
120;REGIONAL;01/02/2021;2021;5;ARS Norte;All;5460;12173;0;17633;96607;40276;2;136885;0,027020382;0,011264949;NA;NA
121;REGIONAL;08/02/2021;2021;6;ARS Norte;All;8680;28606;5;37291;105287;68882;7;174176;0,029448125;0,019265871;NA;NA
122;REGIONAL;15/02/2021;2021;7;ARS Norte;All;32871;15021;3;47895;138158;83903;10;222071;0,038641941;0,023467152;NA;NA
123;REGIONAL;22/02/2021;2021;8;ARS Norte;All;64599;4226;1;68826;202757;88129;11;290897;0,056709883;0,024649138;NA;NA
124;REGIONAL;01/03/2021;2021;9;ARS Norte;All;47733;6942;0;54675;250490;95071;11;345572;0,070060509;0,026590773;NA;NA
125;REGIONAL;08/03/2021;2021;10;ARS Norte;All;25231;13851;0;39082;275721;108922;11;384654;0,077117464;0,030464812;NA;NA
126;REGIONAL;15/03/2021;2021;11;ARS Norte;All;26553;42159;4;68716;302274;151081;15;453370;0,084544175;0,042256424;NA;NA
127;REGIONAL;22/03/2021;2021;12;ARS Norte;All;88378;2156;0;90534;390652;153237;15;543904;0,109262956;0,042859444;NA;NA
128;REGIONAL;29/03/2021;2021;13;ARS Norte;All;53705;32481;1;86187;444357;185718;16;630091;0,124283914;0,05194418;NA;NA
129;REGIONAL;05/04/2021;2021;14;ARS Norte;All;81998;13429;2;95429;526355;199147;18;725520;0,147218249;0,055700188;NA;NA
130;REGIONAL;12/04/2021;2021;15;ARS Norte;All;135256;18988;1;154245;661611;218135;19;879765;0,185048518;0,061011015;NA;NA
131;REGIONAL;19/04/2021;2021;16;ARS Norte;All;64514;46215;0;110729;726125;264350;19;990494;0,203092687;0,073937066;NA;NA
132;REGIONAL;26/04/2021;2021;17;ARS Norte;All;125793;36479;0;162272;851918;300829;19;1152766;0,238276213;0,084140017;NA;NA
133;REGIONAL;03/05/2021;2021;18;ARS Norte;All;154465;72704;2;227171;1006383;373533;21;1379937;0,281479122;0,104474878;NA;NA
134;REGIONAL;10/05/2021;2021;19;ARS Norte;All;99065;100314;7;199386;1105448;473847;28;1579323;0,309186992;0,132532085;NA;NA
135;REGIONAL;17/05/2021;2021;20;ARS Norte;All;109609;70391;6;180006;1215057;544238;34;1759329;0,339843953;0,152220014;NA;NA
136;REGIONAL;24/05/2021;2021;21;ARS Norte;All;72146;127878;15;200039;1287203;672116;49;1959368;0,360022745;0,187986702;NA;NA
137;REGIONAL;31/05/2021;2021;22;ARS Norte;All;54212;171085;34;225331;1341415;843201;83;2184699;0,375185507;0,235838122;NA;NA
138;REGIONAL;07/06/2021;2021;23;ARS Norte;All;104779;105194;11;209984;1446194;948395;94;2394683;0,404491547;0,265260236;NA;NA
139;REGIONAL;04/01/2021;2021;1;RA_Madeira;All;1723;0;0;1723;2363;0;0;2363;0,009293856;0;NA;NA
140;REGIONAL;11/01/2021;2021;2;RA_Madeira;All;1760;0;0;1760;4123;0;0;4123;0,016216067;0;NA;NA
141;REGIONAL;18/01/2021;2021;3;RA_Madeira;All;1078;538;0;1616;5201;538;0;5739;0,020455922;0,002115994;NA;NA
142;REGIONAL;25/01/2021;2021;4;RA_Madeira;All;408;1631;0;2039;5609;2169;0;7778;0,022060617;0,008530839;NA;NA
143;REGIONAL;01/02/2021;2021;5;RA_Madeira;All;2232;1521;0;3753;7841;3690;0;11531;0,03083924;0,014513046;NA;NA
144;REGIONAL;08/02/2021;2021;6;RA_Madeira;All;3160;1086;0;4246;11001;4776;0;15777;0,043267756;0,018784365;NA;NA
145;REGIONAL;15/02/2021;2021;7;RA_Madeira;All;2496;638;0;3134;13497;5414;0;18911;0,053084711;0,021293667;NA;NA
146;REGIONAL;22/02/2021;2021;8;RA_Madeira;All;2257;2156;0;4413;15754;7570;0;23324;0,06196166;0,029773376;NA;NA
147;REGIONAL;01/03/2021;2021;9;RA_Madeira;All;1432;3116;0;4548;17186;10686;0;27872;0,067593823;0,042028837;NA;NA
148;REGIONAL;08/03/2021;2021;10;RA_Madeira;All;4889;2399;0;7288;22075;13085;0;35160;0,086822626;0,051464284;NA;NA
149;REGIONAL;15/03/2021;2021;11;RA_Madeira;All;3105;2350;0;5455;25180;15435;0;40615;0,099034823;0,06070701;NA;NA
150;REGIONAL;22/03/2021;2021;12;RA_Madeira;All;5275;181;0;5456;30455;15616;0;46071;0,119781793;0,061418896;NA;NA
151;REGIONAL;29/03/2021;2021;13;RA_Madeira;All;1205;1260;0;2465;31660;16876;0;48536;0,124521148;0,06637457;NA;NA
152;REGIONAL;05/04/2021;2021;14;RA_Madeira;All;10215;1301;0;11516;41875;18177;0;60052;0,164697507;0,071491501;NA;NA
153;REGIONAL;12/04/2021;2021;15;RA_Madeira;All;8430;1299;0;9729;50305;19476;0;69781;0,197853328;0,076600565;NA;NA
154;REGIONAL;19/04/2021;2021;16;RA_Madeira;All;9813;2128;0;11941;60118;21604;0;81722;0,236448591;0,084970148;NA;NA
155;REGIONAL;26/04/2021;2021;17;RA_Madeira;All;8824;802;0;9626;68942;22406;0;91348;0,271154043;0,088124474;NA;NA
156;REGIONAL;03/05/2021;2021;18;RA_Madeira;All;7607;5287;0;12894;76549;27693;0;104242;0,301072943;0,10891864;NA;NA
157;REGIONAL;10/05/2021;2021;19;RA_Madeira;All;11600;6433;0;18033;88149;34126;0;122275;0,34669661;0,134220111;NA;NA
158;REGIONAL;17/05/2021;2021;20;RA_Madeira;All;2328;7612;0;9940;90477;41738;0;132215;0,355852809;0,164158676;NA;NA
159;REGIONAL;24/05/2021;2021;21;RA_Madeira;All;3437;8972;0;12409;93914;50710;0;144624;0,369370787;0,199446223;NA;NA
160;REGIONAL;31/05/2021;2021;22;RA_Madeira;All;7557;10932;0;18489;101471;61642;0;163113;0,399093033;0,242442597;NA;NA
161;REGIONAL;07/06/2021;2021;23;RA_Madeira;All;3591;15296;0;18887;105062;76938;0;182000;0,413216705;0,302602909;NA;NA
162;REGIONAL;04/01/2021;2021;1;RA_Acores;All;3500;2;0;3502;5433;2;0;5435;0,02237681;8,24E-06;NA;NA
163;REGIONAL;11/01/2021;2021;2;RA_Acores;All;1;0;0;1;5434;2;0;5436;0,022380929;8,24E-06;NA;NA
164;REGIONAL;18/01/2021;2021;3;RA_Acores;All;25;1883;0;1908;5459;1885;0;7344;0,022483896;0,007763719;NA;NA
165;REGIONAL;25/01/2021;2021;4;RA_Acores;All;271;3435;0;3706;5730;5320;0;11050;0,023600059;0,021911399;NA;NA
166;REGIONAL;01/02/2021;2021;5;RA_Acores;All;1860;17;0;1877;7590;5337;0;12927;0,031260812;0,021981416;NA;NA
167;REGIONAL;08/02/2021;2021;6;RA_Acores;All;1052;1;0;1053;8642;5338;0;13980;0,035593667;0,021985535;NA;NA
168;REGIONAL;15/02/2021;2021;7;RA_Acores;All;2057;322;0;2379;10699;5660;0;16359;0,0440658;0,023311751;NA;NA
169;REGIONAL;22/02/2021;2021;8;RA_Acores;All;1466;1615;0;3081;12165;7275;0;19440;0,050103791;0,029963426;NA;NA
170;REGIONAL;01/03/2021;2021;9;RA_Acores;All;752;1162;0;1914;12917;8437;0;21354;0,053201041;0,034749337;NA;NA
171;REGIONAL;08/03/2021;2021;10;RA_Acores;All;2611;2052;0;4663;15528;10489;0;26017;0,063954925;0,043200876;NA;NA
172;REGIONAL;15/03/2021;2021;11;RA_Acores;All;2522;1438;0;3960;18050;11927;0;29977;0,074342246;0,049123544;NA;NA
173;REGIONAL;22/03/2021;2021;12;RA_Acores;All;4110;724;0;4834;22160;12651;0;34811;0,091270037;0,052105471;NA;NA
174;REGIONAL;29/03/2021;2021;13;RA_Acores;All;1964;758;0;2722;24124;13409;0;37533;0,099359133;0,055227434;NA;NA
175;REGIONAL;05/04/2021;2021;14;RA_Acores;All;3870;2345;0;6215;27994;15754;0;43748;0,11529844;0,064885748;NA;NA
176;REGIONAL;12/04/2021;2021;15;RA_Acores;All;4220;2404;0;6624;32214;18158;0;50372;0,132679286;0,074787064;NA;NA
177;REGIONAL;19/04/2021;2021;16;RA_Acores;All;7961;1056;0;9017;40175;19214;0;59389;0,16546813;0,079136394;NA;NA
178;REGIONAL;26/04/2021;2021;17;RA_Acores;All;9244;2949;2;12195;49419;22163;2;71584;0,203541245;0,091282393;NA;NA
179;REGIONAL;03/05/2021;2021;18;RA_Acores;All;9693;2824;0;12517;59112;24987;2;84101;0,243463648;0,102913557;NA;NA
180;REGIONAL;10/05/2021;2021;19;RA_Acores;All;8643;2245;0;10888;67755;27232;2;94989;0,279061434;0,112160003;NA;NA
181;REGIONAL;17/05/2021;2021;20;RA_Acores;All;11199;4765;0;15964;78954;31997;2;110953;0,325186576;0,131785532;NA;NA
182;REGIONAL;24/05/2021;2021;21;RA_Acores;All;5339;8104;3;13446;84293;40101;5;124399;0,34717623;0,165163347;NA;NA
183;REGIONAL;31/05/2021;2021;22;RA_Acores;All;5419;9304;2;14725;89712;49405;7;139124;0,369495379;0,203483583;NA;NA
184;REGIONAL;07/06/2021;2021;23;RA_Acores;All;7002;10450;1;17453;96714;59855;8;156577;0,398334404;0,246523831;NA;NA
185;AGES;04/01/2021;2021;1;All;0-17 anos;4;0;0;4;4;0;0;4;2,33E-06;0;NA;NA
186;AGES;04/01/2021;2021;1;All;18-24 anos;1782;1;0;1783;3137;1;0;3138;0,004044084;1,29E-06;NA;NA
187;AGES;04/01/2021;2021;1;All;25-49 anos;27428;5;0;27433;51148;6;0;51154;0,015219661;1,79E-06;NA;NA
188;AGES;04/01/2021;2021;1;All;50-64 anos;12946;4;0;12950;22134;4;0;22138;0,010237359;1,85E-06;NA;NA
189;AGES;04/01/2021;2021;1;All;65-79 anos;2283;1;0;2284;3229;1;0;3230;0,002012388;6,23E-07;NA;NA
190;AGES;04/01/2021;2021;1;All;80 ou mais anos;3764;2;0;3766;4029;2;0;4031;0,005961267;2,96E-06;NA;NA
191;AGES;04/01/2021;2021;1;All;Desconhecido;1;0;0;1;1;0;0;1;NA;NA;NA;NA
192;AGES;11/01/2021;2021;2;All;0-17 anos;15;0;0;15;19;0;0;19;1,11E-05;0;NA;NA
193;AGES;11/01/2021;2021;2;All;18-24 anos;1395;55;0;1450;4532;56;0;4588;0,005842457;7,22E-05;NA;NA
194;AGES;11/01/2021;2021;2;All;25-49 anos;16335;779;0;17114;67483;785;0;68268;0,020080324;0,000233586;NA;NA
195;AGES;11/01/2021;2021;2;All;50-64 anos;11655;301;0;11956;33789;305;0;34094;0,015627999;0,000141068;NA;NA
196;AGES;11/01/2021;2021;2;All;65-79 anos;5512;27;0;5539;8741;28;0;8769;0,005447596;1,75E-05;NA;NA
197;AGES;11/01/2021;2021;2;All;80 ou mais anos;14468;0;0;14468;18497;2;0;18499;0,027367973;2,96E-06;NA;NA
198;AGES;11/01/2021;2021;2;All;Desconhecido;0;0;0;0;0;0;0;0;NA;NA;NA;NA
199;AGES;18/01/2021;2021;3;All;0-17 anos;69;0;0;69;88;0;0;88;5,13E-05;0;NA;NA
200;AGES;18/01/2021;2021;3;All;18-24 anos;3806;1191;0;4997;8338;1247;0;9585;0,010748987;0,001607578;NA;NA
201;AGES;18/01/2021;2021;3;All;25-49 anos;37303;21706;2;59011;104786;22491;2;127279;0,03118025;0,006692449;NA;NA
202;AGES;18/01/2021;2021;3;All;50-64 anos;27336;8527;1;35864;61125;8832;1;69958;0,028271374;0,004084953;NA;NA
203;AGES;18/01/2021;2021;3;All;65-79 anos;14011;904;0;14915;22752;932;0;23684;0,014179579;0,000580844;NA;NA
204;AGES;18/01/2021;2021;3;All;80 ou mais anos;38982;258;0;39240;57479;260;0;57739;0,085045342;0,000384693;NA;NA
205;AGES;18/01/2021;2021;3;All;Desconhecido;0;0;0;0;0;0;0;0;NA;NA;NA;NA
206;AGES;25/01/2021;2021;4;All;0-17 anos;14;3;0;17;102;3;0;105;5,94E-05;1,75E-06;NA;NA
207;AGES;25/01/2021;2021;4;All;18-24 anos;1420;1570;0;2990;9758;2817;0;12575;0,012579589;0,003631554;NA;NA
208;AGES;25/01/2021;2021;4;All;25-49 anos;15955;25611;4;41570;120741;48102;6;168849;0,035927839;0,01431329;NA;NA
209;AGES;25/01/2021;2021;4;All;50-64 anos;10902;12162;0;23064;72027;20994;1;93022;0,033313738;0,009710089;NA;NA
210;AGES;25/01/2021;2021;4;All;65-79 anos;6450;2129;0;8579;29202;3061;0;32263;0,01819937;0,001907687;NA;NA
211;AGES;25/01/2021;2021;4;All;80 ou mais anos;7353;3383;0;10736;64832;3643;0;68475;0,095924766;0,005390146;NA;NA
212;AGES;25/01/2021;2021;4;All;Desconhecido;0;0;0;0;0;0;0;0;NA;NA;NA;NA
213;AGES;01/02/2021;2021;5;All;0-17 anos;34;1;0;35;136;4;0;140;7,92E-05;2,33E-06;NA;NA
214;AGES;01/02/2021;2021;5;All;18-24 anos;968;933;0;1901;10726;3750;0;14476;0,013827493;0,004834337;NA;NA
215;AGES;01/02/2021;2021;5;All;25-49 anos;9869;12485;0;22354;130610;60587;6;191203;0,038864471;0,018028342;NA;NA
216;AGES;01/02/2021;2021;5;All;50-64 anos;5470;9183;1;14654;77497;30177;2;107676;0,035843708;0,013957386;NA;NA
217;AGES;01/02/2021;2021;5;All;65-79 anos;2656;4157;0;6813;31858;7218;0;39076;0,019854652;0,004498427;NA;NA
218;AGES;01/02/2021;2021;5;All;80 ou mais anos;4514;10630;0;15144;69346;14273;0;83619;0,102603634;0,021118185;NA;NA
219;AGES;01/02/2021;2021;5;All;Desconhecido;0;0;0;0;0;0;0;0;NA;NA;NA;NA
220;AGES;08/02/2021;2021;6;All;0-17 anos;37;67;0;104;173;71;0;244;0,000100754;4,13E-05;NA;NA
221;AGES;08/02/2021;2021;6;All;18-24 anos;1453;3040;0;4493;12179;6790;0;18969;0,015700637;0,008753373;NA;NA
222;AGES;08/02/2021;2021;6;All;25-49 anos;13709;30719;5;44433;144319;91306;11;235636;0,042943737;0,027169125;NA;NA
223;AGES;08/02/2021;2021;6;All;50-64 anos;6791;22176;1;28968;84288;52353;3;136644;0,038984663;0,024214171;NA;NA
224;AGES;08/02/2021;2021;6;All;65-79 anos;3633;11450;3;15086;35491;18668;3;54162;0,022118823;0,011634335;NA;NA
225;AGES;08/02/2021;2021;6;All;80 ou mais anos;14823;31499;2;46324;84169;45772;2;129943;0,124535594;0,067723784;NA;NA
226;AGES;08/02/2021;2021;6;All;Desconhecido;0;0;0;0;0;0;0;0;NA;NA;NA;NA
227;AGES;15/02/2021;2021;7;All;0-17 anos;30;16;0;46;203;87;0;290;0,000118226;5,07E-05;NA;NA
228;AGES;15/02/2021;2021;7;All;18-24 anos;2309;1730;0;4039;14488;8520;0;23008;0,0186773;0,010983614;NA;NA
229;AGES;15/02/2021;2021;7;All;25-49 anos;22200;18912;4;41116;166519;110218;15;276752;0,049549596;0,032796602;NA;NA
230;AGES;15/02/2021;2021;7;All;50-64 anos;25014;12893;1;37908;109302;65246;4;174552;0,050554073;0,030177408;NA;NA
231;AGES;15/02/2021;2021;7;All;65-79 anos;5001;7186;2;12189;40492;25854;5;66351;0,025235563;0,016112818;NA;NA
232;AGES;15/02/2021;2021;7;All;80 ou mais anos;48608;9234;2;57844;132777;55006;4;187787;0,196455495;0,081386316;NA;NA
233;AGES;15/02/2021;2021;7;All;Desconhecido;0;0;0;0;0;0;0;0;NA;NA;NA;NA
234;AGES;22/02/2021;2021;8;All;0-17 anos;21;32;0;53;224;119;0;343;0,000130456;6,93E-05;NA;NA
235;AGES;22/02/2021;2021;8;All;18-24 anos;1262;692;0;1954;15750;9212;0;24962;0,020304215;0,01187571;NA;NA
236;AGES;22/02/2021;2021;8;All;25-49 anos;11263;7231;1;18495;177782;117449;16;295247;0,052901028;0,034948267;NA;NA
237;AGES;22/02/2021;2021;8;All;50-64 anos;49663;4925;1;54589;158965;70171;5;229141;0,073524072;0,032455306;NA;NA
238;AGES;22/02/2021;2021;8;All;65-79 anos;11550;2404;0;13954;52042;28258;5;80305;0,032433793;0,017611048;NA;NA
239;AGES;22/02/2021;2021;8;All;80 ou mais anos;102517;5184;0;107701;235294;60190;4;295488;0,348138602;0,08905651;NA;NA
240;AGES;22/02/2021;2021;8;All;Desconhecido;0;0;0;0;0;0;0;0;NA;NA;NA;NA
241;AGES;01/03/2021;2021;9;All;0-17 anos;8;28;0;36;232;147;0;379;0,000135115;8,56E-05;NA;NA
242;AGES;01/03/2021;2021;9;All;18-24 anos;881;1021;0;1902;16631;10233;0;26864;0,021439962;0,013191939;NA;NA
243;AGES;01/03/2021;2021;9;All;25-49 anos;7209;9846;0;17055;184991;127295;16;312302;0,055046147;0,037878055;NA;NA
244;AGES;01/03/2021;2021;9;All;50-64 anos;29907;5907;1;35815;188872;76078;6;264956;0,087356579;0,035187396;NA;NA
245;AGES;01/03/2021;2021;9;All;65-79 anos;13038;3723;0;16761;65080;31981;5;97066;0,04055938;0,019931308;NA;NA
246;AGES;01/03/2021;2021;9;All;80 ou mais anos;87139;12721;1;99861;322433;72911;5;395349;0,477068578;0,107878372;NA;NA
247;AGES;01/03/2021;2021;9;All;Desconhecido;0;0;0;0;0;0;0;0;NA;NA;NA;NA
248;AGES;08/03/2021;2021;10;All;0-17 anos;12;24;0;36;244;171;0;415;0,000142104;9,96E-05;NA;NA
249;AGES;08/03/2021;2021;10;All;18-24 anos;1306;627;0;1933;17937;10860;0;28797;0,0231236;0,01400024;NA;NA
250;AGES;08/03/2021;2021;10;All;25-49 anos;15783;5919;0;21702;200774;133214;16;334004;0,059742556;0,03963932;NA;NA
251;AGES;08/03/2021;2021;10;All;50-64 anos;21754;4166;0;25920;210626;80244;6;290876;0,097418182;0,037114243;NA;NA
252;AGES;08/03/2021;2021;10;All;65-79 anos;15463;3460;0;18923;80543;35441;5;115989;0,050196284;0,022087661;NA;NA
253;AGES;08/03/2021;2021;10;All;80 ou mais anos;40068;37241;2;77311;362501;110152;7;472660;0,536352782;0,162979775;NA;NA
254;AGES;08/03/2021;2021;10;All;Desconhecido;0;0;0;0;0;0;0;0;NA;NA;NA;NA
255;AGES;15/03/2021;2021;11;All;0-17 anos;1;23;0;24;245;194;0;439;0,000142687;0,000112984;NA;NA
256;AGES;15/03/2021;2021;11;All;18-24 anos;227;369;1;597;18164;11229;1;29394;0,023416239;0,014475939;NA;NA
257;AGES;15/03/2021;2021;11;All;25-49 anos;4085;2957;0;7042;204859;136171;16;341046;0,060958094;0,040519209;NA;NA
258;AGES;15/03/2021;2021;11;All;50-64 anos;4042;2240;0;6282;214668;82484;6;297158;0,099287677;0,038150282;NA;NA
259;AGES;15/03/2021;2021;11;All;65-79 anos;17937;6737;2;24676;98480;42178;7;140665;0,061375043;0,026286318;NA;NA
260;AGES;15/03/2021;2021;11;All;80 ou mais anos;54331;97317;4;151652;416832;207469;11;624312;0,616740375;0,306969016;NA;NA
261;AGES;15/03/2021;2021;11;All;Desconhecido;0;0;0;0;0;0;0;0;NA;NA;NA;NA
262;AGES;22/03/2021;2021;12;All;0-17 anos;24;7;0;31;269;201;0;470;0,000156664;0,000117061;NA;NA
263;AGES;22/03/2021;2021;12;All;18-24 anos;3105;113;0;3218;21269;11342;1;32612;0,02741907;0,014621613;NA;NA
264;AGES;22/03/2021;2021;12;All;25-49 anos;41398;1190;0;42588;246257;137361;16;383634;0,073276533;0,040873306;NA;NA
265;AGES;22/03/2021;2021;12;All;50-64 anos;33740;867;0;34607;248408;83351;6;331765;0,114893013;0,038551285;NA;NA
266;AGES;22/03/2021;2021;12;All;65-79 anos;52397;2079;0;54476;150877;44257;7;195141;0,094030081;0,027581999;NA;NA
267;AGES;22/03/2021;2021;12;All;80 ou mais anos;124490;16857;2;141349;541322;224326;13;765661;0,800934509;0,331910461;NA;NA
268;AGES;22/03/2021;2021;12;All;Desconhecido;0;0;0;0;0;0;0;0;NA;NA;NA;NA
269;AGES;29/03/2021;2021;13;All;0-17 anos;7;12;0;19;276;213;0;489;0,000160741;0,00012405;NA;NA
270;AGES;29/03/2021;2021;13;All;18-24 anos;619;64;1;684;21888;11406;2;33296;0,028217058;0,014704119;NA;NA
271;AGES;29/03/2021;2021;13;All;25-49 anos;4193;738;1;4932;250450;138099;17;388566;0,074524207;0,041092907;NA;NA
272;AGES;29/03/2021;2021;13;All;50-64 anos;7451;649;1;8101;255859;84000;7;339866;0,11833923;0,038851458;NA;NA
273;AGES;29/03/2021;2021;13;All;65-79 anos;87823;7219;1;95043;238700;51476;8;290184;0,148763431;0,032081049;NA;NA
274;AGES;29/03/2021;2021;13;All;80 ou mais anos;36719;75299;3;112021;578041;299625;16;877682;0,855263567;0,443322093;NA;NA
275;AGES;29/03/2021;2021;13;All;Desconhecido;0;0;0;0;0;0;0;0;NA;NA;NA;NA
276;AGES;05/04/2021;2021;14;All;0-17 anos;14;1;0;15;290;214;0;504;0,000168894;0,000124632;NA;NA
277;AGES;05/04/2021;2021;14;All;18-24 anos;709;105;0;814;22597;11511;2;34110;0,02913107;0,014839481;NA;NA
278;AGES;05/04/2021;2021;14;All;25-49 anos;8493;861;0;9354;258943;138960;17;397920;0,077051394;0,041349107;NA;NA
279;AGES;05/04/2021;2021;14;All;50-64 anos;14840;747;0;15587;270699;84747;7;355453;0,125202987;0,039196959;NA;NA
280;AGES;05/04/2021;2021;14;All;65-79 anos;200945;5142;0;206087;439645;56618;8;496271;0,273997062;0,035285664;NA;NA
281;AGES;05/04/2021;2021;14;All;80 ou mais anos;30359;45741;3;76103;608400;345366;19;953785;0,900182433;0,51100001;NA;NA
282;AGES;05/04/2021;2021;14;All;Desconhecido;0;0;0;0;0;0;0;0;NA;NA;NA;NA
283;AGES;12/04/2021;2021;15;All;0-17 anos;37;2;0;39;327;216;0;543;0,000190443;0,000125797;NA;NA
284;AGES;12/04/2021;2021;15;All;18-24 anos;4241;55;0;4296;26838;11566;2;38406;0,034598383;0,014910384;NA;NA
285;AGES;12/04/2021;2021;15;All;25-49 anos;88700;478;0;89178;347643;139438;17;487098;0,103445075;0,041491341;NA;NA
286;AGES;12/04/2021;2021;15;All;50-64 anos;87581;393;0;87974;358280;85140;7;443427;0,16571072;0,039378728;NA;NA
287;AGES;12/04/2021;2021;15;All;65-79 anos;232858;3413;1;236272;672503;60031;9;732543;0,419119622;0,037412725;NA;NA
288;AGES;12/04/2021;2021;15;All;80 ou mais anos;10487;49395;1;59883;618887;394761;20;1013668;0,915698892;0,584084348;NA;NA
289;AGES;12/04/2021;2021;15;All;Desconhecido;0;0;0;0;0;0;0;0;NA;NA;NA;NA
290;AGES;19/04/2021;2021;16;All;0-17 anos;20;4;0;24;347;220;0;567;0,000202091;0,000128127;NA;NA
291;AGES;19/04/2021;2021;16;All;18-24 anos;1260;56;0;1316;28098;11622;2;39722;0,03622272;0,014982577;NA;NA
292;AGES;19/04/2021;2021;16;All;25-49 anos;10317;499;0;10816;357960;139937;17;497914;0,106515014;0,041639824;NA;NA
293;AGES;19/04/2021;2021;16;All;50-64 anos;13939;1570;0;15509;372219;86710;7;458936;0,17215775;0,04010488;NA;NA
294;AGES;19/04/2021;2021;16;All;65-79 anos;175259;13077;2;188338;847762;73108;11;920881;0,528345136;0,045562618;NA;NA
295;AGES;19/04/2021;2021;16;All;80 ou mais anos;8410;123052;9;131471;627297;517813;29;1145139;0,928142242;0,766150832;NA;NA
296;AGES;19/04/2021;2021;16;All;Desconhecido;0;0;0;0;0;0;0;0;NA;NA;NA;NA
297;AGES;26/04/2021;2021;17;All;0-17 anos;43;14;0;57;390;234;0;624;0,000227134;0,00013628;NA;NA
298;AGES;26/04/2021;2021;17;All;18-24 anos;2616;79;0;2695;30714;11701;2;42417;0,039595153;0,01508442;NA;NA
299;AGES;26/04/2021;2021;17;All;25-49 anos;10049;625;1;10675;368009;140562;18;508589;0,109505206;0,0418258;NA;NA
300;AGES;26/04/2021;2021;17;All;50-64 anos;32371;2758;0;35129;404590;89468;7;494065;0,187129899;0,041380503;NA;NA
301;AGES;26/04/2021;2021;17;All;65-79 anos;292629;46136;0;338765;1140391;119244;11;1259646;0,710718383;0,074315654;NA;NA
302;AGES;26/04/2021;2021;17;All;80 ou mais anos;6119;39706;4;45829;633416;557519;33;1190968;0,937195852;0,824899425;NA;NA
303;AGES;26/04/2021;2021;17;All;Desconhecido;0;0;0;0;0;0;0;0;NA;NA;NA;NA
304;AGES;03/05/2021;2021;18;All;0-17 anos;98;8;0;106;488;242;0;730;0,000284208;0,000140939;NA;NA
305;AGES;03/05/2021;2021;18;All;18-24 anos;1719;718;0;2437;32433;12419;2;44854;0,041811213;0,016010035;NA;NA
306;AGES;03/05/2021;2021;18;All;25-49 anos;9186;7438;0;16624;377195;148000;18;525213;0,112238604;0,04403906;NA;NA
307;AGES;03/05/2021;2021;18;All;50-64 anos;150628;14263;0;164891;555218;103731;7;658956;0,256797965;0,047977388;NA;NA
308;AGES;03/05/2021;2021;18;All;65-79 anos;201889;163467;7;365363;1342280;282711;18;1625009;0,836540337;0,176192117;NA;NA
309;AGES;03/05/2021;2021;18;All;80 ou mais anos;5092;31723;3;36818;638508;589242;36;1227786;0,944729923;0,871836452;NA;NA
310;AGES;03/05/2021;2021;18;All;Desconhecido;0;0;0;0;0;0;0;0;NA;NA;NA;NA
311;AGES;10/05/2021;2021;19;All;0-17 anos;131;31;0;162;619;273;0;892;0,000360502;0,000158994;NA;NA
312;AGES;10/05/2021;2021;19;All;18-24 anos;2090;5312;2;7404;34523;17731;4;52258;0,04450555;0,022858034;NA;NA
313;AGES;10/05/2021;2021;19;All;25-49 anos;23793;99356;4;123153;400988;247356;22;648366;0,119318478;0,073603553;NA;NA
314;AGES;10/05/2021;2021;19;All;50-64 anos;165631;108892;5;274528;720849;212623;12;933484;0,333405178;0,098341829;NA;NA
315;AGES;10/05/2021;2021;19;All;65-79 anos;91240;79810;3;171053;1433520;362521;21;1796062;0,893403242;0,225931579;NA;NA
316;AGES;10/05/2021;2021;19;All;80 ou mais anos;3764;9928;2;13694;642272;599170;38;1241480;0,950299099;0,88652582;NA;NA
317;AGES;10/05/2021;2021;19;All;Desconhecido;0;0;0;0;0;0;0;0;NA;NA;NA;NA
318;AGES;17/05/2021;2021;20;All;0-17 anos;272;16;0;288;891;289;0;1180;0,000518913;0,000168312;NA;NA
319;AGES;17/05/2021;2021;20;All;18-24 anos;1911;2385;2;4298;36434;20116;6;56556;0,046969129;0,025932673;NA;NA
320;AGES;17/05/2021;2021;20;All;25-49 anos;30785;21089;2;51876;431773;268445;24;700242;0,1284789;0,079878821;NA;NA
321;AGES;17/05/2021;2021;20;All;50-64 anos;223186;74732;4;297922;944035;287355;16;1231406;0,436632578;0,132906676;NA;NA
322;AGES;17/05/2021;2021;20;All;65-79 anos;41029;111292;10;152331;1474549;473813;31;1948393;0,918973476;0,29529136;NA;NA
323;AGES;17/05/2021;2021;20;All;80 ou mais anos;4707;8337;1;13045;646979;607507;39;1254525;0,957263528;0,89886116;NA;NA
324;AGES;17/05/2021;2021;20;All;Desconhecido;0;0;0;0;0;0;0;0;NA;NA;NA;NA
325;AGES;24/05/2021;2021;21;All;0-17 anos;241;35;0;276;1132;324;0;1456;0,00065927;0,000188696;NA;NA
326;AGES;24/05/2021;2021;21;All;18-24 anos;2108;3167;5;5280;38542;23283;11;61836;0,049686671;0,030015431;NA;NA
327;AGES;24/05/2021;2021;21;All;25-49 anos;24979;17471;26;42476;456752;285916;50;742718;0,135911681;0,085077513;NA;NA
328;AGES;24/05/2021;2021;21;All;50-64 anos;174002;97519;31;271552;1118037;384874;47;1502958;0,517111524;0,178010907;NA;NA
329;AGES;24/05/2021;2021;21;All;65-79 anos;23430;201816;20;225266;1497979;675629;51;2173659;0,933575601;0,421067819;NA;NA
330;AGES;24/05/2021;2021;21;All;80 ou mais anos;4430;6276;0;10706;651409;613783;39;1265231;0,963818111;0,908147065;NA;NA
331;AGES;24/05/2021;2021;21;All;Desconhecido;0;0;0;0;0;0;0;0;NA;NA;NA;NA
332;AGES;31/05/2021;2021;22;All;0-17 anos;248;90;0;338;1380;414;0;1794;0,000803704;0,000241111;NA;NA
333;AGES;31/05/2021;2021;22;All;18-24 anos;2186;2514;1;4701;40728;25797;12;66537;0,052504767;0,033256371;NA;NA
334;AGES;31/05/2021;2021;22;All;25-49 anos;41376;22135;9;63520;498128;308051;59;806238;0,148223574;0,091664031;NA;NA
335;AGES;31/05/2021;2021;22;All;50-64 anos;162678;167271;12;329961;1280715;552145;59;1832919;0,592352923;0,255376649;NA;NA
336;AGES;31/05/2021;2021;22;All;65-79 anos;18546;136928;24;155498;1516525;812557;75;2329157;0,945133903;0,506404556;NA;NA
337;AGES;31/05/2021;2021;22;All;80 ou mais anos;3039;5963;5;9007;654448;619746;44;1274238;0,968314584;0,916969859;NA;NA
338;AGES;31/05/2021;2021;22;All;Desconhecido;0;0;0;0;0;0;0;0;NA;NA;NA;NA
339;AGES;07/06/2021;2021;23;All;0-17 anos;361;127;0;488;1741;541;0;2282;0,001013948;0,000315075;NA;NA
340;AGES;07/06/2021;2021;23;All;18-24 anos;2511;2690;1;5202;43239;28487;13;71739;0,055741839;0,036724202;NA;NA
341;AGES;07/06/2021;2021;23;All;25-49 anos;125023;29771;7;154801;623151;337822;66;961039;0,185425571;0,100522726;NA;NA
342;AGES;07/06/2021;2021;23;All;50-64 anos;208246;137492;8;345746;1488961;689637;67;2178665;0,688670313;0,318969086;NA;NA
343;AGES;07/06/2021;2021;23;All;65-79 anos;15920;71141;2;87063;1532445;883698;77;2416220;0,95505562;0,550741293;NA;NA
344;AGES;07/06/2021;2021;23;All;80 ou mais anos;2725;4758;1;7484;657173;624504;45;1281722;0,972346467;0,924009748;NA;NA
345;AGES;07/06/2021;2021;23;All;Desconhecido;0;0;0;0;1;0;0;1;NA;NA;NA;NA
346;GENERAL;04/01/2021;2021;1;All;All;48208;13;0;48221;83682;14;0;83696;0,008127694;1,36E-06;NA;NA
347;GENERAL;11/01/2021;2021;2;All;All;49380;1162;0;50542;133062;1176;0;134238;0,012923774;0,00011422;NA;NA
348;GENERAL;18/01/2021;2021;3;All;All;121507;32586;3;154096;254569;33762;3;288334;0,024725257;0,003279167;NA;NA
349;GENERAL;25/01/2021;2021;4;All;All;42094;44858;4;86956;296663;78620;7;375290;0,028813677;0,007636043;NA;NA
350;GENERAL;01/02/2021;2021;5;All;All;23511;37389;1;60901;320174;116009;8;436191;0,031097206;0,011267485;NA;NA
351;GENERAL;08/02/2021;2021;6;All;All;40446;98951;11;139408;360620;214960;19;575599;0,035025562;0,020878195;651900;571981
352;GENERAL;15/02/2021;2021;7;All;All;103162;49971;9;153142;463782;264931;28;728741;0,04504527;0,025731677;830730;718143
353;GENERAL;22/02/2021;2021;8;All;All;176276;20468;2;196746;640058;285399;30;925487;0,062166245;0,027719651;1002999;933847
354;GENERAL;01/03/2021;2021;9;All;All;138182;33246;2;171430;778240;318645;32;1096917;0,075587304;0,0309487;1186389;1095103
355;GENERAL;08/03/2021;2021;10;All;All;94386;51437;2;145825;872626;370082;34;1242742;0,084754634;0,035944568;1468929;1264093
356;GENERAL;15/03/2021;2021;11;All;All;80623;109643;7;190273;953249;479725;41;1433015;0,09258522;0,046593749;1713540;1462079
357;GENERAL;22/03/2021;2021;12;All;All;255154;21113;2;276269;1208403;500838;43;1709284;0,117367296;0,048644369;1883850;1753999
358;GENERAL;29/03/2021;2021;13;All;All;136812;83981;7;220800;1345215;584819;50;1930084;0,130655292;0,056801104;2344530;1996561
359;GENERAL;05/04/2021;2021;14;All;All;255360;52597;3;307960;1600575;637416;53;2238044;0,155457376;0,061909638;2684460;2360167
360;GENERAL;12/04/2021;2021;15;All;All;423904;53736;2;477642;2024479;691152;55;2715686;0,196629457;0,067128798;2983590;2679813
361;GENERAL;19/04/2021;2021;16;All;All;209205;138258;11;347474;2233684;829410;66;3063160;0,216948693;0,080557239;3400260;3039329
362;GENERAL;26/04/2021;2021;17;All;All;343827;89318;5;433150;2577511;918728;71;3496310;0,250343219;0,089232335;4128420;3581288
363;GENERAL;03/05/2021;2021;18;All;All;368612;217617;10;586239;2946123;1136345;81;4082549;0,286145012;0,110368594;4655370;4171038
364;GENERAL;10/05/2021;2021;19;All;All;286649;303329;16;589994;3232772;1439674;97;4672543;0,31398607;0,139829713;5197920;4686071
365;GENERAL;17/05/2021;2021;20;All;All;301890;217851;19;519760;3534662;1657525;116;5192303;0,343307424;0,160988699;5728470;5126418
366;GENERAL;24/05/2021;2021;21;All;All;229190;326284;82;555556;3763852;1983809;198;5747859;0,365567722;0,192679345;6254220;5644760
367;GENERAL;31/05/2021;2021;22;All;All;228073;334901;51;563025;3991925;2318710;249;6310884;0,38771953;0,225206924;7263540;6299315
368;GENERAL;07/06/2021;2021;23;All;All;354786;245979;19;600784;4346711;2564689;268;6911668;0,422178459;0,24909787;7880400;6896272
