"";"TYPE";"DATE";"YEAR";"WEEK";"REGION";"AGEGROUP";"TOTAL_VAC_1";"TOTAL_VAC_2";"TOTAL_VAC_UNK";"TOTAL";"CUMUL_VAC_1";"CUMUL_VAC_2";"CUMUL_VAC_UNK";"CUMUL";"CUMUL_VAC_INIT";"CUMUL_VAC_COMPLETE";"CUMUL_VAC_LEAST";"COVER_1_VAC";"COVER_INIT";"COVER_COMPLETE";"COVER_LEAST"
"1";"REGIONAL";2021-01-04;2021;1;"ARS Alentejo";"All";3468;3;0;3471;4702;4;0;4706;4698;4;4702;0,0100298206918912;0,010021288305084;8,53238680722352e-06;0,0100298206918912
"2";"REGIONAL";2021-01-11;2021;2;"ARS Alentejo";"All";5377;11;0;5388;10079;15;0;10094;10063;16;10079;0,0214994816575015;0,0214653521102726;3,41295472288941e-05;0,0214994816575015
"3";"REGIONAL";2021-01-18;2021;3;"ARS Alentejo";"All";10464;1138;0;11602;20543;1153;0;21696;19385;1158;20543;0,0438202055451982;0,041350079564507;0,00247012598069121;0,0438202055451982
"4";"REGIONAL";2021-01-25;2021;4;"ARS Alentejo";"All";2378;3105;0;5483;22921;4258;0;27179;18655;4266;22921;0,0488927095020926;0,0397929189721887;0,00909979052990388;0,0488927095020926
"5";"REGIONAL";2021-02-01;2021;5;"ARS Alentejo";"All";1455;4354;0;5809;24376;8612;0;32988;15755;8621;24376;0,0519963652032201;0,0336069385369516;0,0183894266662685;0,0519963652032201
"6";"REGIONAL";2021-02-08;2021;6;"ARS Alentejo";"All";3291;8803;0;12094;27667;17415;0;45082;10239;17428;27667;0,0590163864488633;0,0218407771297904;0,0371756093190729;0,0590163864488633
"7";"REGIONAL";2021-02-15;2021;7;"ARS Alentejo";"All";4081;2846;0;6927;31748;20261;0;52009;11474;20274;31748;0,0677215540889331;0,0244751515565207;0,0432464025324124;0,0677215540889331
"8";"REGIONAL";2021-02-22;2021;8;"ARS Alentejo";"All";12068;1642;0;13710;43816;21903;0;65719;21895;21921;43816;0,0934637650863264;0,0467041522860397;0,0467596128002867;0,0934637650863264
"9";"REGIONAL";2021-03-01;2021;9;"ARS Alentejo";"All";10488;2836;1;13325;54304;24739;1;79044;29541;24763;54304;0,115835683294866;0,0630138096680475;0,052821873626819;0,115835683294866
"10";"REGIONAL";2021-03-08;2021;10;"ARS Alentejo";"All";5850;1697;0;7547;60154;26436;1;86591;33686;26468;60154;0,128314299000431;0,0718554954970329;0,056458803503398;0,128314299000431
"11";"REGIONAL";2021-03-15;2021;11;"ARS Alentejo";"All";3744;7749;0;11493;63898;34185;1;98084;29681;34218;63899;0,136300613051992;0,0633124432063003;0,0729903029423936;0,136302746148694
"12";"REGIONAL";2021-03-22;2021;12;"ARS Alentejo";"All";11933;2127;0;14060;75831;36312;1;112144;39486;36347;75833;0,161754855994642;0,084227456367507;0,0775316658205383;0,161759122188045
"13";"REGIONAL";2021-03-29;2021;13;"ARS Alentejo";"All";6170;6324;0;12494;82001;42636;1;124638;39330;42674;82004;0,174916062644784;0,0838946932820252;0,0910277686528641;0,174922461934889
"14";"REGIONAL";2021-04-05;2021;14;"ARS Alentejo";"All";14071;4344;0;18415;96072;46980;1;143053;49055;47022;96077;0,204930866335894;0,104639058707087;0,100302473112316;0,204941531819403
"15";"REGIONAL";2021-04-12;2021;15;"ARS Alentejo";"All";21937;2990;0;24927;118009;49970;1;167980;67999;50016;118015;0,25172460868341;0,145048442626098;0,106688964637523;0,251737407263621
"16";"REGIONAL";2021-04-19;2021;16;"ARS Alentejo";"All";11415;5998;0;17413;129424;55968;1;185393;73414;56017;129431;0,276073907534524;0,156599161266377;0,11948967794506;0,276088839211437
"17";"REGIONAL";2021-04-26;2021;17;"ARS Alentejo";"All";20285;2808;0;23093;149709;58776;1;208486;90896;58828;149724;0,319343774130656;0,193889957807347;0,125485812773836;0,319375770581184
"18";"REGIONAL";2021-05-03;2021;18;"ARS Alentejo";"All";13729;14361;1;28091;163438;73137;2;236577;93372;73201;166573;0,348629058749749;0,199171505241019;0,156144811668892;0,355316316909911
"19";"REGIONAL";2021-05-10;2021;19;"ARS Alentejo";"All";17484;15307;0;32791;180922;88444;2;269368;96035;88528;184563;0,385924121484123;0,204851941757928;0,188838784817471;0,393690726575399
"20";"REGIONAL";2021-05-17;2021;20;"ARS Alentejo";"All";13276;12288;1;25565;194198;100732;3;294933;100324;100933;201257;0,414243113297298;0,214000793511973;0,215299849403373;0,429300642915346
"21";"REGIONAL";2021-05-24;2021;21;"ARS Alentejo";"All";7233;18614;0;25847;201431;119346;3;320780;90633;120001;210634;0,42967180174146;0,193328953374772;0,255973737313407;0,44930269068818
"22";"REGIONAL";2021-05-31;2021;22;"ARS Alentejo";"All";17436;7356;0;24792;218867;126702;3;345572;100304;128114;228418;0,466864475834147;0,213958131577937;0,273279550855158;0,487237682433095
"23";"REGIONAL";2021-06-07;2021;23;"ARS Alentejo";"All";13873;15308;1;29182;232740;142010;4;374754;98908;144023;242931;0,4964569263783;0,210980328582216;0,307214986284188;0,518195314866404
"24";"REGIONAL";2021-06-14;2021;24;"ARS Alentejo";"All";10292;19308;1;29601;243032;161318;5;404355;91095;163804;254899;0,518410757633287;0,194314444051007;0,34940977214261;0,543724216193617
"25";"REGIONAL";2021-06-21;2021;25;"ARS Alentejo";"All";10618;14379;0;24997;253650;175697;5;429352;89552;178879;268431;0,541059978413061;0,19102307584012;0,381566204922334;0,572589280762454
"26";"REGIONAL";2021-06-28;2021;26;"ARS Alentejo";"All";11032;29050;3;40085;264682;204747;8;469437;73174;208591;281765;0,564592301227384;0,156087218057943;0,44494477412639;0,601031992184334
"27";"REGIONAL";2021-07-05;2021;27;"ARS Alentejo";"All";15355;27965;0;43320;280037;232712;8;512757;59885;237939;297824;0,597346001083613;0,127740495987645;0,507546896130989;0,635287392118634
"28";"REGIONAL";2021-07-12;2021;28;"ARS Alentejo";"All";8214;20425;1;28640;288251;253137;9;541397;49689;259838;309527;0,614867257392247;0,105991442016032;0,554259580803836;0,660251022819868
"29";"REGIONAL";2021-07-19;2021;29;"ARS Alentejo";"All";3530;16782;2;20314;291781;269919;11;561711;39502;277889;317391;0,622397088749621;0,0842615859147359;0,592764109368134;0,67702569528287
"30";"REGIONAL";2021-07-26;2021;30;"ARS Alentejo";"All";2261;16589;0;18850;294042;286508;11;580561;28779;295504;324283;0,627220020392404;0,0613883899812714;0,630338607770445;0,691726997751716
"31";"REGIONAL";2021-08-02;2021;31;"ARS Alentejo";"All";4970;20044;14;25028;299012;306552;25;605589;18684;316665;335349;0,63782151100038;0,0398547787765411;0,675477067077359;0,7153318458539
"32";"REGIONAL";2021-08-09;2021;32;"ARS Alentejo";"All";14888;14456;0;29344;313900;321008;25;634933;24767;332781;357548;0,669579054696866;0,0528304060136262;0,709854053523662;0,762684459537289
"33";"REGIONAL";2021-08-16;2021;33;"ARS Alentejo";"All";22250;6605;0;28855;336150;327613;25;663788;42027;341597;383624;0,717040456312046;0,0896476550867957;0,728659434046783;0,818307089133579
"34";"REGIONAL";2021-08-23;2021;34;"ARS Alentejo";"All";12991;4617;0;17608;349141;332230;25;681396;51103;347645;398748;0,744751515565207;0,109007640752386;0,741560402899305;0,850568043651691
"35";"REGIONAL";2021-08-30;2021;35;"ARS Alentejo";"All";4769;15841;2;20612;353910;348071;27;702008;40707;364437;405144;0,754924253736119;0,0868319674404119;0,777379362716029;0,864211330156441
"36";"REGIONAL";2021-09-06;2021;36;"ARS Alentejo";"All";2624;15214;6;17844;356534;363285;33;719852;27707;380145;407852;0,760521499481657;0,0591017103169355;0,810886045707996;0,869987756024932
"37";"REGIONAL";2021-09-13;2021;37;"ARS Alentejo";"All";1849;15848;3;17700;358383;379133;36;737552;13494;396235;409729;0,764465595283297;0,0287840068941685;0,845207571640053;0,873991578534221
"38";"REGIONAL";2021-09-20;2021;38;"ARS Alentejo";"All";1619;3620;6;5245;360002;382753;42;742797;11243;400123;411366;0,76791907884352;0,0239824062184035;0,853501051616674;0,877483457835078
"39";"REGIONAL";2021-09-27;2021;39;"ARS Alentejo";"All";1133;2420;5;3558;361135;385173;47;746355;9672;402909;412581;0,770335877406666;0,0206313112998665;0,859443859027905;0,880075170327772
"40";"REGIONAL";2021-10-04;2021;40;"ARS Alentejo";"All";481;1685;3;2169;361616;386858;50;748524;8479;404694;413173;0,771361896920235;0,0180865269346121;0,863251436640629;0,881337963575241
"41";"REGIONAL";2021-10-11;2021;41;"ARS Alentejo";"All";709;1609;0;2318;362325;388467;50;750842;7440;406443;413883;0,772874262481815;0,0158702394614357;0,866982222772087;0,882852462233523
"42";"REGIONAL";2021-10-18;2021;42;"ARS Alentejo";"All";589;1237;0;1826;362914;389704;50;752668;6658;407816;414474;0,774130656439179;0,0142021578406235;0,869910964543667;0,88411312238429
"43";"REGIONAL";2021-10-25;2021;43;"ARS Alentejo";"All";453;749;0;1202;363367;390453;50;753870;6242;408686;414928;0,775096949245097;0,0133147896126723;0,871766758674238;0,88508154828691
"44";"REGIONAL";2021-11-01;2021;44;"ARS Alentejo";"All";422;578;0;1000;363789;391031;50;754870;5948;409402;415350;0,775997116053259;0,0126876591823414;0,873294055912731;0,885981715095072
"45";"REGIONAL";2021-11-08;2021;45;"ARS Alentejo";"All";467;762;0;1229;364256;391793;50;756099;5517;410300;415817;0,776993272213003;0,011768294503863;0,875209576750952;0,886977871254815
"46";"REGIONAL";2021-01-04;2021;1;"ARS Algarve";"All";1280;4;0;1284;2354;4;0;2358;2350;5;2355;0,00503534797163606;0,00502679173039284;1,06953015540273e-05;0,00503748703194687
"47";"REGIONAL";2021-01-11;2021;2;"ARS Algarve";"All";1381;6;0;1387;3735;10;0;3745;3724;13;3737;0,00798939026085841;0,00796586059743954;2,7807784040471e-05;0,00799366838148002
"48";"REGIONAL";2021-01-18;2021;3;"ARS Algarve";"All";3425;952;0;4377;7160;962;0;8122;6197;965;7162;0,0153156718253671;0,0132557567460615;0,00206419319992727;0,0153199499459887
"49";"REGIONAL";2021-01-25;2021;4;"ARS Algarve";"All";2177;1252;0;3429;9337;2214;0;11551;7122;2217;9339;0,0199724061219906;0,0152343875335565;0,00474229670905571;0,0199766842426122
"50";"REGIONAL";2021-02-01;2021;5;"ARS Algarve";"All";1251;1256;0;2507;10588;3470;0;14058;7118;3473;10591;0,0226483705708082;0,0152258312923133;0,00742895645942737;0,0226547877517407
"51";"REGIONAL";2021-02-08;2021;6;"ARS Algarve";"All";2451;2898;0;5349;13039;6368;0;19407;6669;6373;13042;0,0278912073925924;0,0142653932127616;0,0136322313607632;0,0278976245735249
"52";"REGIONAL";2021-02-15;2021;7;"ARS Algarve";"All";3240;2129;0;5369;16279;8497;0;24776;7777;8505;16282;0,0348217627996021;0,0166354720371341;0,0181927079434005;0,0348281799805346
"53";"REGIONAL";2021-02-22;2021;8;"ARS Algarve";"All";8537;1075;2;9614;24816;9572;2;34390;15232;9587;24819;0,0530829206729484;0,0325821666541888;0,020507171199692;0,0530893378538808
"54";"REGIONAL";2021-03-01;2021;9;"ARS Algarve";"All";4687;567;0;5254;29503;10139;2;39644;19345;10162;29507;0,0631086963496936;0,0413801217125317;0,0217371308784051;0,0631172525909368
"55";"REGIONAL";2021-03-08;2021;10;"ARS Algarve";"All";5183;1567;0;6750;34686;11706;2;46394;22961;11730;34691;0,0741954459405983;0,0491149637964042;0,0250911774457481;0,0742061412421523
"56";"REGIONAL";2021-03-15;2021;11;"ARS Algarve";"All";2765;3035;1;5801;37451;14741;3;52195;22691;14765;37456;0,0801099476999754;0,0485374175124868;0,0315832254890427;0,0801206430015294
"57";"REGIONAL";2021-03-22;2021;12;"ARS Algarve";"All";9501;4330;0;13831;46952;19071;3;66026;27857;19100;46957;0,100433159712938;0,0595878030781078;0,0408560519363843;0,100443855014492
"58";"REGIONAL";2021-03-29;2021;13;"ARS Algarve";"All";4273;2949;0;7222;51225;22020;3;73248;29182;22049;51231;0,10957336442101;0,062422057989925;0,0471641407929497;0,109586198782875
"59";"REGIONAL";2021-04-05;2021;14;"ARS Algarve";"All";8721;1847;0;10568;59946;23867;3;83816;36060;23898;59958;0,128228109391544;0,077134514807645;0,051119263307629;0,128253778115274
"60";"REGIONAL";2021-04-12;2021;15;"ARS Algarve";"All";13733;2215;0;15948;73679;26082;3;99764;47578;26114;73692;0,157603824639836;0,101772211467502;0,0558594209563739;0,157631632423876
"61";"REGIONAL";2021-04-19;2021;16;"ARS Algarve";"All";7313;5569;0;12882;80992;31651;3;112646;49319;31687;81006;0,173246772692756;0,105496315468615;0,0677804040684927;0,173276719537107
"62";"REGIONAL";2021-04-26;2021;17;"ARS Algarve";"All";16456;3320;0;19776;97448;34971;3;132422;62446;35023;97469;0,208447149167371;0,133575760168558;0,0749163092653397;0,208492069433898
"63";"REGIONAL";2021-05-03;2021;18;"ARS Algarve";"All";16630;9025;0;25655;114078;43996;3;158077;70593;44061;114654;0,244019722136066;0,15100268452069;0,0942491363543995;0,24525182087509
"64";"REGIONAL";2021-05-10;2021;19;"ARS Algarve";"All";9786;11407;0;21193;123864;55403;3;179270;70941;55475;126416;0,264952566337608;0,15174707750885;0,118664370741933;0,270411448250783
"65";"REGIONAL";2021-05-17;2021;20;"ARS Algarve";"All";12086;10958;2;23046;135950;66361;5;202316;74551;66485;141036;0,290805249254003;0,159469085230858;0,142215424763901;0,301684509994759
"66";"REGIONAL";2021-05-24;2021;21;"ARS Algarve";"All";7683;18878;0;26561;143633;85239;5;228877;69053;85462;154515;0,307239649621921;0,14770853164205;0,182808372282056;0,330516903924106
"67";"REGIONAL";2021-05-31;2021;22;"ARS Algarve";"All";8213;12811;2;21026;151846;98050;7;249903;72857;98368;171225;0,324807751954566;0,155845517064354;0,210415084653312;0,366260601717665
"68";"REGIONAL";2021-06-07;2021;23;"ARS Algarve";"All";17136;6410;0;23546;168982;104460;7;273449;84648;105080;189728;0,361462689440529;0,181067177189061;0,224772457459438;0,405839634648499
"69";"REGIONAL";2021-06-14;2021;24;"ARS Algarve";"All";15448;13512;0;28960;184430;117972;7;302409;86592;118812;205404;0,394506893121852;0,185225510433267;0,254146033647419;0,439371544080685
"70";"REGIONAL";2021-06-21;2021;25;"ARS Algarve";"All";19424;10307;0;29731;203854;128279;7;332140;96603;129601;226204;0,436056000598937;0,20663964320474;0,277224355340699;0,483863998545439
"71";"REGIONAL";2021-06-28;2021;26;"ARS Algarve";"All";17290;16560;7;33857;221144;144839;14;365997;99399;146567;245966;0,473040353372763;0,212620455833752;0,313515652573824;0,526136108407577
"72";"REGIONAL";2021-07-05;2021;27;"ARS Algarve";"All";19259;31919;1;51179;240403;176758;15;417176;87369;179120;266489;0,514236515898566;0,186887560294763;0,383148482871475;0,570036043166237
"73";"REGIONAL";2021-07-12;2021;28;"ARS Algarve";"All";9854;27149;4;37007;250257;203907;19;454183;76085;206787;282872;0,535314816201243;0,162750403747634;0,442329864490529;0,605080268238163
"74";"REGIONAL";2021-07-19;2021;29;"ARS Algarve";"All";4363;27334;0;31697;254620;231241;19;485880;58273;234754;293027;0,544647536337287;0,124649461491567;0,502152964202826;0,626802425694392
"75";"REGIONAL";2021-07-26;2021;30;"ARS Algarve";"All";4031;24846;5;28882;258651;256087;24;514762;41488;260220;301708;0,553270088450144;0,0887453341746971;0,556626274077798;0,645371608252495
"76";"REGIONAL";2021-08-02;2021;31;"ARS Algarve";"All";3957;22738;1;26696;262608;278825;25;541458;26054;283613;309667;0,561734350100001;0,0557310773377255;0,60666531192847;0,662396389266195
"77";"REGIONAL";2021-08-09;2021;32;"ARS Algarve";"All";11567;14127;3;25697;274175;292952;28;567155;28264;298669;326933;0,586476860715088;0,0604584006246056;0,638871003967957;0,699329404592563
"78";"REGIONAL";2021-08-16;2021;33;"ARS Algarve";"All";16700;7803;4;24507;290875;300755;32;591662;39509;307643;347152;0,622199167905539;0,084512133819613;0,658066931197125;0,742579065016738
"79";"REGIONAL";2021-08-23;2021;34;"ARS Algarve";"All";13621;5359;0;18980;304496;306114;32;610642;48293;314127;362420;0,65133530839902;0,103301639589728;0,671936598252388;0,775238237842116
"80";"REGIONAL";2021-08-30;2021;35;"ARS Algarve";"All";6513;12204;4;18721;311009;318318;36;629363;42677;327455;370132;0,665267008203296;0,0912886768842447;0,700445994074803;0,791734670959048
"81";"REGIONAL";2021-09-06;2021;36;"ARS Algarve";"All";3339;15785;1;19125;314348;334103;37;648488;30454;343681;374135;0,672409330581076;0,0651429427052696;0,735154386677932;0,800297329383202
"82";"REGIONAL";2021-09-13;2021;37;"ARS Algarve";"All";2292;12120;4;14416;316640;346223;41;662904;21369;356103;377472;0,677312056813442;0,0457095797816019;0,761725793858758;0,80743537364036
"83";"REGIONAL";2021-09-20;2021;38;"ARS Algarve";"All";1882;6679;6;8567;318522;352902;47;671471;17110;363036;380146;0,681337768318378;0,0365993219178815;0,776555898993572;0,813155220911454
"84";"REGIONAL";2021-09-27;2021;39;"ARS Algarve";"All";1167;3906;6;5079;319689;356808;53;676550;14552;367217;381769;0,683834051701088;0,0311276056428411;0,78549931015305;0,816626915795891
"85";"REGIONAL";2021-10-04;2021;40;"ARS Algarve";"All";767;3041;1;3809;320456;359849;54;680359;12345;370378;382723;0,685474710959476;0,0264066995368934;0,792260879795506;0,818667579332399
"86";"REGIONAL";2021-10-11;2021;41;"ARS Algarve";"All";1081;1938;0;3019;321537;361787;54;683378;11298;372540;383838;0,687787035155456;0,0241671033914801;0,796885528187467;0,821052631578947
"87";"REGIONAL";2021-10-18;2021;42;"ARS Algarve";"All";756;1616;0;2372;322293;363403;54;685750;10341;374321;384662;0,689404164750425;0,0221200226740393;0,800695194601012;0,822815217275051
"88";"REGIONAL";2021-10-25;2021;43;"ARS Algarve";"All";878;1217;0;2095;323171;364620;54;687845;9779;375764;385543;0,691282259703312;0,0209178707793666;0,803781858629504;0,824699729408871
"89";"REGIONAL";2021-11-01;2021;44;"ARS Algarve";"All";766;890;0;1656;323937;365510;54;689501;9447;376862;386309;0,692920779901389;0,0202077027561792;0,806130546850768;0,826338249606948
"90";"REGIONAL";2021-11-08;2021;45;"ARS Algarve";"All";1008;1105;0;2113;324945;366615;54;691614;9071;378246;387317;0,695076952694681;0,0194034160793164;0,809091006320923;0,82849442240024
"91";"REGIONAL";2021-01-04;2021;1;"ARS Centro";"All";9070;20;0;9090;15701;22;0;15723;15680;23;15703;0,00945900355443099;0,00944635218989096;1,3856256400988e-05;0,00946020844629195
"92";"REGIONAL";2021-01-11;2021;2;"ARS Centro";"All";12757;25;1;12783;28458;47;1;28506;28402;58;28460;0,0171444062895355;0,0171106693174288;3,49418639677089e-05;0,0171456111813965
"93";"REGIONAL";2021-01-18;2021;3;"ARS Centro";"All";36938;6275;1;43214;65396;6322;2;71720;59038;6361;65399;0,0393975540695223;0,0355672028435448;0,0038321585637689;0,0393993614073137
"94";"REGIONAL";2021-01-25;2021;4;"ARS Centro";"All";4914;8529;3;13446;70310;14851;5;85166;55419;14894;70313;0,0423579733718899;0,0333869510211459;0,00897282968853545;0,0423597807096813
"95";"REGIONAL";2021-02-01;2021;5;"ARS Centro";"All";2777;9201;0;11978;73087;24052;5;97144;48992;24099;73091;0,0440309657208266;0,0295150310259654;0,014518344478583;0,0440333755045485
"96";"REGIONAL";2021-02-08;2021;6;"ARS Centro";"All";7596;27233;3;34832;80683;51285;8;131976;29325;51362;80687;0,0486071450087355;0,0176667269112597;0,0309428278811977;0,0486095547924574
"97";"REGIONAL";2021-02-15;2021;7;"ARS Centro";"All";25611;10049;2;35662;106294;61334;10;167638;44793;61505;106298;0,0640363877342009;0,0269853605638894;0,0370534369540334;0,0640387975179228
"98";"REGIONAL";2021-02-22;2021;8;"ARS Centro";"All";38518;3190;1;41709;144812;64524;11;209347;80083;64733;144816;0,0872414000843424;0,0482456774504488;0,0389981324176155;0,0872438098680643
"99";"REGIONAL";2021-03-01;2021;9;"ARS Centro";"All";28639;5999;0;34638;173451;70523;11;243985;102705;70760;173465;0,104494849087294;0,0618742092897163;0,0426290740406049;0,104503283330321
"100";"REGIONAL";2021-03-08;2021;10;"ARS Centro";"All";17839;13627;0;31466;191290;84150;11;275451;106894;84426;191320;0,115241882041087;0,0643978552924875;0,0508621001265136;0,115259955419001
"101";"REGIONAL";2021-03-15;2021;11;"ARS Centro";"All";16810;24325;1;41136;208100;108475;12;316587;99383;108762;208145;0,125368998132418;0,0598728839086692;0,0655232242906199;0,125396108199289
"102";"REGIONAL";2021-03-22;2021;12;"ARS Centro";"All";48017;4492;1;52510;256117;112967;13;369097;142797;113375;256172;0,154296644376167;0,0860274715344298;0,0683023073679137;0,154329778902344
"103";"REGIONAL";2021-03-29;2021;13;"ARS Centro";"All";24536;16937;1;41474;280653;129904;14;410571;150389;130340;280729;0,169078257726369;0,0906012410386168;0,0785228025784686;0,169124043617085
"104";"REGIONAL";2021-04-05;2021;14;"ARS Centro";"All";50046;10373;1;60420;330699;140277;15;470991;190002;140794;330796;0,199228266763058;0,114465931682631;0,0848207723356829;0,199286704018314
"105";"REGIONAL";2021-04-12;2021;15;"ARS Centro";"All";77843;12167;0;90010;408542;152444;15;561001;255505;153143;408648;0,246124465329237;0,153927947466715;0,0922603771311525;0,246188324597867
"106";"REGIONAL";2021-04-19;2021;16;"ARS Centro";"All";30205;24350;0;54555;438747;176794;15;615556;261216;177640;438856;0,264321344659317;0,157368516175673;0,107018495090066;0,264387011265739
"107";"REGIONAL";2021-04-26;2021;17;"ARS Centro";"All";56834;18054;0;74888;495581;194848;15;690444;301091;195874;496965;0,298560756672089;0,181391047653473;0,118003494186397;0,29939454183987
"108";"REGIONAL";2021-05-03;2021;18;"ARS Centro";"All";60199;49358;0;109557;555780;244206;15;800001;317550;245464;563014;0,334827399240918;0,191306705223206;0,147878787878788;0,339185493101994
"109";"REGIONAL";2021-05-10;2021;19;"ARS Centro";"All";50877;55927;1;106805;606657;300133;16;906806;318359;301577;619936;0,365478040845834;0,191794083980963;0,181683836375685;0,373477920356648
"110";"REGIONAL";2021-05-17;2021;20;"ARS Centro";"All";45083;41923;5;87011;651740;342056;21;993817;328515;344291;672806;0,392638110729562;0,197912524850895;0,207416711850111;0,405329236701006
"111";"REGIONAL";2021-05-24;2021;21;"ARS Centro";"All";24388;56483;5;80876;676128;398539;26;1074693;303763;401784;705547;0,407330562082053;0,18300078317971;0,242053135731068;0,425053918910778
"112";"REGIONAL";2021-05-31;2021;22;"ARS Centro";"All";44484;37984;0;82468;720612;436523;26;1157161;309716;442696;752412;0,434129766853425;0,186587143803844;0,266700403638773;0,453287547442617
"113";"REGIONAL";2021-06-07;2021;23;"ARS Centro";"All";58562;41081;1;99644;779174;477604;27;1256805;326428;486327;812755;0,469410205434062;0,196655220193988;0,292985722031448;0,489640942225435
"114";"REGIONAL";2021-06-14;2021;24;"ARS Centro";"All";52199;66043;8;118250;831373;543647;35;1375055;316035;554829;870864;0,50085728055907;0,190393999638532;0,334254473161034;0,524648472799566
"115";"REGIONAL";2021-06-21;2021;25;"ARS Centro";"All";59795;47973;4;107772;891168;591620;39;1482827;330614;606403;937017;0,536880534971986;0,199177058858967;0,365325019579493;0,56450207843846
"116";"REGIONAL";2021-06-28;2021;26;"ARS Centro";"All";50079;77468;3;127550;941247;669088;42;1610377;302099;687255;989354;0,567050424724381;0,181998313151395;0,414033977950479;0,596032291101874
"117";"REGIONAL";2021-07-05;2021;27;"ARS Centro";"All";59679;105288;10;164977;1000926;774376;52;1775354;260131;796980;1057111;0,603003795409362;0,156714862341105;0,480137357672149;0,636852220013254
"118";"REGIONAL";2021-07-12;2021;28;"ARS Centro";"All";28640;82406;6;111052;1029566;856782;58;1886406;216464;883698;1100162;0,620257846858244;0,130407855894933;0,532380263871318;0,662788119766251
"119";"REGIONAL";2021-07-19;2021;29;"ARS Centro";"All";16960;80960;17;97937;1046526;937742;75;1984343;163564;969143;1132707;0,630475329839147;0,098538466172661;0,583856256400988;0,682394722573649
"120";"REGIONAL";2021-07-26;2021;30;"ARS Centro";"All";14476;69219;7;83702;1061002;1006961;82;2068045;116744;1043551;1160295;0,639196337128743;0,0703319477076932;0,628683053195976;0,699015000903669
"121";"REGIONAL";2021-08-02;2021;31;"ARS Centro";"All";19358;75419;6;94783;1080360;1082380;88;2162828;75012;1123821;1198833;0,650858485450931;0,0451906741369962;0,677041388035424;0,72223206217242
"122";"REGIONAL";2021-08-09;2021;32;"ARS Centro";"All";50730;47202;7;97939;1131090;1129582;95;2260767;93387;1179746;1273133;0,681420567504067;0,0562606181095247;0,710733176697391;0,766993794806916
"123";"REGIONAL";2021-08-16;2021;33;"ARS Centro";"All";61479;36177;7;97663;1192569;1165759;102;2358430;131876;1223687;1355563;0,718458340863907;0,0794481595276824;0,737205253328514;0,816653412856196
"124";"REGIONAL";2021-08-23;2021;34;"ARS Centro";"All";51314;18508;4;69826;1243883;1184267;106;2428256;164323;1248308;1412631;0,749372251340442;0,0989957226338936;0,752038074582806;0,8510337972167
"125";"REGIONAL";2021-08-30;2021;35;"ARS Centro";"All";20807;48379;3;69189;1264690;1232646;109;2497445;133807;1301227;1435034;0,761907343815893;0,0806114826194349;0,783918910777758;0,864530393397193
"126";"REGIONAL";2021-09-06;2021;36;"ARS Centro";"All";7908;51118;11;59037;1272598;1283764;120;2556482;89645;1353790;1443435;0,766671486234111;0,054006265437677;0,815585276221459;0,869591541659136
"127";"REGIONAL";2021-09-13;2021;37;"ARS Centro";"All";5961;42719;10;48690;1278559;1326483;130;2605172;52038;1397581;1449619;0,770262666425688;0,0313500813302006;0,84196698596301;0,87331706729321
"128";"REGIONAL";2021-09-20;2021;38;"ARS Centro";"All";4080;18748;6;22834;1282639;1345231;136;2628006;36766;1417013;1453779;0,772720645822037;0,0221495270799446;0,853673715284053;0,875823242363998
"129";"REGIONAL";2021-09-27;2021;39;"ARS Centro";"All";2919;9832;5;12756;1285558;1355063;141;2640762;29308;1427535;1456843;0,774479185493102;0,0176564853304416;0,86001265136454;0,877669136694982
"130";"REGIONAL";2021-10-04;2021;40;"ARS Centro";"All";1567;5519;17;7103;1287125;1360582;158;2647865;25183;1433365;1458548;0,775423218266161;0,0151713958672209;0,863524911139225;0,878696307006446
"131";"REGIONAL";2021-10-11;2021;41;"ARS Centro";"All";2147;4718;0;6865;1289272;1365300;158;2654730;22182;1438529;1460711;0,776716669678896;0,0133634556298572;0,866635941924212;0,87999939755407
"132";"REGIONAL";2021-10-18;2021;42;"ARS Centro";"All";1755;3756;0;5511;1291027;1369056;158;2660241;19778;1442691;1462469;0,777773962286885;0,0119151756129887;0,869143321886861;0,881058497499849
"133";"REGIONAL";2021-10-25;2021;43;"ARS Centro";"All";1756;2902;0;4658;1292783;1371958;158;2664899;18160;1446066;1464226;0,778831857340804;0,0109404180974758;0,871176576902223;0,882116994999699
"134";"REGIONAL";2021-11-01;2021;44;"ARS Centro";"All";1301;2282;0;3583;1294084;1374240;158;2668482;16842;1448685;1465527;0,779615639496355;0,0101463943611061;0,872754382794144;0,88290077715525
"135";"REGIONAL";2021-11-08;2021;45;"ARS Centro";"All";1558;2235;0;3793;1295642;1376475;158;2672275;15737;1451348;1467085;0,78055425025604;0,00948069160792819;0,874358696307006;0,883839387914935
"136";"REGIONAL";2021-01-04;2021;1;"ARS Lisboa e Vale do Tejo";"All";12873;33;0;12906;23728;38;0;23766;23693;38;23731;0,00644505716429979;0,00643555037903553;1,03216525726312e-05;0,00644587203160816
"137";"REGIONAL";2021-01-11;2021;2;"ARS Lisboa e Vale do Tejo";"All";13361;1128;0;14489;37089;1166;0;38255;35912;1180;37092;0,0100742045333241;0,00975450492600869;0,00032051447462381;0,0100750194006325
"138";"REGIONAL";2021-01-18;2021;3;"ARS Lisboa e Vale do Tejo";"All";38078;9113;1;47192;75167;10279;1;85447;64757;10414;75171;0,0204170436559728;0,0175894540959441;0,00282867604977318;0,0204181301457173
"139";"REGIONAL";2021-01-25;2021;4;"ARS Lisboa e Vale do Tejo";"All";17452;11968;0;29420;92619;22247;1;114867;70178;22446;92624;0,0251573984111717;0,0190619193221608;0,00609683720119155;0,0251587565233523
"140";"REGIONAL";2021-02-01;2021;5;"ARS Lisboa e Vale do Tejo";"All";8860;8960;0;17820;101479;31207;1;132687;70063;31424;101487;0,0275639731952115;0,0190306827420068;0,00853546343269373;0,0275661461747005
"141";"REGIONAL";2021-02-08;2021;6;"ARS Lisboa e Vale do Tejo";"All";14489;30582;0;45071;115968;61789;1;177758;53780;62197;115977;0,0314995106721813;0,0146078546146343;0,0168941006594721;0,0315019552741064
"142";"REGIONAL";2021-02-15;2021;7;"ARS Lisboa e Vale do Tejo";"All";33116;19148;0;52264;149084;80937;1;230022;67597;81497;149094;0,0404945592667933;0,0183608618145302;0,0221364136766243;0,0404972754911545
"143";"REGIONAL";2021-02-22;2021;8;"ARS Lisboa e Vale do Tejo";"All";49540;6739;0;56279;198624;87676;1;286301;110084;88550;198634;0,0539507347522708;0,0299012842580402;0,0240521667185918;0,0539534509766321
"144";"REGIONAL";2021-03-01;2021;9;"ARS Lisboa e Vale do Tejo";"All";45371;12928;0;58299;243995;100604;1;344600;142311;101704;244015;0,0662745163015563;0,0386548605069398;0,0276250882433389;0,0662799487502787
"145";"REGIONAL";2021-03-08;2021;10;"ARS Lisboa e Vale do Tejo";"All";34218;16654;2;50874;278213;117258;3;395474;159795;118455;278250;0,0755688928207746;0,0434039071800946;0,0321750356708164;0,0755789428509111
"146";"REGIONAL";2021-03-15;2021;11;"ARS Lisboa e Vale do Tejo";"All";26488;29168;1;55657;304701;146426;4;451131;157060;147692;304752;0,0827636279087707;0,0426610198173013;0,0401164608357116;0,0827774806530129
"147";"REGIONAL";2021-03-22;2021;12;"ARS Lisboa e Vale do Tejo";"All";89715;7820;1;97536;394416;154246;5;548667;238673;155809;394482;0,107132234765445;0,0648289416965157;0,0423212201497129;0,107150161846229
"148";"REGIONAL";2021-03-29;2021;13;"ARS Lisboa e Vale do Tejo";"All";45851;24143;1;69995;440267;178389;6;618662;260315;180036;440351;0,119586395084069;0,0707073944590653;0,0489018169096375;0,119609211368703
"149";"REGIONAL";2021-04-05;2021;14;"ARS Lisboa e Vale do Tejo";"All";87628;19940;1;107569;527895;198329;7;726231;327847;200197;528044;0,143388125916556;0,0890506008152476;0,0543779968442905;0,143428597659538
"150";"REGIONAL";2021-04-12;2021;15;"ARS Lisboa e Vale do Tejo";"All";163845;14591;1;178437;691740;212920;8;904668;476989;214920;691909;0,187892103962944;0,129560914183336;0,0583770939713129;0,187938008154649
"151";"REGIONAL";2021-04-19;2021;16;"ARS Lisboa e Vale do Tejo";"All";79448;54012;2;133462;771188;266932;10;1038130;502170;269190;771360;0,209471963267955;0,136400638747321;0,0731180435796469;0,209518682326968
"152";"REGIONAL";2021-04-26;2021;17;"ARS Lisboa e Vale do Tejo";"All";107856;25795;1;133652;879044;292727;11;1171782;584124;295126;879250;0,238768072738315;0,158661183877253;0,0801628430829038;0,238824026960157
"153";"REGIONAL";2021-05-03;2021;18;"ARS Lisboa e Vale do Tejo";"All";107996;65898;3;173897;987040;358625;14;1345679;628777;361182;989959;0,268102209349733;0,170789940517403;0,0981051347233702;0,268895075240773
"154";"REGIONAL";2021-05-10;2021;19;"ARS Lisboa e Vale do Tejo";"All";90676;113591;2;204269;1077716;472216;16;1549948;608167;475067;1083234;0,29273184536752;0,165191802108931;0,12903885586111;0,294230657970041
"155";"REGIONAL";2021-05-17;2021;20;"ARS Lisboa e Vale do Tejo";"All";110242;71541;3;181786;1187958;543757;19;1731734;648509;547599;1196108;0,322676045970468;0,17614959442696;0,148740174397901;0,324889768824861
"156";"REGIONAL";2021-05-24;2021;21;"ARS Lisboa e Vale do Tejo";"All";111034;89214;0;200248;1298992;632971;19;1931982;675472;644751;1320223;0,352835371542824;0,183473350172114;0,175128837312014;0,358602187484127
"157";"REGIONAL";2021-05-31;2021;22;"ARS Lisboa e Vale do Tejo";"All";92520;87372;4;179896;1391512;720343;23;2111878;696515;737016;1433531;0,377965879332819;0,189189101095426;0,200190081380798;0,389379182476224
"158";"REGIONAL";2021-06-07;2021;23;"ARS Lisboa e Vale do Tejo";"All";152533;54466;2;207001;1544045;774809;25;2318879;802687;798006;1600693;0,419397264381797;0,218027798383358;0,216756333759871;0,434784132143229
"159";"REGIONAL";2021-06-14;2021;24;"ARS Lisboa e Vale do Tejo";"All";148082;121777;4;269863;1692127;896586;29;2588742;831662;926363;1758025;0,459619657967596;0,225898058469989;0,251620974793166;0,477519033263155
"160";"REGIONAL";2021-06-21;2021;25;"ARS Lisboa e Vale do Tejo";"All";120544;154232;11;274787;1812671;1050818;40;2863529;804854;1088401;1893255;0,492362112907471;0,218616404202434;0,295634131097482;0,514250535299916
"161";"REGIONAL";2021-06-28;2021;26;"ARS Lisboa e Vale do Tejo";"All";130923;167224;8;298155;1943594;1218042;48;3161684;770052;1265302;2035354;0,527923737111855;0,20916340018052;0,343684411669878;0,552847811850398
"162";"REGIONAL";2021-07-05;2021;27;"ARS Lisboa e Vale do Tejo";"All";144260;274306;5;418571;2087854;1492348;53;3580255;640714;1550713;2191427;0,567107989746796;0,174032297537389;0,421208442785858;0,595240740323247
"163";"REGIONAL";2021-07-12;2021;28;"ARS Lisboa e Vale do Tejo";"All";80384;216586;21;296991;2168238;1708934;74;3877246;533493;1777162;2310655;0,588942087652017;0,144908668313966;0,482717071823219;0,627625740137186
"164";"REGIONAL";2021-07-19;2021;29;"ARS Lisboa e Vale do Tejo";"All";57356;186264;9;243629;2225594;1895198;83;4120875;444727;1974604;2419331;0,604521264098223;0,120797831149172;0,536346748855994;0,657144580005166
"165";"REGIONAL";2021-07-26;2021;30;"ARS Lisboa e Vale do Tejo";"All";36824;181239;13;218076;2262418;2076437;96;4338951;326700;2167733;2494433;0,614523488685975;0,0887390498810158;0,588804918321775;0,677543968202791
"166";"REGIONAL";2021-08-02;2021;31;"ARS Lisboa e Vale do Tejo";"All";45822;178925;15;224762;2308240;2255362;111;4563713;222451;2361321;2583772;0,626969771953951;0,0604226825377467;0,641387762485736;0,701810445023483
"167";"REGIONAL";2021-08-09;2021;32;"ARS Lisboa e Vale do Tejo";"All";107974;111918;7;219899;2416214;2367280;118;4783612;240924;2494476;2735400;0,656297932871774;0,065440363800226;0,677555647967544;0,74299601176777
"168";"REGIONAL";2021-08-16;2021;33;"ARS Lisboa e Vale do Tejo";"All";107748;91549;9;199306;2523962;2458829;127;4982918;281516;2602049;2883565;0,685564707119034;0,0764660617272851;0,706774888288483;0,783240950015768
"169";"REGIONAL";2021-08-23;2021;34;"ARS Lisboa e Vale do Tejo";"All";89460;61346;7;150813;2613422;2520175;134;5133731;322155;2678052;3000207;0,709864050254497;0,0875045259088419;0,727419008301053;0,814923534209895
"170";"REGIONAL";2021-08-30;2021;35;"ARS Lisboa e Vale do Tejo";"All";49126;101259;22;150407;2662548;2621434;156;5284138;265097;2792725;3057822;0,72320777405142;0,0720062929486001;0,758566767918457;0,830573060867057
"171";"REGIONAL";2021-09-06;2021;36;"ARS Lisboa e Vale do Tejo";"All";28054;92019;55;120128;2690602;2713453;211;5404266;196267;2890060;3086327;0,730827869874383;0,0533105206703316;0,785005137738379;0,838315658408711
"172";"REGIONAL";2021-09-13;2021;37;"ARS Lisboa e Vale do Tejo";"All";20107;81934;83;102124;2710709;2795387;294;5506390;130817;2975848;3106665;0,736289382197485;0,035532832226155;0,808307083288403;0,843839915514558
"173";"REGIONAL";2021-09-20;2021;38;"ARS Lisboa e Vale do Tejo";"All";15278;31900;104;47282;2725987;2827287;398;5553672;109732;3012370;3122102;0,740439229776555;0,0298056731605253;0,818227277900445;0,848032951060971
"174";"REGIONAL";2021-09-27;2021;39;"ARS Lisboa e Vale do Tejo";"All";9376;20524;72;29972;2735363;2847811;470;5583644;95388;3036484;3131872;0,742985961737634;0,0259095209367932;0,824777181325088;0,850686702261881
"175";"REGIONAL";2021-10-04;2021;40;"ARS Lisboa e Vale do Tejo";"All";4547;17876;64;22487;2739910;2865687;534;5606131;82040;3055573;3137613;0,74422102895468;0,0222839046594384;0,829962182008219;0,852246086667657
"176";"REGIONAL";2021-10-11;2021;41;"ARS Lisboa e Vale do Tejo";"All";6869;14750;0;21619;2746779;2880437;534;5627750;72409;3072084;3144493;0,746086803468401;0,0196679089771487;0,834446940051027;0,854114849028176
"177";"REGIONAL";2021-10-18;2021;42;"ARS Lisboa e Vale do Tejo";"All";5245;12081;1;17327;2752024;2892518;535;5645077;64129;3085615;3149744;0,74751146314586;0,0174188752060596;0,838122263234192;0,855541138440252
"178";"REGIONAL";2021-10-25;2021;43;"ARS Lisboa e Vale do Tejo";"All";5305;6145;1;11451;2757329;2898663;536;5656528;61618;3093450;3155068;0,748952420169487;0,0167368312689575;0,840250425021207;0,856987256290164
"179";"REGIONAL";2021-11-01;2021;44;"ARS Lisboa e Vale do Tejo";"All";3796;4857;0;8653;2761125;2903520;536;5665181;59273;3099591;3158864;0,749983498937006;0,0160998766562518;0,841918458401431;0,858018335057683
"180";"REGIONAL";2021-11-08;2021;45;"ARS Lisboa e Vale do Tejo";"All";4893;6647;0;11540;2766018;2910167;536;5676721;55855;3107905;3163760;0,75131254751695;0,0151714711695872;0,844176727335349;0,859348198504936
"181";"REGIONAL";2021-01-04;2021;1;"ARS Norte";"All";16854;47;0;16901;30318;54;0;30372;30267;58;30325;0,00846304862358918;0,00844881234547707;1,61902770686778e-05;0,00846500262254574
"182";"REGIONAL";2021-01-11;2021;2;"ARS Norte";"All";15521;45;0;15566;45839;99;0;45938;45719;128;45847;0,012795622595709;0,0127621254707393;3,57302666343233e-05;0,0127978557373736
"183";"REGIONAL";2021-01-18;2021;3;"ARS Norte";"All";32490;12759;1;45250;78329;12858;1;91188;65408;12929;78337;0,0218649691812493;0,0182581662501392;0,00360903607277474;0,021867202322914
"184";"REGIONAL";2021-01-25;2021;4;"ARS Norte";"All";14487;15779;1;30267;92816;28637;2;121455;64107;28718;92825;0,0259089095932137;0,0178950015869263;0,00801642029066014;0,0259114218775864
"185";"REGIONAL";2021-02-01;2021;5;"ARS Norte";"All";5760;12306;1;18067;98576;40943;3;139522;57562;41028;98590;0,0275167715917583;0,0160680125625384;0,011452667027133;0,0275206795896714
"186";"REGIONAL";2021-02-08;2021;6;"ARS Norte";"All";9021;28928;4;37953;107597;69871;7;177475;37589;70022;107611;0,0300349179613538;0,0104926952540436;0,0195461307052233;0,0300388259592669
"187";"REGIONAL";2021-02-15;2021;7;"ARS Norte";"All";33165;15264;2;48431;140762;85135;9;225906;55175;85601;140776;0,0392926858748486;0,0154016989183499;0,0238948949544118;0,0392965938727617
"188";"REGIONAL";2021-02-22;2021;8;"ARS Norte";"All";65006;4395;0;69401;205768;89530;9;295307;115567;90215;205782;0,0574386367563394;0,0322596853447566;0,0251828594094959;0,0574425447542525
"189";"REGIONAL";2021-03-01;2021;9;"ARS Norte";"All";48289;7184;4;55477;254057;96714;13;350784;156589;97492;254081;0,070918158986846;0,0437106775156411;0,0272141808961988;0,0709248584118399
"190";"REGIONAL";2021-03-08;2021;10;"ARS Norte";"All";25966;14300;0;40266;280023;111014;13;391050;168154;111916;280070;0,0781663785448681;0,0469389629345938;0,0312405353175541;0,0781794982521479
"191";"REGIONAL";2021-03-15;2021;11;"ARS Norte";"All";27225;42572;2;69799;307248;153586;15;460849;152787;154520;307307;0,0857660387723639;0,0426493769395184;0,0431331312526222;0,0857825081921406
"192";"REGIONAL";2021-03-22;2021;12;"ARS Norte";"All";89399;2598;0;91997;396647;156184;15;552846;239496;157215;396711;0,110721117732066;0,0668535620144836;0,0438854208508996;0,110738982865383
"193";"REGIONAL";2021-03-29;2021;13;"ARS Norte";"All";54392;32985;0;87377;451039;189169;15;640223;260871;190264;451135;0,125904247909989;0,0728202373997075;0,053110808210257;0,125931045609965
"194";"REGIONAL";2021-04-05;2021;14;"ARS Norte";"All";82735;13954;2;96691;533774;203123;17;736914;329627;204295;533922;0,148999119863041;0,0920129734365008;0,0570274595473366;0,149040432983837
"195";"REGIONAL";2021-04-12;2021;15;"ARS Norte";"All";136256;19429;0;155685;670030;222552;17;892599;446349;223839;670188;0,187033988695279;0,124595068609091;0,0624830246340648;0,187078093243155
"196";"REGIONAL";2021-04-19;2021;16;"ARS Norte";"All";65570;46729;2;112301;735600;269281;19;1004900;464792;270968;735760;0,205337376064127;0,129743297574222;0,0756387413231979;0,20538203889742
"197";"REGIONAL";2021-04-26;2021;17;"ARS Norte";"All";127167;37014;0;164181;862767;306295;19;1169081;554791;308171;862962;0,240835116822619;0,154865862158772;0,0860236874919223;0,240889549650695
"198";"REGIONAL";2021-05-03;2021;18;"ARS Norte";"All";156056;73730;1;229787;1018823;380025;20;1398868;636857;382391;1019248;0,284397011274853;0,177773987640119;0,106741659285668;0,284515646925787
"199";"REGIONAL";2021-05-10;2021;19;"ARS Norte";"All";100359;101464;7;201830;1119182;481489;27;1600698;641402;484971;1126373;0,312411494315119;0,179042691248346;0,135376118280581;0,314418809528927
"200";"REGIONAL";2021-05-17;2021;20;"ARS Norte";"All";111355;71557;4;182916;1230537;553046;31;1783614;679723;565670;1245393;0,34349543057344;0,189739718964704;0,157902655679982;0,347642374644686
"201";"REGIONAL";2021-05-24;2021;21;"ARS Norte";"All";73484;129722;8;203214;1304021;682768;39;1986828;630649;708415;1339064;0,364007953334039;0,176041069708354;0,197748881544954;0,373789951253309
"202";"REGIONAL";2021-05-31;2021;22;"ARS Norte";"All";55496;173173;7;228676;1359517;855941;46;2215504;530949;887923;1418872;0,379499257061682;0,148210541712714;0,247857230787096;0,39606777249981
"203";"REGIONAL";2021-06-07;2021;23;"ARS Norte";"All";107480;107139;8;214627;1466997;963080;54;2430131;528858;1005209;1534067;0,409501515326191;0,147626854310117;0,280596762447043;0,42822361675716
"204";"REGIONAL";2021-06-14;2021;24;"ARS Norte";"All";105605;153163;11;258779;1572602;1116243;65;2688910;486860;1168475;1655335;0,438980381013048;0,135903418856146;0,326171275824539;0,462074694680684
"205";"REGIONAL";2021-06-21;2021;25;"ARS Norte";"All";146618;105781;6;252405;1719220;1222024;71;2941315;530522;1287872;1818394;0,479907726586417;0,148091347776363;0,359500077741244;0,507591425517607
"206";"REGIONAL";2021-06-28;2021;26;"ARS Norte";"All";163842;117830;8;281680;1883062;1339854;79;3222995;567151;1421357;1988508;0,525643026163767;0,158316066030649;0,39676144212939;0,555077508160039
"207";"REGIONAL";2021-07-05;2021;27;"ARS Norte";"All";176194;159296;12;335502;2059256;1499150;91;3558497;579882;1599141;2179023;0,574826296471329;0,161869831847224;0,4463885493428;0,608258381190024
"208";"REGIONAL";2021-07-12;2021;28;"ARS Norte";"All";105464;157494;23;262981;2164720;1656644;114;3821478;560556;1773272;2333828;0,604265803036347;0,156475119870857;0,494995948243592;0,65147106811445
"209";"REGIONAL";2021-07-19;2021;29;"ARS Norte";"All";51962;190170;14;242146;2216682;1846814;128;4063624;460787;1976738;2437525;0,618770616433634;0,128625331028359;0,55179199848593;0,680417329514289
"210";"REGIONAL";2021-07-26;2021;30;"ARS Norte";"All";35410;185625;19;221054;2252092;2032439;147;4284678;334493;2173882;2508375;0,628655059726769;0,0933712818540212;0,606823308527782;0,700194590381803
"211";"REGIONAL";2021-08-02;2021;31;"ARS Norte";"All";42164;190281;10;232455;2294256;2222720;157;4517133;212851;2376047;2588898;0,640424832870282;0,0594158045576747;0,663256194106907;0,722671998664581
"212";"REGIONAL";2021-08-09;2021;32;"ARS Norte";"All";119358;148075;9;267442;2413614;2370795;166;4784575;225381;2541943;2767324;0,673742748221372;0,0629134626899252;0,709564852806654;0,77247831549658
"213";"REGIONAL";2021-08-16;2021;33;"ARS Norte";"All";149051;81285;11;230347;2562665;2452080;177;5014922;311597;2642927;2954524;0,715349248003502;0,0869800304098066;0,737753800039471;0,824733830449277
"214";"REGIONAL";2021-08-23;2021;34;"ARS Norte";"All";119219;34051;10;153280;2681884;2486131;187;5168202;384075;2692818;3076893;0,748628362518169;0,107211735606076;0,751680508888322;0,858892244494399
"215";"REGIONAL";2021-08-30;2021;35;"ARS Norte";"All";44830;111472;13;156315;2726714;2597603;200;5324517;308390;2814832;3123222;0,761142330121424;0,086084819744992;0,785739827272075;0,871824647017067
"216";"REGIONAL";2021-09-06;2021;36;"ARS Norte";"All";22090;129199;21;151310;2748804;2726802;221;5475827;197528;2948867;3146395;0,767308592542926;0,0551385008417548;0,823154720149665;0,87829322099142
"217";"REGIONAL";2021-09-13;2021;37;"ARS Norte";"All";14819;97247;20;112086;2763623;2824049;241;5587913;113349;3048718;3162067;0,771445208333973;0,0316405468182337;0,851027398694226;0,88266794551246
"218";"REGIONAL";2021-09-20;2021;38;"ARS Norte";"All";10397;37162;11;47570;2774020;2861211;252;5635483;84976;3087899;3172875;0,774347455069888;0,0237204307618614;0,861964489139534;0,885684919901396
"219";"REGIONAL";2021-09-27;2021;39;"ARS Norte";"All";6838;18913;19;25770;2780858;2880124;271;5661253;71323;3108648;3179971;0,776256232907743;0,0199092953684363;0,8677564211895;0,887665716557936
"220";"REGIONAL";2021-10-04;2021;40;"ARS Norte";"All";4920;14846;26;19792;2785778;2894970;297;5681045;60628;3124622;3185250;0,7776296150315;0,0169238641055137;0,87221544680838;0,889139310913894
"221";"REGIONAL";2021-10-11;2021;41;"ARS Norte";"All";5802;12570;0;18372;2791580;2907540;297;5699417;52469;3138607;3191076;0,779249201023784;0,0146463387502837;0,876119257580888;0,890765596331172
"222";"REGIONAL";2021-10-18;2021;42;"ARS Norte";"All";4228;9831;0;14059;2795808;2917371;297;5713476;45589;3149727;3195316;0,780429416393549;0,0127258369186888;0,879223324494745;0,891949161413434
"223";"REGIONAL";2021-10-25;2021;43;"ARS Norte";"All";4119;6365;0;10484;2799927;2923736;297;5723960;41994;3157446;3199440;0,781579205208133;0,0117223188831389;0,881378027058419;0,893100345941558
"224";"REGIONAL";2021-11-01;2021;44;"ARS Norte";"All";3041;4332;0;7373;2802968;2928068;297;5731333;39716;3162768;3202484;0,782428078183406;0,0110864317941311;0,882863624550824;0,893950056344956
"225";"REGIONAL";2021-11-08;2021;45;"ARS Norte";"All";4521;5588;0;10109;2807489;2933656;297;5741442;37083;3169923;3207006;0,783690082366639;0,0103514490437548;0,884860890627142;0,895212339670896
"226";"REGIONAL";2021-01-04;2021;1;"RA Madeira";"All";1837;5;0;1842;2545;6;0;2551;2540;6;2546;0,0101370190392735;0,0101171034812395;2,38986696407233e-05;0,0101410021508803
"227";"REGIONAL";2021-01-11;2021;2;"RA Madeira";"All";1805;4;0;1809;4350;10;0;4360;4339;12;4351;0,0173265354895244;0,0172827212618498;4,77973392814467e-05;0,0173305186011312
"228";"REGIONAL";2021-01-18;2021;3;"RA Madeira";"All";1179;596;1;1776;5529;606;1;6136;4922;608;5530;0,0220226240739265;0,0196048753286067;0,00242173185692663;0,0220266071855333
"229";"REGIONAL";2021-01-25;2021;4;"RA Madeira";"All";491;1722;4;2217;6020;2328;5;8353;3691;2330;6021;0,0239783318728591;0,0147016649406516;0,00928065004381423;0,0239823149844659
"230";"REGIONAL";2021-02-01;2021;5;"RA Madeira";"All";2265;1546;0;3811;8285;3874;5;12164;4410;3876;8286;0,0330000796622321;0,0175655221859316;0,0154385405879073;0,0330040627738389
"231";"REGIONAL";2021-02-08;2021;6;"RA Madeira";"All";3191;1161;1;4353;11476;5035;6;16517;6440;5037;11477;0,0457101887994902;0,0256512387477097;0,0200629331633872;0,0457141719110969
"232";"REGIONAL";2021-02-15;2021;7;"RA Madeira";"All";2596;707;2;3305;14072;5742;8;19822;8328;5745;14073;0,0560503465307098;0,033171353461324;0,0228829761809926;0,0560543296423166
"233";"REGIONAL";2021-02-22;2021;8;"RA Madeira";"All";2287;2164;1;4452;16359;7906;9;24274;8451;7909;16360;0,0651597227754322;0,0336612761889588;0,0315024296980801;0,065163705887039
"234";"REGIONAL";2021-03-01;2021;9;"RA Madeira";"All";1470;3135;1;4606;17829;11041;10;28880;6786;11044;17830;0,0710148968374094;0,0270293953636581;0,0439894845853581;0,0710188799490162
"235";"REGIONAL";2021-03-08;2021;10;"RA Madeira";"All";5009;2397;0;7406;22838;13438;10;36286;9398;13441;22839;0,0909663028758066;0,0374332828805863;0,0535370031068271;0,0909702859874134
"236";"REGIONAL";2021-03-15;2021;11;"RA Madeira";"All";3155;2335;1;5491;25993;15773;11;41777;10217;15777;25994;0,10353301999522;0,0406954512865451;0,062841551820282;0,103537003106827
"237";"REGIONAL";2021-03-22;2021;12;"RA Madeira";"All";5604;206;0;5810;31597;15979;11;47587;15616;15983;31599;0,125854377439656;0,0622002708515893;0,0636620728112802;0,125862343662869
"238";"REGIONAL";2021-03-29;2021;13;"RA Madeira";"All";1240;1279;0;2519;32837;17258;11;50106;15578;17263;32841;0,130793435832072;0,0620489126105313;0,0687604556679678;0,130809368278499
"239";"REGIONAL";2021-04-05;2021;14;"RA Madeira";"All";10221;1314;0;11535;43058;18572;11;61641;24484;18578;43062;0,171504819565044;0,0975225045805783;0,073998247430893;0,171520752011471
"240";"REGIONAL";2021-04-12;2021;15;"RA Madeira";"All";8538;1329;0;9867;51596;19901;11;71508;31688;19913;51601;0,205512626463794;0,126216840595873;0,079315701425954;0,205532542021827
"241";"REGIONAL";2021-04-19;2021;16;"RA Madeira";"All";9847;2154;1;12002;61443;22055;12;83510;39317;22132;61449;0,244734326455827;0,156603999044053;0,0881542260814148;0,244758225125468
"242";"REGIONAL";2021-04-26;2021;17;"RA Madeira";"All";8825;844;1;9670;70268;22899;13;93180;47306;22987;70293;0,279885286385725;0,188425077670676;0,0915597865052179;0,279984864175894
"243";"REGIONAL";2021-05-03;2021;18;"RA Madeira";"All";7669;5367;0;13036;77937;28266;13;106216;49612;28372;77984;0,310431769298176;0,197610133035928;0,113008842507767;0,310618975543695
"244";"REGIONAL";2021-05-10;2021;19;"RA Madeira";"All";11614;6574;4;18192;89551;34840;17;124408;54645;34957;89602;0,356691627499403;0,217657133752888;0,139237632438461;0,356894766191349
"245";"REGIONAL";2021-05-17;2021;20;"RA Madeira";"All";2424;7722;4;10150;91975;42562;21;134558;49349;42685;92034;0,366346690034255;0,196562574683343;0,170019118935713;0,366581693619055
"246";"REGIONAL";2021-05-24;2021;21;"RA Madeira";"All";3536;8997;1;12534;95511;51559;22;147092;43881;51698;95579;0,380430972675854;0,17478292041743;0,205918903847686;0,380701824265116
"247";"REGIONAL";2021-05-31;2021;22;"RA Madeira";"All";7654;11058;2;18714;103165;62617;24;165806;40779;62797;103576;0,410917708914204;0,162427308213176;0,250127459571417;0,412554767784593
"248";"REGIONAL";2021-06-07;2021;23;"RA Madeira";"All";3735;15307;8;19050;106900;77924;32;184856;31270;78141;109411;0,425794630765554;0,124551899944236;0,31124432406596;0,435796224010197
"249";"REGIONAL";2021-06-14;2021;24;"RA Madeira";"All";3676;8500;4;12180;110576;86424;36;197036;28943;86682;115625;0,440436549032104;0,115283199235243;0,34526408029953;0,460547279534773
"250";"REGIONAL";2021-06-21;2021;25;"RA Madeira";"All";12660;3765;10;16435;123236;90189;46;213471;37834;90588;128422;0,49086274197403;0,150697044531188;0,360822114235641;0,511519158766829
"251";"REGIONAL";2021-06-28;2021;26;"RA Madeira";"All";10160;12395;8;22563;133396;102584;54;236034;35684;103092;138776;0,531331155898988;0,142133354576595;0,410626941766908;0,552760296343504
"252";"REGIONAL";2021-07-05;2021;27;"RA Madeira";"All";12812;7043;7;19862;146208;109627;61;255896;41524;110479;152003;0,582362781805146;0,165394726360233;0,440050187206246;0,605444913566478
"253";"REGIONAL";2021-07-12;2021;28;"RA Madeira";"All";10665;5941;13;16619;156873;115568;74;272515;47145;117001;164146;0,624842667091532;0,187783796701984;0,466028041105712;0,653811837807695
"254";"REGIONAL";2021-07-19;2021;29;"RA Madeira";"All";4300;14891;7;19198;161173;130459;81;291713;38843;132139;170982;0,641970047000717;0,154716004142436;0,526324384609257;0,681040388751693
"255";"REGIONAL";2021-07-26;2021;30;"RA Madeira";"All";5583;13931;8;19522;166756;144390;89;311235;33451;146476;179927;0,66420775910141;0,133239066358639;0,583430255715765;0,716669322074404
"256";"REGIONAL";2021-08-02;2021;31;"RA Madeira";"All";4580;14419;3;19002;171336;158809;92;330237;25398;161250;186648;0,682450410260495;0,101163068589182;0,64227674659444;0,743439815183621
"257";"REGIONAL";2021-08-09;2021;32;"RA Madeira";"All";5423;11074;5;16502;176759;169883;97;346739;21214;172576;193790;0,704050824504103;0,0844977296263841;0,687389468652912;0,771887198279296
"258";"REGIONAL";2021-08-16;2021;33;"RA Madeira";"All";3634;8180;5;11819;180393;178063;102;358558;17729;180967;198696;0,718525452083167;0,0706165856767307;0,720811758145463;0,791428343822194
"259";"REGIONAL";2021-08-23;2021;34;"RA Madeira";"All";2202;6315;3;8520;182595;184378;105;367078;14404;187457;201861;0,727296263841313;0,0573727395841631;0,746662152473512;0,804034892057675
"260";"REGIONAL";2021-08-30;2021;35;"RA Madeira";"All";1802;5886;2;7690;184397;190264;107;374768;11148;193569;204717;0,734473830956743;0,044403728192464;0,771006930614196;0,81541065880666
"261";"REGIONAL";2021-09-06;2021;36;"RA Madeira";"All";1307;4805;3;6115;185704;195069;110;380883;8082;198594;206676;0,739679757826814;0,0321915080060543;0,791022066438302;0,823213574444356
"262";"REGIONAL";2021-09-13;2021;37;"RA Madeira";"All";853;2901;3;3757;186557;197970;113;384640;6219;201711;207930;0,743077352027404;0,0247709710826097;0,803437425316657;0,828208396399267
"263";"REGIONAL";2021-09-20;2021;38;"RA Madeira";"All";817;2141;1;2959;187374;200111;114;387599;4909;204104;209013;0,746331554210149;0,0195530948777185;0,812969011391699;0,832522106269418
"264";"REGIONAL";2021-09-27;2021;39;"RA Madeira";"All";789;1362;7;2158;188163;201473;121;389757;4210;205630;209840;0,749474229267904;0,0167688998645742;0,819047239703656;0,835816139568231
"265";"REGIONAL";2021-10-04;2021;40;"RA Madeira";"All";643;868;117;1628;188806;202341;238;391385;3865;206652;210517;0,752035370031068;0,0153947263602326;0,823117979765793;0,838512706126026
"266";"REGIONAL";2021-10-11;2021;41;"RA Madeira";"All";629;711;6;1346;189435;203052;244;392731;3690;207475;211165;0,754540747231737;0,0146976818290448;0,826396080618179;0,841093762447224
"267";"REGIONAL";2021-10-18;2021;42;"RA Madeira";"All";605;706;2;1313;190040;203758;246;394044;3530;208248;211778;0,756950529753844;0,0140603839719589;0,829475025890225;0,843535409862184
"268";"REGIONAL";2021-10-25;2021;43;"RA Madeira";"All";466;637;0;1103;190506;204395;246;395147;3312;208938;212250;0,758806659762607;0,0131920656416793;0,832223372898909;0,845415438540588
"269";"REGIONAL";2021-11-01;2021;44;"RA Madeira";"All";387;527;0;914;190893;204922;246;396061;3110;209527;212637;0,760348123954433;0,0123874770971083;0,834569425635306;0,846956902732415
"270";"REGIONAL";2021-11-08;2021;45;"RA Madeira";"All";503;558;0;1061;191396;205480;246;397122;2998;210147;213145;0,762351629092647;0,0119413685971481;0,837038954831514;0,848980323428662
"271";"REGIONAL";2021-01-04;2021;1;"RA Acores";"All";3683;3;1;3687;5727;4;3;5734;5723;4;5727;0,0241995799828444;0,0241826778840262;1,69020988181207e-05;0,0241995799828444
"272";"REGIONAL";2021-01-11;2021;2;"RA Acores";"All";29;3;0;32;5756;7;3;5766;5749;7;5756;0,0243221201992757;0,024292541526344;2,95786729317113e-05;0,0243221201992757
"273";"REGIONAL";2021-01-18;2021;3;"RA Acores";"All";82;1987;2;2071;5838;1994;5;7837;3844;1994;5838;0,0246686132250472;0,016242916964214;0,00842569626083319;0,0246686132250472
"274";"REGIONAL";2021-01-25;2021;4;"RA Acores";"All";315;3623;3;3941;6153;5617;8;11778;536;5617;6153;0,0259996535069742;0,00226488124162818;0,023734772265346;0,0259996535069742
"275";"REGIONAL";2021-02-01;2021;5;"RA Acores";"All";1897;34;1;1932;8050;5651;9;13710;2399;5651;8050;0,034015473871468;0,0101370337661679;0,0238784401053001;0,034015473871468
"276";"REGIONAL";2021-02-08;2021;6;"RA Acores";"All";1071;55;1;1127;9121;5706;10;14837;3415;5706;9121;0,0385410108300198;0,0144301668659706;0,0241108439640492;0,0385410108300198
"277";"REGIONAL";2021-02-15;2021;7;"RA Acores";"All";2098;370;1;2469;11219;6076;11;17306;5143;6076;11219;0,0474061616601241;0,0217318735553987;0,0256742881047254;0,0474061616601241
"278";"REGIONAL";2021-02-22;2021;8;"RA Acores";"All";1505;1645;3;3153;12724;7721;14;20459;5002;7722;12724;0,0537655763404421;0,02113607457206;0,0326295017683821;0,0537655763404421
"279";"REGIONAL";2021-03-01;2021;9;"RA Acores";"All";792;1215;4;2011;13516;8936;18;22470;4579;8937;13516;0,05711219190643;0,0193486776220437;0,0377635142843863;0,05711219190643
"280";"REGIONAL";2021-03-08;2021;10;"RA Acores";"All";2778;2082;2;4862;16294;11018;20;27332;5268;11028;16296;0,0688506995356148;0,022260064143465;0,0465990864415589;0,0688591505850239
"281";"REGIONAL";2021-03-15;2021;11;"RA Acores";"All";2553;1468;4;4025;18847;12486;24;31357;6349;12502;18851;0,0796384641062804;0,0268278563490621;0,0528275098560364;0,0796553662050985
"282";"REGIONAL";2021-03-22;2021;12;"RA Acores";"All";4176;755;5;4936;23023;13241;29;36293;9761;13266;23027;0,0972842552723985;0,0412453466409191;0,0560558107302974;0,0973011573712166
"283";"REGIONAL";2021-03-29;2021;13;"RA Acores";"All";2240;784;2;3026;25263;14025;31;39319;11214;14054;25268;0,106749430610546;0,0473850340366015;0,0593855241974672;0,106770558234069
"284";"REGIONAL";2021-04-05;2021;14;"RA Acores";"All";3906;2392;5;6303;29169;16417;36;45622;12713;16467;29180;0,123254330106441;0,0537190955686922;0,0695817153094986;0,123300810878191
"285";"REGIONAL";2021-04-12;2021;15;"RA Acores";"All";4253;2414;7;6674;33422;18831;43;52296;14538;18897;33435;0,141225486674808;0,0614306781544598;0,0798497403415069;0,141280418495967
"286";"REGIONAL";2021-04-19;2021;16;"RA Acores";"All";7932;1076;13;9021;41354;19907;56;61317;21337;20030;41367;0,174742348631141;0,0901600206205606;0,0846372598317396;0,1747972804523
"287";"REGIONAL";2021-04-26;2021;17;"RA Acores";"All";9316;3004;8;12328;50670;22911;64;73645;27610;23096;50706;0,214107336778544;0,116666737092078;0,0975927185758292;0,214259455667908
"288";"REGIONAL";2021-05-03;2021;18;"RA Acores";"All";9741;2963;11;12715;60411;25874;75;86360;34368;26113;60481;0,255268172925373;0,145222833045293;0,110341126609397;0,25556395965469
"289";"REGIONAL";2021-05-10;2021;19;"RA Acores";"All";9459;2440;10;11909;69870;28314;85;98269;41359;28584;69943;0,295237411105524;0,174763476254664;0,120782398154291;0,295545874408955
"290";"REGIONAL";2021-05-17;2021;20;"RA Acores";"All";12108;5190;10;17308;81978;33504;95;115577;48242;33816;82058;0,346400064227976;0,203847762795945;0,142890343408393;0,346738106204338
"291";"REGIONAL";2021-05-24;2021;21;"RA Acores";"All";5620;8206;77;13903;87598;41710;172;129480;45649;42043;87692;0,370147513067435;0,192890977237098;0,177653735152563;0,370544712389661
"292";"REGIONAL";2021-05-31;2021;22;"RA Acores";"All";5522;10522;21;16065;93120;52232;193;145545;40685;52598;93283;0,393480860485851;0,171915472603811;0,222254148408879;0,394169621012689
"293";"REGIONAL";2021-06-07;2021;23;"RA Acores";"All";7886;12254;34;20174;101006;64486;227;165719;36290;64905;101195;0,426803348305776;0,1533442915274;0,274257680947532;0,427601972474932
"294";"REGIONAL";2021-06-14;2021;24;"RA Acores";"All";9294;7917;38;17249;110300;72403;265;182968;38104;72890;110994;0,466075374909679;0,161009393341418;0,307998495713205;0,469007889054623
"295";"REGIONAL";2021-06-21;2021;25;"RA Acores";"All";7571;10365;47;17983;117871;82768;312;200951;38064;83347;121411;0,498066822447677;0,160840372353237;0,352184807548477;0,513025179901714
"296";"REGIONAL";2021-06-28;2021;26;"RA Acores";"All";6756;12561;127;19444;124627;95329;439;220395;33687;96035;129722;0,526614467351483;0,142345250721508;0,405798264999556;0,548143515721065
"297";"REGIONAL";2021-07-05;2021;27;"RA Acores";"All";6237;16371;47;22655;130864;111700;486;243050;25325;112563;137888;0,552969064933638;0,107011413142227;0,475637737316031;0,582649150458258
"298";"REGIONAL";2021-07-12;2021;28;"RA Acores";"All";2984;11967;41;14992;133848;123667;527;258042;17972;124634;142606;0,565578030651956;0,0759411299898165;0,526644046024415;0,602585176014232
"299";"REGIONAL";2021-07-19;2021;29;"RA Acores";"All";5717;9083;33;14833;139565;132750;560;272875;16287;133924;150211;0,589735355387755;0,0688211208626831;0,5658991705295;0,634720291392184
"300";"REGIONAL";2021-07-26;2021;30;"RA Acores";"All";7015;9055;28;16098;146580;141805;588;288973;16676;143342;160018;0,619377411190035;0,0704648499727454;0,605695162196766;0,676160012169511
"301";"REGIONAL";2021-08-02;2021;31;"RA Acores";"All";9646;6736;25;16407;156226;148541;613;305380;22959;150406;173365;0,660136822489933;0,0970138216913085;0,635544268709567;0,732558090400875
"302";"REGIONAL";2021-08-09;2021;32;"RA Acores";"All";5066;6660;32;11758;161292;155201;645;317138;22728;157330;180058;0,681543330643083;0,096037725484562;0,664801801763734;0,760839527248296
"303";"REGIONAL";2021-08-16;2021;33;"RA Acores";"All";2394;7436;35;9865;163686;162637;680;327003;18365;164895;183260;0,691659236785728;0,0776017611986968;0,696767896153505;0,774369657352202
"304";"REGIONAL";2021-08-23;2021;34;"RA Acores";"All";5743;9398;14;15155;169429;172035;694;342158;15017;174418;189435;0,715926425163845;0,0634547044879298;0,737007567914746;0,800462272402676
"305";"REGIONAL";2021-08-30;2021;35;"RA Acores";"All";3156;5566;13;8735;172585;177601;707;350893;12745;180080;192825;0,729262181131342;0,0538543123592372;0,760932488791796;0,814786801151033
"306";"REGIONAL";2021-09-06;2021;36;"RA Acores";"All";2099;2921;15;5035;174684;180522;722;355928;11405;183754;195159;0,738131557486151;0,0481921092551668;0,77645706655624;0,824649175811406
"307";"REGIONAL";2021-09-13;2021;37;"RA Acores";"All";873;5327;31;6231;175557;185849;753;362159;6744;189394;196138;0,741820440553206;0,0284969386073516;0,80028902588979;0,828785964497141
"308";"REGIONAL";2021-09-20;2021;38;"RA Acores";"All";782;3390;20;4192;176339;189239;773;366351;4062;192953;197015;0,745124800872148;0,0171640813498016;0,815327668313213;0,832491749663014
"309";"REGIONAL";2021-09-27;2021;39;"RA Acores";"All";534;1614;29;2177;176873;190853;802;368528;2993;194710;197703;0,747381231064367;0,0126469954406588;0,822751915219072;0,835398910659731
"310";"REGIONAL";2021-10-04;2021;40;"RA Acores";"All";416;723;20;1159;177289;191576;822;369687;2632;195567;198199;0,749139049341452;0,0111215810223234;0,826373189890855;0,837494770913178
"311";"REGIONAL";2021-10-11;2021;41;"RA Acores";"All";396;749;0;1145;177685;192325;822;370832;2251;196435;198686;0,750812357124446;0,00951165610989745;0,830040945334387;0,839552601444284
"312";"REGIONAL";2021-10-18;2021;42;"RA Acores";"All";285;456;0;741;177970;192781;822;371573;2045;196976;199021;0,752016631665237;0,00864119802076423;0,832326954199538;0,840968152220302
"313";"REGIONAL";2021-10-25;2021;43;"RA Acores";"All";236;360;1;597;178206;193141;823;372170;1893;197408;199301;0,753013855495506;0,00799891826567564;0,834152380871895;0,84215129913757
"314";"REGIONAL";2021-11-01;2021;44;"RA Acores";"All";229;318;0;547;178435;193459;823;372717;1777;197783;199560;0,753981500652844;0,00750875739995014;0,835736952636094;0,843245710036044
"315";"REGIONAL";2021-11-08;2021;45;"RA Acores";"All";190;211;0;401;178625;193670;823;373118;1733;198038;199771;0,754784350346704;0,00732283431295081;0,836814461435749;0,8441372957487
"316";"REGIONAL";2021-01-04;2021;1;"Outro";"All";0;0;0;0;0;0;0;0;0;0;0;NA;NA;NA;NA
"317";"REGIONAL";2021-01-11;2021;2;"Outro";"All";0;0;0;0;0;0;0;0;0;0;0;NA;NA;NA;NA
"318";"REGIONAL";2021-01-18;2021;3;"Outro";"All";0;0;0;0;0;0;0;0;0;0;0;NA;NA;NA;NA
"319";"REGIONAL";2021-01-25;2021;4;"Outro";"All";0;0;0;0;0;0;0;0;0;0;0;NA;NA;NA;NA
"320";"REGIONAL";2021-02-01;2021;5;"Outro";"All";0;0;0;0;0;0;0;0;0;0;0;NA;NA;NA;NA
"321";"REGIONAL";2021-02-08;2021;6;"Outro";"All";0;0;0;0;0;0;0;0;0;0;0;NA;NA;NA;NA
"322";"REGIONAL";2021-02-15;2021;7;"Outro";"All";0;0;0;0;0;0;0;0;0;0;0;NA;NA;NA;NA
"323";"REGIONAL";2021-02-22;2021;8;"Outro";"All";0;0;0;0;0;0;0;0;0;0;0;NA;NA;NA;NA
"324";"REGIONAL";2021-03-01;2021;9;"Outro";"All";0;0;0;0;0;0;0;0;0;0;0;NA;NA;NA;NA
"325";"REGIONAL";2021-03-08;2021;10;"Outro";"All";0;0;0;0;0;0;0;0;0;0;0;NA;NA;NA;NA
"326";"REGIONAL";2021-03-15;2021;11;"Outro";"All";0;0;0;0;0;0;0;0;0;0;0;NA;NA;NA;NA
"327";"REGIONAL";2021-03-22;2021;12;"Outro";"All";0;0;0;0;0;0;0;0;0;0;0;NA;NA;NA;NA
"328";"REGIONAL";2021-03-29;2021;13;"Outro";"All";0;0;0;0;0;0;0;0;0;0;0;NA;NA;NA;NA
"329";"REGIONAL";2021-04-05;2021;14;"Outro";"All";0;0;0;0;0;0;0;0;0;0;0;NA;NA;NA;NA
"330";"REGIONAL";2021-04-12;2021;15;"Outro";"All";0;0;0;0;0;0;0;0;0;0;0;NA;NA;NA;NA
"331";"REGIONAL";2021-04-19;2021;16;"Outro";"All";0;0;0;0;0;0;0;0;0;0;0;NA;NA;NA;NA
"332";"REGIONAL";2021-04-26;2021;17;"Outro";"All";0;0;0;0;0;0;0;0;0;0;0;NA;NA;NA;NA
"333";"REGIONAL";2021-05-03;2021;18;"Outro";"All";0;0;0;0;0;0;0;0;0;0;0;NA;NA;NA;NA
"334";"REGIONAL";2021-05-10;2021;19;"Outro";"All";0;0;0;0;0;0;0;0;0;0;0;NA;NA;NA;NA
"335";"REGIONAL";2021-05-17;2021;20;"Outro";"All";0;0;0;0;0;0;0;0;0;0;0;NA;NA;NA;NA
"336";"REGIONAL";2021-05-24;2021;21;"Outro";"All";0;0;0;0;0;0;0;0;0;0;0;NA;NA;NA;NA
"337";"REGIONAL";2021-05-31;2021;22;"Outro";"All";0;0;0;0;0;0;0;0;0;0;0;NA;NA;NA;NA
"338";"REGIONAL";2021-06-07;2021;23;"Outro";"All";0;0;0;0;0;0;0;0;0;0;0;NA;NA;NA;NA
"339";"REGIONAL";2021-06-14;2021;24;"Outro";"All";0;0;0;0;0;0;0;0;0;0;0;NA;NA;NA;NA
"340";"REGIONAL";2021-06-21;2021;25;"Outro";"All";0;0;0;0;0;0;0;0;0;0;0;NA;NA;NA;NA
"341";"REGIONAL";2021-06-28;2021;26;"Outro";"All";0;0;0;0;0;0;0;0;0;0;0;NA;NA;NA;NA
"342";"REGIONAL";2021-07-05;2021;27;"Outro";"All";0;0;0;0;0;0;0;0;0;0;0;NA;NA;NA;NA
"343";"REGIONAL";2021-07-12;2021;28;"Outro";"All";0;0;0;0;0;0;0;0;0;0;0;NA;NA;NA;NA
"344";"REGIONAL";2021-07-19;2021;29;"Outro";"All";0;0;0;0;0;0;0;0;0;0;0;NA;NA;NA;NA
"345";"REGIONAL";2021-07-26;2021;30;"Outro";"All";0;0;0;0;0;0;0;0;0;0;0;NA;NA;NA;NA
"346";"REGIONAL";2021-08-02;2021;31;"Outro";"All";0;0;0;0;0;0;0;0;0;0;0;NA;NA;NA;NA
"347";"REGIONAL";2021-08-09;2021;32;"Outro";"All";0;0;0;0;0;0;0;0;0;0;0;NA;NA;NA;NA
"348";"REGIONAL";2021-08-16;2021;33;"Outro";"All";0;0;0;0;0;0;0;0;0;0;0;NA;NA;NA;NA
"349";"REGIONAL";2021-08-23;2021;34;"Outro";"All";0;0;0;0;0;0;0;0;0;0;0;NA;NA;NA;NA
"350";"REGIONAL";2021-08-30;2021;35;"Outro";"All";0;0;0;0;0;0;0;0;0;0;0;NA;NA;NA;NA
"351";"REGIONAL";2021-09-06;2021;36;"Outro";"All";0;0;0;0;0;0;0;0;0;0;0;NA;NA;NA;NA
"352";"REGIONAL";2021-09-13;2021;37;"Outro";"All";0;0;0;0;0;0;0;0;0;0;0;NA;NA;NA;NA
"353";"REGIONAL";2021-09-20;2021;38;"Outro";"All";0;0;0;0;0;0;0;0;0;0;0;NA;NA;NA;NA
"354";"REGIONAL";2021-09-27;2021;39;"Outro";"All";0;0;0;0;0;0;0;0;0;0;0;NA;NA;NA;NA
"355";"REGIONAL";2021-10-04;2021;40;"Outro";"All";0;0;0;0;0;0;0;0;0;0;0;NA;NA;NA;NA
"356";"REGIONAL";2021-10-11;2021;41;"Outro";"All";0;0;0;0;0;0;0;0;0;0;0;NA;NA;NA;NA
"357";"REGIONAL";2021-10-18;2021;42;"Outro";"All";0;0;0;0;0;0;0;0;0;0;0;NA;NA;NA;NA
"358";"REGIONAL";2021-10-25;2021;43;"Outro";"All";0;0;0;0;0;0;0;0;0;0;0;NA;NA;NA;NA
"359";"REGIONAL";2021-11-01;2021;44;"Outro";"All";0;0;0;0;0;0;0;0;0;0;0;NA;NA;NA;NA
"360";"REGIONAL";2021-11-08;2021;45;"Outro";"All";0;0;0;0;0;0;0;0;0;0;0;NA;NA;NA;NA
"361";"AGES";2021-01-04;2021;1;"All";"12-17 anos";5;0;0;5;7;0;0;7;7;0;7;1,12451786296625e-05;1,12451786296625e-05;0;1,12451786296625e-05
"362";"AGES";2021-01-11;2021;2;"All";"12-17 anos";16;0;0;16;23;0;0;23;23;0;23;3,69484440688912e-05;3,69484440688912e-05;0;3,69484440688912e-05
"363";"AGES";2021-01-18;2021;3;"All";"12-17 anos";70;1;0;71;93;1;0;94;92;1;93;0,000149400230365517;0,000147793776275565;1,60645408995179e-06;0,000149400230365517
"364";"AGES";2021-01-25;2021;4;"All";"12-17 anos";16;3;0;19;109;4;0;113;105;4;109;0,000175103495804745;0,000168677679444938;6,42581635980716e-06;0,000175103495804745
"365";"AGES";2021-02-01;2021;5;"All";"12-17 anos";35;4;0;39;144;8;0;152;136;8;144;0,000231329388953058;0,000218477756233443;1,28516327196143e-05;0,000231329388953058
"366";"AGES";2021-02-08;2021;6;"All";"12-17 anos";38;66;0;104;182;74;0;256;108;74;182;0,000292374644371226;0,000173497041714793;0,000118877602656432;0,000292374644371226
"367";"AGES";2021-02-15;2021;7;"All";"12-17 anos";32;16;0;48;214;90;0;304;124;90;214;0,000343781175249683;0,000199200307154022;0,000144580868095661;0,000343781175249683
"368";"AGES";2021-02-22;2021;8;"All";"12-17 anos";25;33;0;58;239;123;0;362;116;123;239;0,000383942527498478;0,000186348674434408;0,00019759385306407;0,000383942527498478
"369";"AGES";2021-03-01;2021;9;"All";"12-17 anos";13;30;0;43;252;153;0;405;99;153;252;0,000404826430667851;0,000159038954905227;0,000245787475762624;0,000404826430667851
"370";"AGES";2021-03-08;2021;10;"All";"12-17 anos";20;25;0;45;272;178;0;450;93;179;272;0,000436955512466887;0,000149400230365517;0,00028755528210137;0,000436955512466887
"371";"AGES";2021-03-15;2021;11;"All";"12-17 anos";6;23;0;29;278;201;0;479;76;202;278;0,000446594237006598;0,000122090510836336;0,000324503726170262;0,000446594237006598
"372";"AGES";2021-03-22;2021;12;"All";"12-17 anos";33;11;0;44;311;212;0;523;98;213;311;0,000499607221975007;0,000157432500815275;0,000342174721159731;0,000499607221975007
"373";"AGES";2021-03-29;2021;13;"All";"12-17 anos";16;14;0;30;327;226;0;553;100;227;327;0,000525310487414235;0,000160645408995179;0,000364665078419056;0,000525310487414235
"374";"AGES";2021-04-05;2021;14;"All";"12-17 anos";34;6;0;40;361;232;0;593;128;233;361;0,000579929926472596;0,000205626123513829;0,000374303802958767;0,000579929926472596
"375";"AGES";2021-04-12;2021;15;"All";"12-17 anos";48;11;0;59;409;243;0;652;165;244;409;0,000657039722790282;0,000265064924842045;0,000391974797948237;0,000657039722790282
"376";"AGES";2021-04-19;2021;16;"All";"12-17 anos";31;14;0;45;440;257;0;697;180;260;440;0,000706839799578788;0,000289161736191322;0,000417678063387465;0,000706839799578788
"377";"AGES";2021-04-26;2021;17;"All";"12-17 anos";51;29;0;80;491;286;0;777;201;290;491;0,000788768958166329;0,00032289727208031;0,000465871686086019;0,000788768958166329
"378";"AGES";2021-05-03;2021;18;"All";"12-17 anos";112;16;0;128;603;302;0;905;296;307;603;0,00096869181624093;0,00047551041062573;0,0004931814056152;0,00096869181624093
"379";"AGES";2021-05-10;2021;19;"All";"12-17 anos";175;47;0;222;778;349;0;1127;424;354;778;0,00124982128198249;0,000681136534139559;0,000568684747842934;0,00124982128198249
"380";"AGES";2021-05-17;2021;20;"All";"12-17 anos";318;27;0;345;1096;376;0;1472;715;381;1096;0,00176067368258716;0,00114861467431553;0,000612059008271632;0,00176067368258716
"381";"AGES";2021-05-24;2021;21;"All";"12-17 anos";308;40;0;348;1404;416;0;1820;977;427;1404;0,00225546154229231;0,0015695056458829;0,000685955896409414;0,00225546154229231
"382";"AGES";2021-05-31;2021;22;"All";"12-17 anos";282;121;0;403;1686;537;0;2223;1126;560;1686;0,00270848159565872;0,00180886730528572;0,000899614290373003;0,00270848159565872
"383";"AGES";2021-06-07;2021;23;"All";"12-17 anos";405;171;0;576;2091;708;0;2799;1355;737;2092;0,00335909550208919;0,00217674529188468;0,00118395666429447;0,00336070195617915
"384";"AGES";2021-06-14;2021;24;"All";"12-17 anos";589;338;0;927;2680;1046;0;3726;1603;1080;2683;0,0043052969610708;0,00257514590619272;0,00173497041714793;0,00431011632334065
"385";"AGES";2021-06-21;2021;25;"All";"12-17 anos";415;298;1;714;3095;1344;1;4440;1716;1389;3105;0,00497197540840079;0,00275667521835727;0,00223136473094304;0,00498803994930031
"386";"AGES";2021-06-28;2021;26;"All";"12-17 anos";240;286;0;526;3335;1630;1;4966;1665;1680;3345;0,00535752438998922;0,00267474605976973;0,00269884287111901;0,00537358893088874
"387";"AGES";2021-07-05;2021;27;"All";"12-17 anos";448;669;1;1118;3783;2299;2;6084;1434;2360;3794;0,00607721582228762;0,00230365516499087;0,00379123165228622;0,00609488681727709
"388";"AGES";2021-07-12;2021;28;"All";"12-17 anos";281;322;1;604;4064;2621;3;6688;1390;2701;4091;0,00652862942156408;0,00223297118503299;0,00433903249695979;0,00657200368199277
"389";"AGES";2021-07-19;2021;29;"All";"12-17 anos";275;285;2;562;4339;2906;5;7250;1369;3008;4377;0,00697040429630082;0,002199235649144;0,00483221390257499;0,00703144955171899
"390";"AGES";2021-07-26;2021;30;"All";"12-17 anos";1634;402;0;2036;5973;3308;5;9286;2563;3457;6020;0,00959535027928204;0,00411734183254644;0,00555351178896334;0,00967085362150978
"391";"AGES";2021-08-02;2021;31;"All";"12-17 anos";4638;220;1;4859;10611;3528;6;14145;6849;3839;10688;0,0170460843484784;0,0110026040620798;0,00616717725132492;0,0171697813134047
"392";"AGES";2021-08-09;2021;32;"All";"12-17 anos";142707;426;2;143135;153318;3954;8;157280;137994;15527;153521;0,246298328163229;0,221681025688807;0,0249434126546814;0,246624438343489
"393";"AGES";2021-08-16;2021;33;"All";"12-17 anos";177948;1590;1;179539;331266;5544;9;336819;302157;29378;331535;0,53216362056197;0,485401348457563;0,0471944082546037;0,532595756712167
"394";"AGES";2021-08-23;2021;34;"All";"12-17 anos";132454;3950;4;136408;463720;9494;13;473227;421850;42163;464013;0,744944890592444;0,677682657846163;0,0677329237946373;0,7454155816408
"395";"AGES";2021-08-30;2021;35;"All";"12-17 anos";42155;110147;14;152316;505875;119641;27;625543;349171;157005;506176;0,812664962754362;0,560927181042557;0,252221324392881;0,813148505435437
"396";"AGES";2021-09-06;2021;36;"All";"12-17 anos";20570;162787;15;183372;526445;282428;42;808915;205133;321616;526749;0,84570972338467;0,329536746834081;0,516661338593935;0,846198085428016
"397";"AGES";2021-09-13;2021;37;"All";"12-17 anos";12844;126953;33;139830;539289;409381;75;948745;89774;449820;539594;0,866343019716011;0,144217809471332;0,722615178742114;0,866832988213446
"398";"AGES";2021-09-20;2021;38;"All";"12-17 anos";5670;41699;16;47385;544959;451080;91;996130;52800;492465;545265;0,875451614406038;0,0848207759494545;0,791122413408108;0,875943189357563
"399";"AGES";2021-09-27;2021;39;"All";"12-17 anos";3263;17240;15;20518;548222;468320;106;1016648;38030;510500;548530;0,88069347410155;0,0610934490408666;0,820094812920389;0,881188261961256
"400";"AGES";2021-10-04;2021;40;"All";"12-17 anos";2329;10968;5;13302;550551;479288;111;1029950;28987;521873;550860;0,884434905677048;0,0465662847054325;0,838365015285411;0,884931299990843
"401";"AGES";2021-10-11;2021;41;"All";"12-17 anos";2596;6748;0;9344;553147;486036;111;1039294;24348;529109;553457;0,888605260494563;0,0391139441821462;0,849989317080302;0,889103261262448
"402";"AGES";2021-10-18;2021;42;"All";"12-17 anos";2069;4123;0;6192;555216;490159;111;1045486;21798;533728;555526;0,891929014006673;0,0350174862527691;0,857409528521789;0,892427014774558
"403";"AGES";2021-10-25;2021;43;"All";"12-17 anos";2134;2736;0;4870;557350;492895;111;1050356;20638;537022;557660;0,89535718703463;0,033153999508425;0,86270118829409;0,895855187802515
"404";"AGES";2021-11-01;2021;44;"All";"12-17 anos";1785;2252;0;4037;559135;495147;111;1054393;19679;539766;559445;0,898224707585194;0,0316134100361613;0,867109298316918;0,898722708353079
"405";"AGES";2021-11-08;2021;45;"All";"12-17 anos";2581;2109;0;4690;561716;497256;111;1059083;19394;542632;562026;0,90237096559136;0,031155570620525;0,87171339573872;0,902868966359245
"406";"AGES";2021-01-04;2021;1;"All";"18-24 anos";1854;4;0;1858;3225;5;0;3230;3219;6;3225;0,0041283963260473;0,00412071558869651;7,68073735078567e-06;0,0041283963260473
"407";"AGES";2021-01-11;2021;2;"All";"18-24 anos";1452;59;0;1511;4677;64;0;4741;4613;66;4679;0,00598713476493743;0,00590520689986239;8,44881108586424e-05;0,00598969501072103
"408";"AGES";2021-01-18;2021;3;"All";"18-24 anos";3875;1202;0;5077;8552;1266;0;9818;7284;1271;8555;0,0109476109706532;0,00932441514385381;0,00162703619547477;0,0109514513393286
"409";"AGES";2021-01-25;2021;4;"All";"18-24 anos";1403;1648;1;3052;9955;2914;1;12870;7040;2920;9960;0,0127436233878452;0,00901206515825519;0,00373795884404903;0,0127500240023042
"410";"AGES";2021-02-01;2021;5;"All";"18-24 anos";1002;947;0;1949;10957;3861;1;14819;7094;3869;10963;0,0140263065254264;0,00908119179441226;0,00495279546836496;0,0140339872627772
"411";"AGES";2021-02-08;2021;6;"All";"18-24 anos";1488;3079;0;4567;12445;6940;1;19386;5491;6960;12451;0,0159311293884213;0,00702915479886069;0,00890965532691138;0,0159388101257721
"412";"AGES";2021-02-15;2021;7;"All";"18-24 anos";2334;1752;1;4087;14779;8692;2;23473;6034;8751;14785;0,0189189362178769;0,00772426152910679;0,0112023554261209;0,0189266169552277
"413";"AGES";2021-02-22;2021;8;"All";"18-24 anos";1343;708;1;2052;16122;9400;3;25525;6640;9488;16128;0,0206381412615611;0,00850001600153615;0,0121458059973757;0,0206458219989119
"414";"AGES";2021-03-01;2021;9;"All";"18-24 anos";962;1050;1;2013;17084;10450;4;27538;6531;10561;17092;0,0218696194834704;0,00836048260633021;0,0135193778602746;0,0218798604666048
"415";"AGES";2021-03-08;2021;10;"All";"18-24 anos";1401;651;1;2053;18485;11101;5;29591;7273;11223;18496;0,0236630716548789;0,00931033379204404;0,0143668192146446;0,0236771530066886
"416";"AGES";2021-03-15;2021;11;"All";"18-24 anos";291;404;1;696;18776;11505;6;30287;7160;11629;18789;0,024035587416392;0,00916567990527091;0,0148865491087144;0,0240522290139853
"417";"AGES";2021-03-22;2021;12;"All";"18-24 anos";3315;183;0;3498;22091;11688;6;33785;10277;11828;22105;0,0282791948027011;0,0131558229590041;0,0151412935641822;0,0282971165231862
"418";"AGES";2021-03-29;2021;13;"All";"18-24 anos";702;112;0;814;22793;11800;6;34599;10856;11955;22811;0,029177841072743;0,0138970141133549;0,0153038691714405;0,0292008832847953
"419";"AGES";2021-04-05;2021;14;"All";"18-24 anos";816;200;0;1016;23609;12000;6;35615;11480;12163;23643;0,0302224213524498;0,0146958107978366;0,0155701347329344;0,030265945530771
"420";"AGES";2021-04-12;2021;15;"All";"18-24 anos";4316;115;0;4431;27925;12115;6;40046;15670;12296;27966;0,0357474317534483;0,0200595257144686;0,0157403910775434;0,035799916792012
"421";"AGES";2021-04-19;2021;16;"All";"18-24 anos";1319;116;0;1435;29244;12231;6;41481;16833;12452;29285;0,0374359138477294;0,0215483086376292;0,0159400902486639;0,0374883988862931
"422";"AGES";2021-04-26;2021;17;"All";"18-24 anos";2690;189;0;2879;31934;12420;6;44360;19333;12672;32005;0,040879444426665;0,0247486158671232;0,0162217172848593;0,0409703331519826
"423";"AGES";2021-05-03;2021;18;"All";"18-24 anos";1856;853;0;2709;33790;13273;6;47069;20352;13560;33912;0,0432553525138413;0,026053061093865;0,0173584664127756;0,0434115275066406
"424";"AGES";2021-05-10;2021;19;"All";"18-24 anos";2273;5434;1;7708;36063;18707;7;54777;17171;19029;36200;0,0461650718468973;0,0219809901750568;0,0243594585080168;0,0463404486830736
"425";"AGES";2021-05-17;2021;20;"All";"18-24 anos";2124;2490;0;4614;38187;21197;7;59391;16739;21590;38329;0,0488840528690754;0,0214279770858002;0,0276378532339105;0,0490658303197107
"426";"AGES";2021-05-24;2021;21;"All";"18-24 anos";2300;3314;1;5615;40487;24511;8;65006;15530;25122;40652;0,0518283355202099;0,0198803085096169;0,0321592472877396;0,0520395557973565
"427";"AGES";2021-05-31;2021;22;"All";"18-24 anos";2405;2717;1;5123;42892;27228;9;70129;14971;28097;43068;0,0549070310749832;0,0191647198131021;0,0359676128908375;0,0551323327039396
"428";"AGES";2021-06-07;2021;23;"All";"18-24 anos";2901;2955;1;5857;45793;30183;10;75986;14733;31273;46006;0,0586206675840881;0,0188600505648542;0,0400332831951867;0,058893333760041
"429";"AGES";2021-06-14;2021;24;"All";"18-24 anos";3133;4671;2;7806;48926;34854;12;83792;13211;36209;49420;0,06263129260409;0,0169117035235383;0,0463519697890998;0,063263673312638
"430";"AGES";2021-06-21;2021;25;"All";"18-24 anos";2963;3066;2;6031;51889;37920;14;89823;13295;39618;52913;0,0664242967324863;0,0170192338464493;0,0507159087272378;0,0677351425736871
"431";"AGES";2021-06-28;2021;26;"All";"18-24 anos";2158;3123;7;5288;54047;41043;21;95111;12594;42981;55575;0,0691868019329856;0,0161218676992991;0,0550209620123532;0,0711428297116523
"432";"AGES";2021-07-05;2021;27;"All";"18-24 anos";11946;5132;13;17091;65993;46175;34;112202;20116;49054;69170;0,0844791499983999;0,0257509520914008;0,0627951483342401;0,0885461004256409
"433";"AGES";2021-07-12;2021;28;"All";"18-24 anos";14211;7909;3;22123;80204;54084;37;134325;31340;58196;89536;0,102670976413736;0,0401190514289372;0,0744980318110539;0,114617083239991
"434";"AGES";2021-07-19;2021;29;"All";"18-24 anos";19544;19704;2;39250;99748;73788;39;173575;46474;79955;126429;0,127689698211028;0,0594924312734022;0,102352225813678;0,16184465708708
"435";"AGES";2021-07-26;2021;30;"All";"18-24 anos";21067;22644;15;43726;120815;96432;54;217301;62092;104857;166949;0,154658047172529;0,0794853905974974;0,134229846065222;0,21371523666272
"436";"AGES";2021-08-02;2021;31;"All";"18-24 anos";54024;56545;5;110574;174839;152977;59;327875;102008;167059;269067;0,223815406279003;0,130582775946491;0,213856050180817;0,344438826127308
"437";"AGES";2021-08-09;2021;32;"All";"18-24 anos";87869;82678;7;170554;262708;235655;66;498429;166095;261012;427107;0,336298524658367;0,212622011713124;0,334127436233878;0,546749447947003
"438";"AGES";2021-08-16;2021;33;"All";"18-24 anos";94451;74506;15;168972;357159;310161;81;667401;230294;347426;577720;0,457207411911544;0,294804621243639;0,444747975805677;0,739552597049317
"439";"AGES";2021-08-23;2021;34;"All";"18-24 anos";56428;43866;7;100301;413587;354027;88;767702;250572;397899;648471;0,529442186449899;0,320762953243511;0,509359618523378;0,83012257176689
"440";"AGES";2021-08-30;2021;35;"All";"18-24 anos";22739;100575;7;123321;436326;454602;95;891023;171987;502847;674834;0,558550900886485;0,220164495791596;0,643705955771754;0,86387045156335
"441";"AGES";2021-09-06;2021;36;"All";"18-24 anos";12982;78566;18;91566;449308;533168;113;982589;105252;583463;688715;0,575169456267802;0,134735494607482;0,74690434281691;0,881639837424393
"442";"AGES";2021-09-13;2021;37;"All";"18-24 anos";9135;52652;8;61795;458443;585820;121;1044384;60907;637528;698435;0,586863378884373;0,0779684449707172;0,816114186961948;0,894082631932666
"443";"AGES";2021-09-20;2021;38;"All";"18-24 anos";7187;18708;7;25902;465630;604528;128;1070286;48302;657686;705988;0,596063622107722;0,0618324959196083;0,841918904214805;0,903751400134413
"444";"AGES";2021-09-27;2021;39;"All";"18-24 anos";5030;11476;7;16513;470660;616004;135;1086799;40775;670554;711329;0,602502640253464;0,0521970109130477;0,858391525586456;0,910588536499504
"445";"AGES";2021-10-04;2021;40;"All";"18-24 anos";2983;9426;17;12426;473643;625430;152;1099225;34047;680715;714762;0,606321246839697;0,0435843440970333;0,871398854290012;0,914983198387045
"446";"AGES";2021-10-11;2021;41;"All";"18-24 anos";4164;7708;1;11873;477807;633138;153;1111098;29398;689555;718953;0,611651678561142;0,0376330527730662;0,882715140653503;0,920348193426569
"447";"AGES";2021-10-18;2021;42;"All";"18-24 anos";2949;6080;0;9029;480756;639218;153;1120127;25281;696650;721931;0,615426760969053;0,0323627868275354;0,891797612570807;0,924160399398342
"448";"AGES";2021-10-25;2021;43;"All";"18-24 anos";2949;3471;2;6422;483705;642689;155;1126549;23568;701324;724892;0,619201843376964;0,0301699363138861;0,897780906967069;0,927950843280955
"449";"AGES";2021-11-01;2021;44;"All";"18-24 anos";2143;2587;0;4730;485848;645276;155;1131279;22176;704861;727037;0,621945146734087;0,0283880052485039;0,902308701635357;0,930696706883861
"450";"AGES";2021-11-08;2021;45;"All";"18-24 anos";2762;2933;0;5695;488610;648209;155;1136974;20691;709115;729806;0,625480846161231;0,0264870227541844;0,907754344417064;0,934241367171248
"451";"AGES";2021-01-04;2021;1;"All";"25-49 anos";28074;88;0;28162;52198;99;1;52298;52104;102;52206;0,015667730532324;0,0156395155304075;3,06162786753717e-05;0,0156701318090829
"452";"AGES";2021-01-11;2021;2;"All";"25-49 anos";16942;820;0;17762;69140;919;1;70060;68215;933;69148;0,0207530343883843;0,020475386763142;0,000280048902001194;0,0207554356651432
"453";"AGES";2021-01-18;2021;3;"All";"25-49 anos";37911;21842;3;59756;107051;22761;4;129816;84245;22815;107060;0,0321323847889923;0,025286945068693;0,00684814115665299;0,032135086225346
"454";"AGES";2021-01-25;2021;4;"All";"25-49 anos";15891;26317;7;42215;122942;49078;11;172031;73798;49153;122951;0,0369022209108583;0,0221511777812263;0,0147537445659857;0,036904922347212
"455";"AGES";2021-02-01;2021;5;"All";"25-49 anos";10188;12603;2;22793;133130;61681;13;194824;71380;61765;133145;0,0399602468632572;0,0214253918808631;0,018539357376317;0,03996474925718
"456";"AGES";2021-02-08;2021;6;"All";"25-49 anos";13962;30985;5;44952;147092;92666;18;239776;54246;92862;147108;0,0441510751266448;0,0162824573825903;0,0278734202975722;0,0441558776801625
"457";"AGES";2021-02-15;2021;7;"All";"25-49 anos";22512;19106;6;41624;169604;111772;24;281400;57320;112301;169621;0,0509082679260563;0,0172051479771795;0,0337082226619894;0,0509133706391688
"458";"AGES";2021-02-22;2021;8;"All";"25-49 anos";11814;7400;0;19214;181418;119172;24;300614;61499;119936;181435;0,054454353379692;0,0184595149240851;0,0359999411687194;0,0544594560928045
"459";"AGES";2021-03-01;2021;9;"All";"25-49 anos";7780;10094;6;17880;189198;129266;30;318494;59015;130211;189226;0,0567895950276762;0,0177139184904614;0,0390840810058708;0,0567979994963322
"460";"AGES";2021-03-08;2021;10;"All";"25-49 anos";16628;6380;2;23010;205826;135646;32;341504;69136;136740;205876;0,0617806487709515;0,0207518337500049;0,0410438230006895;0,0617956567506943
"461";"AGES";2021-03-15;2021;11;"All";"25-49 anos";4854;3443;4;8301;210680;139089;36;349805;70519;140223;210742;0,0632376234443854;0,0211669544696915;0,042089278869575;0,0632562333392665
"462";"AGES";2021-03-22;2021;12;"All";"25-49 anos";42610;1861;1;44472;253290;140950;37;394277;111100;142264;253364;0,0760274237812245;0,0333477309885666;0,0427019046026772;0,0760496355912439
"463";"AGES";2021-03-29;2021;13;"All";"25-49 anos";4874;1334;1;6209;258164;142284;38;400486;114601;143667;258268;0,0774904016465555;0,0343985897301595;0,043123028514261;0,0775216182444206
"464";"AGES";2021-04-05;2021;14;"All";"25-49 anos";9256;1479;1;10736;267420;143763;39;411222;122329;145263;267592;0,080268678856548;0,0367182230792112;0,0436020832276521;0,0803203063068634
"465";"AGES";2021-04-12;2021;15;"All";"25-49 anos";89505;988;1;90494;356925;144751;40;501716;210720;146396;357116;0,107134463394187;0,0632496298281796;0,0439421640486247;0,107191793876804
"466";"AGES";2021-04-19;2021;16;"All";"25-49 anos";11405;996;2;12403;368330;145747;42;514119;220762;147764;368526;0,110557783573526;0,0662638324797295;0,0443527823743885;0,110616614854118
"467";"AGES";2021-04-26;2021;17;"All";"25-49 anos";11377;1135;2;12514;379707;146882;44;526633;230932;149055;379987;0,113972699284209;0,0693164555594209;0,0447402884113483;0,114056743970769
"468";"AGES";2021-05-03;2021;18;"All";"25-49 anos";10732;8304;2;19038;390439;155186;46;545671;233256;157568;390824;0,11719401205621;0,0700140264578677;0,0472955470423624;0,11730957350023
"469";"AGES";2021-05-10;2021;19;"All";"25-49 anos";25576;100718;9;126303;416015;255904;55;671974;157806;258703;416509;0,124870893854262;0,0473669850259383;0,0776521876681832;0,125019172694121
"470";"AGES";2021-05-17;2021;20;"All";"25-49 anos";33098;22275;8;55381;449113;278179;63;727355;167987;281762;449749;0,134805576124826;0,0504229098611732;0,0845735677659812;0,134996477627154
"471";"AGES";2021-05-24;2021;21;"All";"25-49 anos";26846;18662;6;45514;475959;296841;69;772869;174301;302576;476877;0,142863660608345;0,0523181175430977;0,0908210895733261;0,143139207116424
"472";"AGES";2021-05-31;2021;22;"All";"25-49 anos";43031;24231;13;67275;518990;321072;82;840144;191030;329293;520323;0,155779828134619;0,0573394874054535;0,0988404534691095;0,156179940874563
"473";"AGES";2021-06-07;2021;23;"All";"25-49 anos";128948;32427;19;161394;647938;353499;101;1001538;284354;367026;651380;0,194484807572186;0,0853515814358494;0,110166375461833;0,195517956897683
"474";"AGES";2021-06-14;2021;24;"All";"25-49 anos";240859;85945;32;326836;888797;439444;133;1328374;446565;462991;909556;0,266780947429748;0,134040769477131;0,138971190982245;0,273011960459376
"475";"AGES";2021-06-21;2021;25;"All";"25-49 anos";273472;56855;29;330356;1162269;496299;162;1658730;675123;533598;1208721;0,348866192154368;0,202644646158362;0,160164559496284;0,362809205654647
"476";"AGES";2021-06-28;2021;26;"All";"25-49 anos";315890;62289;79;378258;1478159;558588;241;2036988;927980;613533;1541513;0,443683606573615;0,278542100835014;0,184157816711145;0,462699917546159
"477";"AGES";2021-07-05;2021;27;"All";"25-49 anos";369129;148160;17;517306;1847288;706748;258;2554294;1153604;785439;1939043;0,554481217663432;0,346265309264936;0,235757052024561;0,582022361289498
"478";"AGES";2021-07-12;2021;28;"All";"25-49 anos";208675;317376;67;526118;2055963;1024124;325;3080412;1119251;1124193;2243444;0,61711702112013;0,335953926702828;0,337437315420609;0,673391242123437
"479";"AGES";2021-07-19;2021;29;"All";"25-49 anos";104031;344433;51;448515;2159994;1368557;376;3528927;956857;1484603;2441460;0,648342923932655;0,287209809455688;0,445617835002871;0,732827644458559
"480";"AGES";2021-07-26;2021;30;"All";"25-49 anos";61785;354514;31;416330;2221779;1723071;407;3945257;713386;1853213;2566599;0,666888284500869;0,21412965273636;0,556259663262957;0,770389315999317
"481";"AGES";2021-08-02;2021;31;"All";"25-49 anos";53053;383835;44;436932;2274832;2106906;451;4382189;420052;2251580;2671632;0,682812651486795;0,126082638138698;0,67583334058719;0,801915978725889
"482";"AGES";2021-08-09;2021;32;"All";"25-49 anos";70839;237912;43;308794;2345671;2344818;494;4690983;293310;2508467;2801777;0,704075657026841;0,088039810767385;0,752940438431114;0,840980249198499
"483";"AGES";2021-08-16;2021;33;"All";"25-49 anos";78220;145690;35;223945;2423891;2490508;529;4914928;253805;2669887;2923692;0,727554140536523;0,0761820059725756;0,801392200232864;0,877574206205439
"484";"AGES";2021-08-23;2021;34;"All";"25-49 anos";88408;79984;21;168413;2512299;2570492;550;5083341;266147;2766171;3032318;0,754090649998604;0,0798865756922956;0,830292766664035;0,910179342356331
"485";"AGES";2021-08-30;2021;35;"All";"25-49 anos";46590;80642;23;127255;2558889;2651134;573;5210596;226228;2860154;3086382;0,768075085522973;0,0679045048252156;0,858502665867442;0,926407170692657
"486";"AGES";2021-09-06;2021;36;"All";"25-49 anos";25177;63707;44;88928;2584066;2714841;617;5299524;183499;2929897;3113396;0,775632203642677;0,0550789854965885;0,879436696491525;0,934515681988113
"487";"AGES";2021-09-13;2021;37;"All";"25-49 anos";18846;66842;45;85733;2602912;2781683;662;5385257;133088;3000795;3133883;0,781289011367344;0,0399476401602732;0,900717411447667;0,94066505160794
"488";"AGES";2021-09-20;2021;38;"All";"25-49 anos";16692;32204;43;48939;2619604;2813887;705;5434196;114443;3037148;3151591;0,78629927532469;0,0343511645141722;0,911629113199488;0,94598027771366
"489";"AGES";2021-09-27;2021;39;"All";"25-49 anos";11152;21293;48;32493;2630756;2835180;753;5466689;101364;3062273;3163637;0,789646655126531;0,0304253771730429;0,91917062302026;0,949596000193303
"490";"AGES";2021-10-04;2021;40;"All";"25-49 anos";6310;17503;102;23915;2637066;2852683;855;5490604;89756;3081389;3171145;0,791540662170076;0,0269411245959477;0,924908473835538;0,951849598431486
"491";"AGES";2021-10-11;2021;41;"All";"25-49 anos";8687;16300;4;24991;2645753;2868983;859;5515595;80073;3099863;3179936;0,794148148570595;0,0240346792389514;0,930453622190919;0,95448830142987
"492";"AGES";2021-10-18;2021;42;"All";"25-49 anos";6501;13444;2;19947;2652254;2882427;861;5535542;71515;3115007;3186522;0,796099486096758;0,0214659134261687;0,934999239095427;0,956465152521596
"493";"AGES";2021-10-25;2021;43;"All";"25-49 anos";6397;8041;0;14438;2658651;2890468;861;5549980;68037;3124928;3192965;0,798019607025055;0,0204219583552575;0,937977122435999;0,958399080791257
"494";"AGES";2021-11-01;2021;44;"All";"25-49 anos";4726;6355;0;11081;2663377;2896823;861;5561061;65083;3132635;3197718;0,799438161270347;0,0195352869120511;0,940290452433559;0,95982573934561
"495";"AGES";2021-11-08;2021;45;"All";"25-49 anos";5871;7795;0;13666;2669248;2904618;861;5574727;61463;3142142;3203605;0,80120039825175;0,0184487091786703;0,94314406970186;0,961592778880531
"496";"AGES";2021-01-04;2021;1;"All";"50-64 anos";13024;10;0;13034;22294;12;0;22306;22286;13;22299;0,0102539760949065;0,0102502965484474;5,97926299604311e-06;0,0102562758114435
"497";"AGES";2021-01-11;2021;2;"All";"50-64 anos";11727;311;0;12038;34021;323;0;34344;33692;334;34026;0,0156477312606448;0,0154964099125142;0,000153621064667569;0,0156500309771818
"498";"AGES";2021-01-18;2021;3;"All";"50-64 anos";27491;8600;2;36093;61512;8923;2;70437;52561;8956;61517;0,0282920327240464;0,0241750801796171;0,00411925226096631;0,0282943324405834
"499";"AGES";2021-01-25;2021;4;"All";"50-64 anos";10826;12444;2;23272;72338;21367;4;93709;50932;21411;72343;0,0332713789698282;0,0234258325318821;0,009847846154483;0,0332736786863651
"500";"AGES";2021-02-01;2021;5;"All";"50-64 anos";5601;9236;0;14837;77939;30603;4;108546;47293;30654;77947;0,035847521434508;0,0217520988362974;0,0140991021446696;0,0358512009809671
"501";"AGES";2021-02-08;2021;6;"All";"50-64 anos";6933;22313;3;29249;84872;52916;7;137795;31857;53023;84880;0,0390363083846285;0,0146524139434573;0,0243875739876303;0,0390399879310876
"502";"AGES";2021-02-15;2021;7;"All";"50-64 anos";25186;13000;0;38186;110058;65916;7;175981;43929;66137;110066;0,050620440524501;0,0202048495502444;0,0304192705207156;0,0506241200709601
"503";"AGES";2021-02-22;2021;8;"All";"50-64 anos";49926;4978;3;54907;159984;70894;10;230888;88706;71286;159992;0,0735835700891508;0,0407997310251538;0,0327875186104561;0,0735872496356099
"504";"AGES";2021-03-01;2021;9;"All";"50-64 anos";30293;6015;3;36311;190277;76909;13;267199;112902;77390;190292;0,0875166326998534;0,0519285192907122;0,035595012558752;0,0875235318494642
"505";"AGES";2021-03-08;2021;10;"All";"50-64 anos";22522;4307;1;26830;212799;81216;14;294029;131058;81769;212827;0,0978754758688444;0,0602792499796475;0,0376091043018038;0,0978883542814513
"506";"AGES";2021-03-15;2021;11;"All";"50-64 anos";4895;2365;1;7261;217694;83581;15;301290;133586;84158;217744;0,100126898358508;0,0614419866607242;0,0387079088631535;0,100149895523878
"507";"AGES";2021-03-22;2021;12;"All";"50-64 anos";34802;1027;2;35831;252496;84608;17;337121;167217;85338;252555;0,116133845342223;0,0769103400314877;0,0392506419658713;0,116160981997359
"508";"AGES";2021-03-29;2021;13;"All";"50-64 anos";7920;840;0;8760;260416;85448;17;345881;174296;86202;260498;0,119776596336736;0,0801662787044869;0,0396480329834545;0,119814311687941
"509";"AGES";2021-04-05;2021;14;"All";"50-64 anos";15302;1028;1;16331;275718;86476;18;362212;188509;87337;275846;0,126814648826386;0,0867034529323916;0,0401700686373398;0,126873521569731
"510";"AGES";2021-04-12;2021;15;"All";"50-64 anos";88135;668;0;88803;363853;87144;18;451015;275894;88101;363995;0,167351752223021;0,126895598848486;0,0405214653241841;0,16741706417267
"511";"AGES";2021-04-19;2021;16;"All";"50-64 anos";14595;1893;2;16490;378448;89037;20;467505;288350;90242;378592;0,174064624794348;0,13262465268531;0,0415062039453017;0,174130856630612
"512";"AGES";2021-04-26;2021;17;"All";"50-64 anos";33115;3018;4;36137;411563;92055;24;503642;318573;93402;411975;0,189295647418499;0,146525519264495;0,0429596247966476;0,189485144061143
"513";"AGES";2021-05-03;2021;18;"All";"50-64 anos";151679;14959;6;166644;563242;107014;30;670286;460595;108732;569327;0,259059388339793;0,211847587666344;0,0500105556989046;0,261858143365249
"514";"AGES";2021-05-10;2021;19;"All";"50-64 anos";166856;110044;9;276909;730098;217058;39;947195;526496;219421;745917;0,335803688837314;0,242158311566516;0,100921220450367;0,343079532016884
"515";"AGES";2021-05-17;2021;20;"All";"50-64 anos";224905;76040;13;300958;955003;293098;52;1248153;690159;298926;989085;0,439247238385397;0,317434013083547;0,137489013104245;0,454923026187792
"516";"AGES";2021-05-24;2021;21;"All";"50-64 anos";175399;98791;71;274261;1130402;391889;123;1522414;801625;407020;1208645;0,519920834557932;0,36870205378485;0,187206124973036;0,555908178757886
"517";"AGES";2021-05-31;2021;22;"All";"50-64 anos";163830;169222;11;333063;1294232;561111;134;1855477;837996;584468;1422464;0,595273346607297;0,385430651817857;0,268822144982409;0,654252796800266
"518";"AGES";2021-06-07;2021;23;"All";"50-64 anos";210086;139640;30;349756;1504318;700751;164;2205233;921045;735104;1656149;0,691900996283198;0,423628483553117;0,338106165034098;0,761734648587215
"519";"AGES";2021-06-14;2021;24;"All";"50-64 anos";86460;231642;26;318128;1590778;932393;190;2523361;785764;973382;1759146;0,731667694639959;0,361406892986371;0,447700536431879;0,80910742941825
"520";"AGES";2021-06-21;2021;25;"All";"50-64 anos";86641;184290;35;270966;1677419;1116683;225;2794327;696284;1165639;1861923;0,771517642735356;0,320251165841298;0,536127856880361;0,856379022721659
"521";"AGES";2021-06-28;2021;26;"All";"50-64 anos";59444;179316;51;238811;1736863;1295999;276;3033138;575900;1352477;1928377;0,798858512699725;0,26488135072471;0,622062744546107;0,886944095270817
"522";"AGES";2021-07-05;2021;27;"All";"50-64 anos";41442;258595;33;300070;1778305;1554594;309;3333208;358357;1618499;1976856;0,817919483244495;0,164823903805617;0,744417783064059;0,909241686869676
"523";"AGES";2021-07-12;2021;28;"All";"50-64 anos";15439;134837;29;150305;1793744;1689431;338;3483513;243930;1759521;2003451;0,825020547967258;0,112193970971138;0,80927990815852;0,921473879129659
"524";"AGES";2021-07-19;2021;29;"All";"50-64 anos";10966;115255;22;126243;1804710;1804686;360;3609756;151485;1881438;2032923;0,830064286276074;0,0696745119196608;0,865354816365335;0,935029328284996
"525";"AGES";2021-07-26;2021;30;"All";"50-64 anos";9875;87560;23;97458;1814585;1892246;383;3707214;83801;1975723;2059524;0,834606226436529;0,038543709102416;0,908720571102406;0,947264280204822
"526";"AGES";2021-08-02;2021;31;"All";"50-64 anos";8644;54094;15;62753;1823229;1946340;398;3769967;46841;2035945;2082786;0,838581976385591;0,0215442044613581;0,936419276959922;0,95796348142128
"527";"AGES";2021-08-09;2021;32;"All";"50-64 anos";7389;24466;6;31861;1830618;1970806;404;3801828;35679;2065647;2101326;0,84198049748388;0,016410317264294;0,950080513075958;0,966490830340252
"528";"AGES";2021-08-16;2021;33;"All";"50-64 anos";7552;13115;14;20681;1838170;1983921;418;3822509;33437;2082992;2116429;0,845453989341274;0,0153791243691303;0,958058229742602;0,973437354111732
"529";"AGES";2021-08-23;2021;34;"All";"50-64 anos";11310;8294;3;19607;1849480;1992215;421;3842116;36649;2096067;2132716;0,850655948147831;0,0168564622724603;0,964071988486699;0,980928450759159
"530";"AGES";2021-08-30;2021;35;"All";"50-64 anos";12915;6161;11;19087;1862395;1998376;432;3861203;41088;2107644;2148732;0,856596115962746;0,0188981506139553;0,969396752156329;0,988294902770285
"531";"AGES";2021-09-06;2021;36;"All";"50-64 anos";5603;4034;25;9662;1867998;2002410;457;3870865;40987;2113986;2154973;0,859173178314041;0,0188516963399091;0,972313712611783;0,991165408951693
"532";"AGES";2021-09-13;2021;37;"All";"50-64 anos";3678;7384;35;11097;1871676;2009794;492;3881962;36556;2122568;2159124;0,860864849798614;0,0168136875448732;0,976260946075787;0,99307463362066
"533";"AGES";2021-09-20;2021;38;"All";"50-64 anos";3272;6604;46;9922;1874948;2016398;538;3891884;32475;2130260;2162735;0,862369784300387;0,0149366589074231;0,979798829996215;0,994735488903638
"534";"AGES";2021-09-27;2021;39;"All";"50-64 anos";2028;5022;42;7092;1876976;2021420;580;3898976;29022;2135973;2164995;0,86330254932777;0,0133484746670125;0,982426486111322;0,995774960778334
"535";"AGES";2021-10-04;2021;40;"All";"50-64 anos";1030;3855;78;4963;1878006;2025275;658;3903939;26219;2140108;2166327;0,863776290934379;0,0120592535764042;0,984328351687371;0,996387605263775
"536";"AGES";2021-10-11;2021;41;"All";"50-64 anos";1342;3418;1;4761;1879348;2028693;659;3908700;23904;2143811;2167715;0,864393534852894;0,0109944848198011;0,986031521754628;0,99702600657443
"537";"AGES";2021-10-18;2021;42;"All";"50-64 anos";1152;3313;1;4466;1880500;2032006;660;3913166;21509;2147380;2168889;0,864923389543005;0,00989292059860702;0,987673059418696;0,997565980017303
"538";"AGES";2021-10-25;2021;43;"All";"50-64 anos";1049;2009;0;3058;1881549;2034015;660;3916224;20326;2149621;2169947;0,865405870072455;0,00934880766596709;0,988703792370552;0,99805260003652
"539";"AGES";2021-11-01;2021;44;"All";"50-64 anos";729;1333;0;2062;1882278;2035348;660;3918286;19573;2151106;2170679;0,865741168743541;0,00900247035550398;0,989386808182024;0,998389278537527
"540";"AGES";2021-11-08;2021;45;"All";"50-64 anos";999;1691;0;2690;1883277;2037039;660;3920976;18656;2153029;2171685;0,866200652107621;0,00858070234262925;0,99027127916213;0,99885198150476
"541";"AGES";2021-01-04;2021;1;"All";"65-79 anos";2320;4;0;2324;3293;6;0;3299;3288;6;3294;0,00202265521252928;0,00201958406887224;3,68537238845299e-06;0,00202326944126069
"542";"AGES";2021-01-11;2021;2;"All";"65-79 anos";5574;31;0;5605;8867;37;0;8904;8822;46;8868;0,00544636616140211;0,00541872586848872;2,82545216448063e-05;0,00544698039013352
"543";"AGES";2021-01-18;2021;3;"All";"65-79 anos";14215;919;0;15134;23082;956;0;24038;22097;986;23083;0,0141776275783787;0,013572612277941;0,000605629529169108;0,0141782418071101
"544";"AGES";2021-01-25;2021;4;"All";"65-79 anos";6667;2164;0;8831;29749;3120;0;32869;26584;3166;29750;0,0182726905306813;0,0163286565957724;0,00194464816364036;0,0182733047594127
"545";"AGES";2021-02-01;2021;5;"All";"65-79 anos";2875;4195;0;7070;32624;7315;0;39939;25263;7362;32625;0,0200385981334817;0,0155172604415813;0,00452195192063182;0,0200392123622131
"546";"AGES";2021-02-08;2021;6;"All";"65-79 anos";3840;11589;1;15430;36464;18904;1;55369;17493;18972;36465;0,0223972364620916;0,0107447031985347;0,0116531474922884;0,0223978506908231
"547";"AGES";2021-02-15;2021;7;"All";"65-79 anos";5199;7321;0;12520;41663;26225;1;67889;15347;26317;41664;0,0255906116366862;0,00942656834093134;0,0161646575244862;0,0255912258654176
"548";"AGES";2021-02-22;2021;8;"All";"65-79 anos";11736;2503;3;14242;53399;28728;4;82131;24536;28864;53400;0,0327992000285002;0,0150707161538471;0,0177290981033845;0,0327998142572316
"549";"AGES";2021-03-01;2021;9;"All";"65-79 anos";13417;3859;0;17276;66816;32587;4;99407;34087;32740;66827;0,0410403069178125;0,0209372147675329;0,0201098486663252;0,041047063433858
"550";"AGES";2021-03-08;2021;10;"All";"65-79 anos";16057;3624;0;19681;82873;36211;4;119088;46516;36388;82904;0,0509029776580441;0,0285714636702132;0,0223505550785046;0,0509220187487178
"551";"AGES";2021-03-15;2021;11;"All";"65-79 anos";18262;6910;3;25175;101135;43121;7;144263;57866;43308;101174;0,0621200227510322;0,0355429597717035;0,0266010178998537;0,0621439776715572
"552";"AGES";2021-03-22;2021;12;"All";"65-79 anos";52976;2277;1;55254;154111;45398;8;199517;108500;45660;154160;0,0946594040261465;0,0666438173578583;0,0280456838761273;0,0946895012339855
"553";"AGES";2021-03-29;2021;13;"All";"65-79 anos";88422;7504;0;95926;242533;52902;8;295443;189392;53207;242599;0,148970736914778;0,116330007898981;0,0326812681120697;0,149011276011051
"554";"AGES";2021-04-05;2021;14;"All";"65-79 anos";201536;5459;4;206999;444069;58361;12;502442;385375;58781;444156;0,272759938527989;0,236708397366679;0,0361049790609425;0,272813376427621
"555";"AGES";2021-04-12;2021;15;"All";"65-79 anos";233867;3744;3;237614;677936;62105;15;740056;615369;62658;678027;0,416407769256378;0,377977320218321;0,0384863438526146;0,416463664070936
"556";"AGES";2021-04-19;2021;16;"All";"65-79 anos";175968;13391;10;189369;853904;75496;25;929425;777768;76230;853998;0,524492370664927;0,477727451970384;0,0468226561952953;0,52455010816568
"557";"AGES";2021-04-26;2021;17;"All";"65-79 anos";293362;46552;4;339918;1147266;122048;29;1269343;1025357;123010;1148367;0,704683739768485;0,629803729351166;0,0755562762506004;0,705360005601766
"558";"AGES";2021-05-03;2021;18;"All";"65-79 anos";202526;164660;7;367193;1349792;286708;36;1636536;1069489;287949;1357438;0,82908102782579;0,6569108717257;0,176866548980442;0,833777420706142
"559";"AGES";2021-05-10;2021;19;"All";"65-79 anos";91585;80438;4;172027;1441377;367146;40;1808563;1088022;368840;1456862;0,885335166191868;0,6682943728049;0,226552125292834;0,894846498097734
"560";"AGES";2021-05-17;2021;20;"All";"65-79 anos";41366;111936;6;153308;1482743;479082;46;1961871;1017267;486162;1503429;0,910743351895326;0,624834618914068;0,298614668519181;0,923449287433249
"561";"AGES";2021-05-24;2021;21;"All";"65-79 anos";23657;202908;13;226578;1506400;681990;59;2188449;833914;697814;1531728;0,925274160994264;0,512213938324065;0,428617407979323;0,940831346303387
"562";"AGES";2021-05-31;2021;22;"All";"65-79 anos";18710;137777;10;156497;1525110;819767;69;2344946;717441;838716;1556157;0,936766380558924;0,440672875290684;0,51516346469229;0,955836339982974
"563";"AGES";2021-06-07;2021;23;"All";"65-79 anos";16107;71917;3;88027;1541217;891684;72;2432973;660919;913477;1574396;0,946659762735726;0,405955438933994;0,561083818881146;0,967039257815139
"564";"AGES";2021-06-14;2021;24;"All";"65-79 anos";10916;62819;6;73741;1552133;954503;78;2506714;608291;978380;1586671;0,953364683567784;0,37362980925741;0,600949106235773;0,974578915493183
"565";"AGES";2021-06-21;2021;25;"All";"65-79 anos";10332;97440;8;107780;1562465;1051943;86;2614494;520522;1078407;1598929;0,9597108948207;0,319719567730388;0,662388563552404;0,982108131282792
"566";"AGES";2021-06-28;2021;26;"All";"65-79 anos";9072;182622;26;191720;1571537;1234565;112;2806214;345532;1263860;1609392;0,965283177872041;0,212235682021157;0,776299124478366;0,988534806499523
"567";"AGES";2021-07-05;2021;27;"All";"65-79 anos";8156;204347;15;212518;1579693;1438912;127;3018732;147484;1471167;1618651;0,970292827405412;0,0905889102231002;0,903633040100537;0,994221950323637
"568";"AGES";2021-07-12;2021;28;"All";"65-79 anos";5489;57950;7;63446;1585182;1496862;134;3082178;94032;1532381;1626413;0,973664328912115;0,0577571560718353;0,941232437664997;0,998989593736832
"569";"AGES";2021-07-19;2021;29;"All";"65-79 anos";7161;42705;4;49870;1592343;1539567;138;3132048;56192;1580120;1636312;0,978062820857734;0,0345147408753251;0,970555103073723;1
"570";"AGES";2021-07-26;2021;30;"All";"65-79 anos";8638;32485;10;41133;1600981;1572052;148;3173181;28519;1618648;1647167;0,983368528639643;0,0175171891910485;0,994220107637443;1
"571";"AGES";2021-08-02;2021;31;"All";"65-79 anos";7639;11760;8;19407;1608620;1583812;156;3192588;20651;1635968;1656619;0,988060621918875;0,0126844375323238;1;1
"572";"AGES";2021-08-09;2021;32;"All";"65-79 anos";4610;6300;4;10914;1613230;1590112;160;3203502;17359;1645334;1662693;0,99089221637067;0,0106623965485259;1;1
"573";"AGES";2021-08-16;2021;33;"All";"65-79 anos";3699;3004;6;6709;1616929;1593116;166;3210211;17020;1650529;1667549;0,993164248448151;0,0104541730085783;1;1
"574";"AGES";2021-08-23;2021;34;"All";"65-79 anos";4311;2523;2;6836;1621240;1595639;168;3217047;18019;1655182;1673201;0,995812188509255;0,0110677875112557;1;1
"575";"AGES";2021-08-30;2021;35;"All";"65-79 anos";4913;2253;3;7169;1626153;1597892;171;3224216;19550;1659734;1679284;0,998829894266666;0,0120081716990427;1;1
"576";"AGES";2021-09-06;2021;36;"All";"65-79 anos";2258;1389;7;3654;1628411;1599281;178;3227870;19680;1662075;1681755;1,00021682274219;0,0120880214341258;1;1
"577";"AGES";2021-09-13;2021;37;"All";"65-79 anos";1645;3293;29;4967;1630056;1602574;207;3232837;17659;1665885;1683544;1,00122722900535;0,0108466651679486;1;1
"578";"AGES";2021-09-20;2021;38;"All";"65-79 anos";1420;3373;39;4832;1631476;1605947;246;3237669;15349;1669693;1685042;1,00209943380396;0,00942779679839416;1;1
"579";"AGES";2021-09-27;2021;39;"All";"65-79 anos";911;2735;23;3669;1632387;1608682;269;3241338;13334;1672678;1686012;1,00265899617827;0,00819012590460536;1;1
"580";"AGES";2021-10-04;2021;40;"All";"65-79 anos";470;2225;42;2737;1632857;1610907;311;3244075;11602;1674997;1686599;1,00294768368203;0,00712628174180527;1;1
"581";"AGES";2021-10-11;2021;41;"All";"65-79 anos";582;2084;0;2666;1633439;1612991;311;3246741;10045;1677152;1687197;1,00330516480371;0,00616992760700172;1;1
"582";"AGES";2021-10-18;2021;42;"All";"65-79 anos";513;2000;0;2513;1633952;1614991;311;3249254;8492;1679229;1687721;1,00362026414292;0,0052160303871238;1;1
"583";"AGES";2021-10-25;2021;43;"All";"65-79 anos";443;1460;0;1903;1634395;1616451;311;3251157;7415;1680755;1688170;1,00389236747094;0,00455450604339649;1;1
"584";"AGES";2021-11-01;2021;44;"All";"65-79 anos";331;843;0;1174;1634726;1617294;311;3252331;6825;1681676;1688501;1,00409567718103;0,00419211109186528;1;1
"585";"AGES";2021-11-08;2021;45;"All";"65-79 anos";570;1708;0;2278;1635296;1619002;311;3254609;5597;1683474;1689071;1,00444578755794;0,00343783820969523;1;1
"586";"AGES";2021-01-04;2021;1;"All";"80 ou mais anos";3786;9;1;3796;4055;10;2;4067;4044;11;4055;0,00594932437389046;0,00593318563946067;1,61387344297892e-05;0,00594932437389046
"587";"AGES";2021-01-11;2021;2;"All";"80 ou mais anos";14519;1;1;14521;18574;11;3;18588;18539;35;18574;0,0272509866635367;0,0271996361448965;5,13505186402383e-05;0,0272509866635367
"588";"AGES";2021-01-18;2021;3;"All";"80 ou mais anos";39093;255;1;39349;57667;266;4;57937;57268;399;57667;0,084606581669332;0,0840211857568333;0,000585395912498716;0,084606581669332
"589";"AGES";2021-01-25;2021;4;"All";"80 ou mais anos";7410;3401;1;10812;65077;3667;5;68749;61245;3832;65077;0,0954782200443082;0,0898560718320398;0,00562214821226837;0,0954782200443082
"590";"AGES";2021-02-01;2021;5;"All";"80 ou mais anos";4563;10671;0;15234;69640;14338;5;83983;55129;14511;69640;0,10217286051732;0,080882935489077;0,0212899250282428;0,10217286051732
"591";"AGES";2021-02-08;2021;6;"All";"80 ou mais anos";14847;31627;0;46474;84487;45965;5;130457;38257;46230;84487;0,123955750524509;0,0561290511891313;0,0678266993353776;0,123955750524509
"592";"AGES";2021-02-15;2021;7;"All";"80 ou mais anos";48642;9317;0;57959;133129;55282;5;188416;77527;55602;133129;0,195321234173037;0,113744333103479;0,0815769010695579;0,195321234173037
"593";"AGES";2021-02-22;2021;8;"All";"80 ou mais anos";102614;5227;0;107841;235743;60509;5;296257;174809;60934;235743;0,345872151880163;0,256472366085183;0,0893997857949794;0,345872151880163
"594";"AGES";2021-03-01;2021;9;"All";"80 ou mais anos";87270;12815;0;100085;323013;73324;5;396342;249214;73800;323014;0,473911002215408;0,365636232925953;0,108276236447131;0,473912469373084
"595";"AGES";2021-03-08;2021;10;"All";"80 ou mais anos";40212;37336;0;77548;363225;110660;5;473890;252070;111157;363227;0,532908346660016;0,369826435246996;0,16308484572837;0,532911280975366
"596";"AGES";2021-03-15;2021;11;"All";"80 ou mais anos";54431;97505;1;151937;417656;208165;6;625827;208952;208706;417658;0,612767206091639;0,306565530597573;0,306204609809416;0,61277014040699
"597";"AGES";2021-03-22;2021;12;"All";"80 ou mais anos";124606;16967;3;141576;542262;225132;9;767403;316484;225780;542264;0,79558385539694;0,46433192975249;0,3312548599598;0,79558678971229
"598";"AGES";2021-03-29;2021;13;"All";"80 ou mais anos";36766;75597;3;112366;579028;300729;12;879769;277622;301410;579032;0,849525374491997;0,407315248169721;0,442215994952978;0,849531243122698
"599";"AGES";2021-04-05;2021;14;"All";"80 ou mais anos";30381;45991;3;76375;609409;346720;15;956144;261953;347461;609414;0,894099091829399;0,384326354553324;0,509780073064452;0,894106427617776
"600";"AGES";2021-04-12;2021;15;"All";"80 ou mais anos";10530;49608;4;60142;619939;396328;19;1016286;222811;397133;619944;0,909548262151733;0,326898868821432;0,582656729118678;0,909555597940111
"601";"AGES";2021-04-19;2021;16;"All";"80 ou mais anos";8410;123477;4;131891;628349;519805;23;1148177;107654;520701;628355;0,921887058202145;0,15794539239132;0,763950468756877;0,921895861148198
"602";"AGES";2021-04-26;2021;17;"All";"80 ou mais anos";6141;39915;0;46056;634490;559720;23;1194233;73848;560660;634508;0,930896873486994;0,108346660015552;0,8225766223096;0,930923282325152
"603";"AGES";2021-05-03;2021;18;"All";"80 ou mais anos";5112;31907;1;37020;639602;591627;24;1231253;47121;592649;639770;0,938396983523819;0,0691339368241905;0,869509529189102;0,938643466013292
"604";"AGES";2021-05-10;2021;19;"All";"80 ou mais anos";3786;10025;1;13812;643388;601652;25;1245065;40968;602789;643757;0,943951642483018;0,0601065156472366;0,884386508018017;0,944493023665253
"605";"AGES";2021-05-17;2021;20;"All";"80 ou mais anos";4759;8409;2;13170;648147;610061;27;1258235;36322;612633;648955;0,950933845860415;0,0532901010871638;0,898829208175003;0,952119309262166
"606";"AGES";2021-05-24;2021;21;"All";"80 ou mais anos";4464;6396;0;10860;652611;616457;27;1269095;32728;621167;653895;0,957483237723558;0,0480171364016491;0,911349931777168;0,959367068178817
"607";"AGES";2021-05-31;2021;22;"All";"80 ou mais anos";3063;6203;1;9267;655674;622660;28;1278362;29216;628345;657561;0,961977141683417;0,04286447864552;0,921881189571443;0,964745668216963
"608";"AGES";2021-06-07;2021;23;"All";"80 ou mais anos";2755;4851;1;7607;658429;627511;29;1285969;26658;634037;660695;0,966019161079241;0,0391114893117563;0,930232251060021;0,969343740371778
"609";"AGES";2021-06-14;2021;24;"All";"80 ou mais anos";2636;4800;0;7436;661065;632311;29;1293405;23833;639771;663604;0,969886588711689;0,0349667688786514;0,938644933170968;0,973611702049619
"610";"AGES";2021-06-21;2021;25;"All";"80 ou mais anos";3405;4846;3;8254;664470;637157;32;1301659;21082;646391;667473;0,974882260596546;0,0309306181135287;0,94835751698235;0,979288135095879
"611";"AGES";2021-06-28;2021;26;"All";"80 ou mais anos";3275;5446;1;8722;667745;642603;33;1310381;17556;653613;671169;0,979687201983597;0,0257574201499435;0,958953329714344;0,984710749864288
"612";"AGES";2021-07-05;2021;27;"All";"80 ou mais anos";2673;5281;3;7957;670418;647884;36;1318338;13817;660357;674174;0,983608914450036;0,0202717176014906;0,968847841077481;0,989119558678971
"613";"AGES";2021-07-12;2021;28;"All";"80 ou mais anos";2106;3569;2;5677;672524;651453;38;1324015;11442;665336;676778;0,986698748514503;0,0167872181223316;0,976152819143473;0,992940037265805
"614";"AGES";2021-07-19;2021;29;"All";"80 ou mais anos";2208;3097;1;5306;674732;654550;39;1329321;9588;669998;679586;0,989938232661864;0,0140671077920744;0,982992708226353;0,997059816018428
"615";"AGES";2021-07-26;2021;30;"All";"80 ou mais anos";2598;2895;1;5494;677330;657445;40;1334815;7952;674737;682689;0,993749908302645;0,0116668378350621;0,989945568450241;1
"616";"AGES";2021-08-02;2021;31;"All";"80 ou mais anos";2494;2105;1;4600;679824;659550;41;1339415;6986;678656;685642;0,997408999545181;0,0102495635205916;0,995695359380273;1
"617";"AGES";2021-08-09;2021;32;"All";"80 ou mais anos";1581;1726;1;3308;681405;661276;42;1342723;6198;681454;687652;0,999728575830044;0,00909344327234848;0,999800466556141;1
"618";"AGES";2021-08-16;2021;33;"All";"80 ou mais anos";1350;1127;0;2477;682755;662403;42;1345200;5844;683468;689312;1,00170923869188;0,00857406945524435;1;1
"619";"AGES";2021-08-23;2021;34;"All";"80 ou mais anos";1537;973;0;2510;684292;663376;42;1347710;5974;685252;691226;1,00396426003903;0,00876479995305095;1;1
"620";"AGES";2021-08-30;2021;35;"All";"80 ou mais anos";1667;825;1;2493;685959;664201;43;1350203;6372;686841;693213;1,00641001188398;0,00934872870787424;1;1
"621";"AGES";2021-09-06;2021;36;"All";"80 ou mais anos";770;574;3;1347;686729;664775;46;1351550;6310;687745;694055;1,00753972329406;0,00925776493199724;1;1
"622";"AGES";2021-09-13;2021;37;"All";"80 ou mais anos";552;962;4;1518;687281;665737;50;1353068;5776;688873;694649;1,0083495943309;0,00847430273331475;1;1
"623";"AGES";2021-09-20;2021;38;"All";"80 ou mais anos";599;1046;3;1648;687880;666783;53;1354716;5151;690117;695268;1,00922842177849;0,00755732918616764;1;1
"624";"AGES";2021-09-27;2021;39;"All";"80 ou mais anos";367;798;8;1173;688247;667581;61;1355889;4646;691018;695664;1,00976686864537;0,00681641456007277;1;1
"625";"AGES";2021-10-04;2021;40;"All";"80 ou mais anos";167;576;4;747;688414;668157;65;1356636;4240;691625;695865;1,01001188397717;0,00622074854384601;1;1
"626";"AGES";2021-10-11;2021;41;"All";"80 ou mais anos";238;782;0;1020;688652;668939;65;1357656;3632;692473;696105;1,01036106750392;0,0053287166771813;1;1
"627";"AGES";2021-10-18;2021;42;"All";"80 ou mais anos";269;717;0;986;688921;669656;65;1358642;3133;693243;696376;1,01075573291862;0,00459660499713904;1;1
"628";"AGES";2021-10-25;2021;43;"All";"80 ou mais anos";238;656;0;894;689159;670312;65;1359536;2672;693948;696620;1,01110491644537;0,00392024530876333;1;1
"629";"AGES";2021-11-01;2021;44;"All";"80 ou mais anos";227;413;0;640;689386;670725;65;1360176;2435;694413;696848;1,01143796123769;0,00357252893968515;1;1
"630";"AGES";2021-11-08;2021;45;"All";"80 ou mais anos";350;870;0;1220;689736;671595;65;1361396;1844;695354;697198;1,0119514664241;0,00270543875350284;1;1
"631";"AGES";2021-01-04;2021;1;"All";"Desconhecido";1;0;0;1;2;0;0;2;2;0;2;NA;NA;NA;NA
"632";"AGES";2021-01-11;2021;2;"All";"Desconhecido";1;0;0;1;3;0;0;3;3;0;3;NA;NA;NA;NA
"633";"AGES";2021-01-18;2021;3;"All";"Desconhecido";1;1;0;2;4;1;0;5;3;1;4;NA;NA;NA;NA
"634";"AGES";2021-01-25;2021;4;"All";"Desconhecido";1;1;0;2;5;2;0;7;3;2;5;NA;NA;NA;NA
"635";"AGES";2021-02-01;2021;5;"All";"Desconhecido";0;1;0;1;5;3;0;8;2;3;5;NA;NA;NA;NA
"636";"AGES";2021-02-08;2021;6;"All";"Desconhecido";2;1;0;3;7;4;0;11;3;4;7;NA;NA;NA;NA
"637";"AGES";2021-02-15;2021;7;"All";"Desconhecido";2;1;0;3;9;5;0;14;4;5;9;NA;NA;NA;NA
"638";"AGES";2021-02-22;2021;8;"All";"Desconhecido";3;1;0;4;12;6;0;18;6;6;12;NA;NA;NA;NA
"639";"AGES";2021-03-01;2021;9;"All";"Desconhecido";1;1;0;2;13;7;0;20;6;7;13;NA;NA;NA;NA
"640";"AGES";2021-03-08;2021;10;"All";"Desconhecido";2;1;0;3;15;8;0;23;7;8;15;NA;NA;NA;NA
"641";"AGES";2021-03-15;2021;11;"All";"Desconhecido";1;2;0;3;16;10;0;26;6;10;16;NA;NA;NA;NA
"642";"AGES";2021-03-22;2021;12;"All";"Desconhecido";2;2;0;4;18;12;0;30;6;12;18;NA;NA;NA;NA
"643";"AGES";2021-03-29;2021;13;"All";"Desconhecido";2;0;0;2;20;12;0;32;8;12;20;NA;NA;NA;NA
"644";"AGES";2021-04-05;2021;14;"All";"Desconhecido";3;1;0;4;23;13;0;36;10;13;23;NA;NA;NA;NA
"645";"AGES";2021-04-12;2021;15;"All";"Desconhecido";3;1;0;4;26;14;0;40;12;14;26;NA;NA;NA;NA
"646";"AGES";2021-04-19;2021;16;"All";"Desconhecido";2;1;0;3;28;15;0;43;13;15;28;NA;NA;NA;NA
"647";"AGES";2021-04-26;2021;17;"All";"Desconhecido";3;1;0;4;31;16;0;47;15;16;31;NA;NA;NA;NA
"648";"AGES";2021-05-03;2021;18;"All";"Desconhecido";2;2;0;4;33;18;0;51;15;18;33;NA;NA;NA;NA
"649";"AGES";2021-05-10;2021;19;"All";"Desconhecido";2;4;0;6;35;22;0;57;14;22;36;NA;NA;NA;NA
"650";"AGES";2021-05-17;2021;20;"All";"Desconhecido";3;2;0;5;38;24;0;62;16;24;40;NA;NA;NA;NA
"651";"AGES";2021-05-24;2021;21;"All";"Desconhecido";3;2;0;5;41;26;0;67;17;26;43;NA;NA;NA;NA
"652";"AGES";2021-05-31;2021;22;"All";"Desconhecido";3;3;0;6;44;29;0;73;18;29;47;NA;NA;NA;NA
"653";"AGES";2021-06-07;2021;23;"All";"Desconhecido";2;3;0;5;46;32;0;78;18;32;50;NA;NA;NA;NA
"654";"AGES";2021-06-14;2021;24;"All";"Desconhecido";2;4;0;6;48;36;0;84;17;36;53;NA;NA;NA;NA
"655";"AGES";2021-06-21;2021;25;"All";"Desconhecido";2;4;0;6;50;40;0;90;16;40;56;NA;NA;NA;NA
"656";"AGES";2021-06-28;2021;26;"All";"Desconhecido";1;4;0;5;51;44;0;95;14;44;58;NA;NA;NA;NA
"657";"AGES";2021-07-05;2021;27;"All";"Desconhecido";2;4;0;6;53;48;0;101;13;48;61;NA;NA;NA;NA
"658";"AGES";2021-07-12;2021;28;"All";"Desconhecido";3;3;0;6;56;51;0;107;14;51;65;NA;NA;NA;NA
"659";"AGES";2021-07-19;2021;29;"All";"Desconhecido";3;4;0;7;59;55;0;114;14;55;69;NA;NA;NA;NA
"660";"AGES";2021-07-26;2021;30;"All";"Desconhecido";3;4;0;7;62;59;0;121;14;59;73;NA;NA;NA;NA
"661";"AGES";2021-08-02;2021;31;"All";"Desconhecido";3;2;0;5;65;61;0;126;16;61;77;NA;NA;NA;NA
"662";"AGES";2021-08-09;2021;32;"All";"Desconhecido";3;3;0;6;68;64;0;132;17;64;81;NA;NA;NA;NA
"663";"AGES";2021-08-16;2021;33;"All";"Desconhecido";2;3;0;5;70;67;0;137;17;67;84;NA;NA;NA;NA
"664";"AGES";2021-08-23;2021;34;"All";"Desconhecido";3;3;1;7;73;70;1;144;18;70;88;NA;NA;NA;NA
"665";"AGES";2021-08-30;2021;35;"All";"Desconhecido";2;3;0;5;75;73;1;149;18;73;91;NA;NA;NA;NA
"666";"AGES";2021-09-06;2021;36;"All";"Desconhecido";2;3;0;5;77;76;1;154;17;76;93;NA;NA;NA;NA
"667";"AGES";2021-09-13;2021;37;"All";"Desconhecido";2;3;0;5;79;79;1;159;17;79;96;NA;NA;NA;NA
"668";"AGES";2021-09-20;2021;38;"All";"Desconhecido";0;2;0;2;79;81;1;161;16;81;97;NA;NA;NA;NA
"669";"AGES";2021-09-27;2021;39;"All";"Desconhecido";2;1;0;3;81;82;1;164;17;82;99;NA;NA;NA;NA
"670";"AGES";2021-10-04;2021;40;"All";"Desconhecido";1;3;0;4;82;85;1;168;16;85;101;NA;NA;NA;NA
"671";"AGES";2021-10-11;2021;41;"All";"Desconhecido";1;1;0;2;83;86;1;170;16;86;102;NA;NA;NA;NA
"672";"AGES";2021-10-18;2021;42;"All";"Desconhecido";0;1;0;1;83;87;1;171;15;87;102;NA;NA;NA;NA
"673";"AGES";2021-10-25;2021;43;"All";"Desconhecido";1;0;0;1;84;87;1;172;16;87;103;NA;NA;NA;NA
"674";"AGES";2021-11-01;2021;44;"All";"Desconhecido";0;0;0;0;84;87;1;172;16;87;103;NA;NA;NA;NA
"675";"AGES";2021-11-08;2021;45;"All";"Desconhecido";0;0;0;0;84;87;1;172;16;87;103;NA;NA;NA;NA
"676";"GENERAL";2021-01-04;2021;1;"All";"All";49065;115;1;49181;85075;132;3;85210;84951;138;85089;0,00822148124468249;0,00820949812773462;1,33360495065082e-05;0,00822283417724112
"677";"GENERAL";2021-01-11;2021;2;"All";"All";50231;1222;1;51454;135306;1354;4;136664;133908;1414;135322;0,0130757066270116;0,0129406066472282;0,000136646188421758;0,01307725283565
"678";"GENERAL";2021-01-18;2021;3;"All";"All";122656;32820;6;155482;257962;34174;10;292146;223551;34429;257980;0,0249289420492599;0,0216035304581841;0,00332715107579399;0,0249306815339781
"679";"GENERAL";2021-01-25;2021;4;"All";"All";42214;45978;11;88203;300176;80152;21;380349;219708;80488;300196;0,0290084202656928;0,0212321504708399;0,00777820255565095;0,0290103530264908
"680";"GENERAL";2021-02-01;2021;5;"All";"All";24265;37657;2;61924;324441;117809;23;442273;206299;118172;324471;0,0313533423039205;0,0199363309937908;0,0114199104513267;0,0313562414451175
"681";"GENERAL";2021-02-08;2021;6;"All";"All";41110;99660;9;140779;365551;217469;32;583052;147457;218125;365582;0,0353261321243013;0,0142499554498636;0,0210791724536746;0,0353291279035382
"682";"GENERAL";2021-02-15;2021;7;"All";"All";103907;50513;7;154427;469458;267982;39;737479;200287;269203;469490;0,0453675009364226;0,0193553430978986;0,0260152502558009;0,0453705933536995
"683";"GENERAL";2021-02-22;2021;8;"All";"All";177461;20850;7;198318;646919;288832;46;935797;356314;290637;646951;0,0625169841355128;0,0344334865497243;0,0280865900030654;0,0625200765527897
"684";"GENERAL";2021-03-01;2021;9;"All";"All";139736;33864;10;173610;786655;322696;56;1109407;461856;324862;786718;0,0760207972792913;0,0446328585570858;0,0313940269187193;0,0760268854758051
"685";"GENERAL";2021-03-08;2021;10;"All";"All";96843;52324;4;149171;883498;375020;60;1258578;506156;377464;883620;0,0853795149775433;0,0489139237247548;0,0364773810936566;0,0853913048184113
"686";"GENERAL";2021-03-15;2021;11;"All";"All";82740;110652;10;193402;966238;485672;70;1451980;478168;488236;966404;0,093375346399054;0,0462092182639711;0,0471821700497067;0,0933913883136778
"687";"GENERAL";2021-03-22;2021;12;"All";"All";258345;22328;7;280680;1224583;508000;77;1732660;713686;511095;1224781;0,118341300817596;0,0689692161456652;0,0493912190038319;0,118360435149497
"688";"GENERAL";2021-03-29;2021;13;"All";"All";138702;85401;4;224107;1363285;593401;81;1956767;766879;596680;1363559;0,131745190228116;0,0741096834021847;0,0576619856488645;0,131771669051049
"689";"GENERAL";2021-04-05;2021;14;"All";"All";257328;54164;9;311501;1620613;647565;90;2268268;969788;651251;1621039;0,156612863760078;0,093718411440707;0,0629356201243693;0,156654031565076
"690";"GENERAL";2021-04-12;2021;15;"All";"All";426405;55135;8;481548;2047018;702700;98;2749816;1340646;706842;2047488;0,19781980716459;0,129557401642769;0,0683078254005743;0,197865227043344
"691";"GENERAL";2021-04-19;2021;16;"All";"All";211730;139888;18;351636;2258748;842588;116;3101452;1411565;847664;2259229;0,218280979353089;0,136410874794596;0,0819165874556866;0,218327462250282
"692";"GENERAL";2021-04-26;2021;17;"All";"All";346739;90839;10;437588;2605487;933427;126;3539040;1668264;939105;2607369;0,25178915667075;0,161217762999459;0,0907532664623867;0,251971029461846
"693";"GENERAL";2021-05-03;2021;18;"All";"All";372020;220702;16;592738;2977507;1154129;142;4131778;1831129;1160784;2991913;0,287740440275179;0,176956717368136;0,112175890509874;0,28913260787801
"694";"GENERAL";2021-05-10;2021;19;"All";"All";290255;306710;24;596989;3267762;1460839;166;4728767;1830908;1469159;3300067;0,315790114547001;0,176935360361318;0,141976646064725;0,318912006426043
"695";"GENERAL";2021-05-17;2021;20;"All";"All";306574;221179;29;527782;3574336;1682018;195;5256549;1929213;1701479;3630692;0,345416824991989;0,186435362873907;0,164427595494812;0,350862958368719
"696";"GENERAL";2021-05-24;2021;21;"All";"All";232978;330114;91;563183;3807314;2012132;286;5819732;1859100;2054154;3913254;0,367931362252331;0,179659779982242;0,198509416217332;0,378169196199574
"697";"GENERAL";2021-05-31;2021;22;"All";"All";231325;340276;36;571637;4038639;2352408;322;6391369;1791805;2409512;4201317;0,390286156832715;0,173156523087021;0,23285051680091;0,406007039887931
"698";"GENERAL";2021-06-07;2021;23;"All";"All";361205;251965;54;613224;4399844;2604373;376;7004593;1909089;2681691;4590780;0,425192300035601;0,184490618958915;0,25915336186346;0,443643980822374
"699";"GENERAL";2021-06-14;2021;24;"All";"All";344596;390220;66;734882;4744440;2994593;442;7739475;1879291;3091855;4971146;0,458493382033751;0,181610998645908;0,298790806861919;0,480401805507827
"700";"GENERAL";2021-06-21;2021;25;"All";"All";377230;346802;78;724110;5121670;3341395;520;8463585;1928043;3465091;5393134;0,494948149826071;0,186322296367221;0,334859602322869;0,521181898690091
"701";"GENERAL";2021-06-28;2021;26;"All";"All";390082;433088;164;823334;5511752;3774483;684;9286919;1881246;3928199;5809445;0,532644909707214;0,181799926013917;0,379613451705913;0,561413377719829
"702";"GENERAL";2021-07-05;2021;27;"All";"All";433796;622188;82;1056066;5945548;4396671;766;10342985;1694830;4586935;6281765;0,574566104864643;0,163785049167502;0,44327240755895;0,607057456726452
"703";"GENERAL";2021-07-12;2021;28;"All";"All";246205;521968;109;768282;6191753;4918639;875;11111267;1501404;5142392;6643796;0,598358873478772;0,145092739661373;0,496950683288925;0,642043422950297
"704";"GENERAL";2021-07-19;2021;29;"All";"All";144188;525484;82;669754;6335941;5444123;957;11781021;1221983;5699191;6921174;0,612292919176196;0,118090041913851;0,550758647268448;0,668848689182299
"705";"GENERAL";2021-07-26;2021;30;"All";"All";105600;500504;80;606184;6441541;5944627;1037;12387205;898331;6230708;7129039;0,622497896189871;0,0868129470234131;0,602123408323164;0,688936355346577
"706";"GENERAL";2021-08-02;2021;31;"All";"All";130497;508562;74;639133;6572038;6453189;1111;13026338;603409;6773123;7376532;0,635108870482993;0,0583122630193667;0,654541330736734;0,7128535937561
"707";"GENERAL";2021-08-09;2021;32;"All";"All";315006;353512;63;668581;6887044;6806701;1174;13694919;656665;7177521;7834186;0,665550432880436;0,0634588184724;0,693621560797117;0,757080379269517
"708";"GENERAL";2021-08-16;2021;33;"All";"All";363256;239035;71;602362;7250300;7045736;1245;14297281;842619;7463765;8306384;0,700654780703162;0,0814290485443799;0,721283619890892;0,802712668435272
"709";"GENERAL";2021-08-23;2021;34;"All";"All";294550;139594;38;434182;7544850;7185330;1283;14731463;999370;7642825;8642195;0,729119515356364;0,0965771579370948;0,738587627315786;0,835164785252881
"710";"GENERAL";2021-08-30;2021;35;"All";"All";131003;300607;59;431669;7675853;7485937;1342;15163132;814571;7974325;8788896;0,741779388497677;0,078718544801202;0,770623137543376;0,849341682344578
"711";"GENERAL";2021-09-06;2021;36;"All";"All";67421;311061;112;378594;7743274;7796998;1454;15541726;561088;8298891;8859979;0,748294821785925;0,0542224445326642;0,801988559602284;0,856211004134948
"712";"GENERAL";2021-09-13;2021;37;"All";"All";46754;258096;154;305004;7790028;8055094;1608;15846730;344030;8565590;8909620;0,752813036703514;0,0332463848675653;0,82776182820617;0,861008213073735
"713";"GENERAL";2021-09-20;2021;38;"All";"All";34855;103640;154;138649;7824883;8158734;1762;15985379;268798;8677498;8946296;0,756181355584306;0,0259761118496405;0,838576397975549;0,864552509825189
"714";"GENERAL";2021-09-27;2021;39;"All";"All";22756;58571;143;81470;7847639;8217305;1905;16066849;227446;8743133;8970579;0,758380450820322;0,0219799356236033;0,844919235724532;0,866899171348135
"715";"GENERAL";2021-10-04;2021;40;"All";"All";13341;44558;248;58147;7860980;8261863;2153;16124996;195172;8790851;8986023;0,759669698910657;0,0188610395237987;0,849530609712587;0,868391649236386
"716";"GENERAL";2021-10-11;2021;41;"All";"All";17633;37045;6;54684;7878613;8298908;2159;16179680;171739;8832113;9003852;0,761373717468253;0,0165965203347696;0,853518088515033;0,870114608849802
"717";"GENERAL";2021-10-18;2021;42;"All";"All";13463;29683;3;43149;7892076;8328591;2162;16222829;152070;8865394;9017464;0,762674755399457;0,0146957467279326;0,856734299121019;0,871430045848952
"718";"GENERAL";2021-10-25;2021;43;"All";"All";13213;18375;2;31590;7905289;8346966;2164;16254419;142998;8887758;9030756;0,763951633820685;0,0138190464299395;0,858895512245393;0,872714558675332
"719";"GENERAL";2021-11-01;2021;44;"All";"All";9942;13784;0;23726;7915231;8360750;2164;16278145;136113;8904618;9040731;0,764912409213393;0,0131536935252127;0,860524829598144;0,873678523123357
"720";"GENERAL";2021-11-08;2021;45;"All";"All";13140;17106;0;30246;7928371;8377856;2164;16308391;127994;8925907;9053901;0,766182233057709;0,0123690892792464;0,862582156829623;0,874951246108869
