;TYPE;DATE;YEAR;WEEK;REGION;AGEGROUP;TOTAL_VAC_1;TOTAL_VAC_2;TOTAL_VAC_UNK;TOTAL;CUMUL_VAC_1;CUMUL_VAC_2;CUMUL_VAC_UNK;CUMUL;CUMUL_VAC_INIT;CUMUL_VAC_COMPLETE;CUMUL_VAC_LEAST;COVER_1_VAC;COVER_INIT;COVER_COMPLETE;COVER_LEAST
1;REGIONAL;04/01/2021;2021;1;ARS Alentejo;All;3468;3;0;3471;4702;4;0;4706;4698;4;4702;0,010029821;0,010021288;8,53E-06;0,010029821
2;REGIONAL;11/01/2021;2021;2;ARS Alentejo;All;5376;11;0;5387;10078;15;0;10093;10062;16;10078;0,021497349;0,021463219;3,41E-05;0,021497349
3;REGIONAL;18/01/2021;2021;3;ARS Alentejo;All;10454;1138;0;11592;20532;1153;0;21685;19374;1158;20532;0,043796741;0,041326616;0,002470126;0,043796741
4;REGIONAL;25/01/2021;2021;4;ARS Alentejo;All;2373;3104;0;5477;22905;4257;0;27162;18640;4265;22905;0,04885858;0,039760923;0,009097657;0,04885858
5;REGIONAL;01/02/2021;2021;5;ARS Alentejo;All;1454;4354;0;5808;24359;8611;0;32970;15739;8620;24359;0,051960103;0,033572809;0,018387294;0,051960103
6;REGIONAL;08/02/2021;2021;6;ARS Alentejo;All;3290;8798;0;12088;27649;17409;0;45058;10227;17422;27649;0,058977991;0,02181518;0,037162811;0,058977991
7;REGIONAL;15/02/2021;2021;7;ARS Alentejo;All;4080;2844;0;6924;31729;20253;0;51982;11463;20266;31729;0,067681025;0,024451687;0,043229338;0,067681025
8;REGIONAL;22/02/2021;2021;8;ARS Alentejo;All;12066;1640;0;13706;43795;21893;0;65688;21884;21911;43795;0,09341897;0,046680688;0,046738282;0,09341897
9;REGIONAL;01/03/2021;2021;9;ARS Alentejo;All;10487;2836;1;13324;54282;24729;1;79012;29529;24753;54282;0,115788755;0,062988213;0,052800543;0,115788755
10;REGIONAL;08/03/2021;2021;10;ARS Alentejo;All;5849;1696;0;7545;60131;26425;1;86557;33674;26457;60131;0,128265238;0,071829898;0,056435339;0,128265238
11;REGIONAL;15/03/2021;2021;11;ARS Alentejo;All;3736;7749;0;11485;63867;34174;1;98042;29661;34207;63868;0,136234487;0,063269781;0,072966839;0,13623662
12;REGIONAL;22/03/2021;2021;12;ARS Alentejo;All;11924;2123;0;14047;75791;36297;1;112089;39461;36332;75793;0,161669532;0,084174129;0,077499669;0,161673798
13;REGIONAL;29/03/2021;2021;13;ARS Alentejo;All;6167;6316;0;12483;81958;42613;1;124572;39309;42651;81960;0,174824339;0,083849898;0,090978707;0,174828606
14;REGIONAL;05/04/2021;2021;14;ARS Alentejo;All;14065;4336;0;18401;96023;46949;1;142973;49035;46992;96027;0,204826345;0,104596397;0,10023848;0,204834877
15;REGIONAL;12/04/2021;2021;15;ARS Alentejo;All;21936;2982;0;24918;117959;49931;1;167891;67986;49978;117964;0,251617954;0,145020712;0,106607907;0,251628619
16;REGIONAL;19/04/2021;2021;16;ARS Alentejo;All;11411;5992;1;17404;129370;55923;2;185295;73402;55973;129375;0,27595872;0,156573564;0,119395822;0,275969386
17;REGIONAL;26/04/2021;2021;17;ARS Alentejo;All;20277;2807;0;23084;149647;58730;2;208379;90877;58783;149660;0,319211522;0,193849429;0,125389823;0,319239252
18;REGIONAL;03/05/2021;2021;18;ARS Alentejo;All;13729;14355;1;28085;163376;73085;3;236464;93358;73150;166508;0,348496807;0,199141642;0,156036024;0,355177666
19;REGIONAL;10/05/2021;2021;19;ARS Alentejo;All;17478;15305;0;32783;180854;88390;3;269247;96017;88475;184492;0,385779071;0,204813546;0,188725731;0,393539277
20;REGIONAL;17/05/2021;2021;20;ARS Alentejo;All;13272;12282;1;25555;194126;100672;4;294802;100306;100875;201181;0,41408953;0,213962398;0,21517613;0,429138528
21;REGIONAL;24/05/2021;2021;21;ARS Alentejo;All;7232;18612;0;25844;201358;119284;4;320646;90611;119946;210557;0,429516086;0,193282025;0,255856417;0,449138442
22;REGIONAL;31/05/2021;2021;22;ARS Alentejo;All;17432;7353;0;24785;218790;126637;4;345431;100279;128057;228336;0,466700227;0,213904804;0,273157964;0,487062769
23;REGIONAL;07/06/2021;2021;23;ARS Alentejo;All;13871;15306;0;29177;232661;141943;4;374608;98882;143964;242846;0,496288412;0,210924868;0,307089134;0,518014002
24;REGIONAL;14/06/2021;2021;24;ARS Alentejo;All;10289;19302;1;29592;242950;161245;5;404200;91071;163740;254811;0,518235844;0,19426325;0,349273254;0,543536504
25;REGIONAL;21/06/2021;2021;25;ARS Alentejo;All;10614;14369;0;24983;253564;175614;5;429183;89526;178809;268335;0,540876532;0,190967615;0,381416888;0,572384503
26;REGIONAL;28/06/2021;2021;26;ARS Alentejo;All;11025;29042;3;40070;264589;204656;8;469253;73149;208513;281662;0,564393923;0,156033891;0,444778393;0,600812283
27;REGIONAL;05/07/2021;2021;27;ARS Alentejo;All;15353;27959;0;43312;279942;232615;8;512565;59849;237870;297719;0,597143357;0,127663705;0,507399712;0,635063417
28;REGIONAL;12/07/2021;2021;28;ARS Alentejo;All;8205;20421;1;28627;288147;253036;9;541192;49631;259781;309412;0,614645415;0,105867722;0,554137994;0,660005717
29;REGIONAL;19/07/2021;2021;29;ARS Alentejo;All;3527;16779;3;20309;291674;269815;12;561501;39431;277841;317272;0,622168847;0,084110136;0,592661721;0,676771857
30;REGIONAL;26/07/2021;2021;30;ARS Alentejo;All;2256;16585;0;18841;293930;286400;12;580342;28705;295453;324158;0,626981114;0,061230541;0,63022982;0,691460361
31;REGIONAL;02/08/2021;2021;31;ARS Alentejo;All;4967;20038;13;25018;298897;306438;25;605360;18603;316614;335217;0,637576205;0,039681998;0,675368279;0,715050277
32;REGIONAL;09/08/2021;2021;32;ARS Alentejo;All;14884;14451;0;29335;313781;320889;25;634695;24683;332727;357410;0,669325216;0,052651226;0,709738866;0,762390092
33;REGIONAL;16/08/2021;2021;33;ARS Alentejo;All;22244;6601;0;28845;336025;327490;25;663540;41942;341539;383481;0,716773819;0,089466342;0,728535714;0,818002056
34;REGIONAL;23/08/2021;2021;34;ARS Alentejo;All;12988;4613;0;17601;349013;332103;25;681141;51018;347583;398601;0,744478479;0,108826328;0,741428151;0,850254478
35;REGIONAL;30/08/2021;2021;35;ARS Alentejo;All;4761;15833;2;20596;353774;347936;27;701737;40617;364369;404986;0,754634153;0,086639989;0,777234312;0,863874301
36;REGIONAL;06/09/2021;2021;36;ARS Alentejo;All;2620;15207;6;17833;356394;363143;33;719570;27619;380071;407690;0,760222866;0,058913998;0,810728197;0,869642194
37;REGIONAL;13/09/2021;2021;37;ARS Alentejo;All;1846;15839;4;17689;358240;378982;37;737259;13411;396153;409564;0,764160562;0,02860696;0,845032658;0,873639618
38;REGIONAL;20/09/2021;2021;38;ARS Alentejo;All;1617;3614;6;5237;359857;382596;43;742496;11162;400037;411199;0,76760978;0,023809625;0,853317605;0,877127231
39;REGIONAL;27/09/2021;2021;39;ARS Alentejo;All;1129;2414;5;3548;360986;385010;48;746044;9591;402819;412410;0,770018046;0,02045853;0,85925188;0,879710411
40;REGIONAL;04/10/2021;2021;40;ARS Alentejo;All;478;1677;4;2159;361464;386687;52;748203;8403;404596;412999;0,771037666;0,017924412;0,863042393;0,880966805
41;REGIONAL;11/10/2021;2021;41;ARS Alentejo;All;706;1607;0;2313;362170;388294;52;750516;7361;406345;413706;0,772543632;0,015701725;0,866773179;0,882474904
42;REGIONAL;04/01/2021;2021;1;ARS Algarve;All;1276;4;0;1280;2350;4;0;2354;2346;5;2351;0,005026792;0,005018235;1,07E-05;0,005028931
43;REGIONAL;11/01/2021;2021;2;ARS Algarve;All;1374;5;0;1379;3724;9;0;3733;3713;12;3725;0,007965861;0,007942331;2,57E-05;0,007968
44;REGIONAL;18/01/2021;2021;3;ARS Algarve;All;3415;952;0;4367;7139;961;0;8100;6176;964;7140;0,015270752;0,013210836;0,002062054;0,015272891
45;REGIONAL;25/01/2021;2021;4;ARS Algarve;All;2174;1251;0;3425;9313;2212;0;11525;7099;2215;9314;0,019921069;0,015185189;0,004738019;0,019923208
46;REGIONAL;01/02/2021;2021;5;ARS Algarve;All;1244;1253;0;2497;10557;3465;0;14022;7091;3468;10559;0,02258206;0,015168077;0,007418261;0,022586338
47;REGIONAL;08/02/2021;2021;6;ARS Algarve;All;2433;2897;0;5330;12990;6362;0;19352;6625;6367;12992;0,027786393;0,014171275;0,013619397;0,027790672
48;REGIONAL;15/02/2021;2021;7;ARS Algarve;All;3232;2125;0;5357;16222;8487;0;24709;7729;8495;16224;0,034699836;0,016532797;0,018171317;0,034704114
49;REGIONAL;22/02/2021;2021;8;ARS Algarve;All;8525;1073;1;9599;24747;9560;1;34308;15174;9575;24749;0,052935326;0,032458101;0,020481502;0,052939604
50;REGIONAL;01/03/2021;2021;9;ARS Algarve;All;4678;566;0;5244;29425;10126;1;39552;19279;10149;29428;0,06294185;0,041238944;0,021709323;0,062948267
51;REGIONAL;08/03/2021;2021;10;ARS Algarve;All;5169;1563;0;6732;34594;11689;1;46284;22885;11713;34598;0,073998652;0,048952395;0,025054813;0,074007209
52;REGIONAL;15/03/2021;2021;11;ARS Algarve;All;2750;3025;1;5776;37344;14714;2;52060;22610;14738;37348;0,079881068;0,048364154;0,031525471;0,079889624
53;REGIONAL;22/03/2021;2021;12;ARS Algarve;All;9492;4320;0;13812;46836;19034;2;65872;27777;19063;46840;0,100185029;0,059416678;0,040776907;0,100193585
54;REGIONAL;29/03/2021;2021;13;ARS Algarve;All;4259;2941;0;7200;51095;21975;2;73072;29096;22004;51100;0,109295287;0,062238099;0,047067883;0,109305982
55;REGIONAL;05/04/2021;2021;14;ARS Algarve;All;8700;1839;0;10539;59795;23814;2;83611;35961;23845;59806;0,127905111;0,076922748;0,051005893;0,127928641
56;REGIONAL;12/04/2021;2021;15;ARS Algarve;All;13716;2200;0;15916;73511;26014;2;99527;47478;26045;73523;0,157244463;0,101558305;0,055711826;0,157270131
57;REGIONAL;19/04/2021;2021;16;ARS Algarve;All;7308;5557;0;12865;80819;31571;2;112392;49226;31606;80832;0,172876715;0,105297383;0,06760714;0,172904523
58;REGIONAL;26/04/2021;2021;17;ARS Algarve;All;16443;3297;0;19740;97262;34868;2;132132;62361;34920;97281;0,208049284;0,13339394;0,074695986;0,208089926
59;REGIONAL;03/05/2021;2021;18;ARS Algarve;All;16613;8998;0;25611;113875;43866;2;157743;70516;43931;114447;0,243585493;0,150837977;0,093971059;0,244809035
60;REGIONAL;10/05/2021;2021;19;ARS Algarve;All;9776;11386;0;21162;123651;55252;2;178905;70872;55324;126196;0,264496946;0,151599482;0,118341373;0,269940855
61;REGIONAL;17/05/2021;2021;20;ARS Algarve;All;12076;10944;2;23022;135727;66196;4;201927;74483;66322;140805;0,290328239;0,159323629;0,141866758;0,301190387
62;REGIONAL;24/05/2021;2021;21;ARS Algarve;All;7667;18867;0;26534;143394;85063;4;228461;68979;85289;154268;0,306728414;0,147550241;0,182438315;0,329988556
63;REGIONAL;31/05/2021;2021;22;ARS Algarve;All;8201;12793;2;20996;151595;97856;6;249457;72785;98179;170964;0,324270848;0,155691505;0,210010802;0,365702307
64;REGIONAL;07/06/2021;2021;23;ARS Algarve;All;17126;6394;0;23520;168721;104250;6;272977;84570;104882;189452;0,360904395;0,18090033;0,224348924;0,405249254
65;REGIONAL;14/06/2021;2021;24;ARS Algarve;All;15431;13497;0;28928;184152;117747;6;301905;86511;118600;205111;0,393912234;0,185052247;0,253692553;0,438744799
66;REGIONAL;21/06/2021;2021;25;ARS Algarve;All;19416;10283;2;29701;203568;128030;8;331606;96534;129368;225902;0,435444229;0,206492048;0,276725954;0,483218002
67;REGIONAL;28/06/2021;2021;26;ARS Algarve;All;17284;16536;7;33827;220852;144566;15;365433;99343;146313;245656;0,472415748;0,212500668;0,312972331;0,525473
68;REGIONAL;05/07/2021;2021;27;ARS Algarve;All;19248;31883;1;51132;240100;176449;16;416565;87326;178839;266165;0,513588381;0,186795581;0,382547407;0,569342988
69;REGIONAL;12/07/2021;2021;28;ARS Algarve;All;9847;27121;4;36972;249947;203570;20;453537;76055;206485;282540;0,534651708;0,162686232;0,441683868;0,6043701
70;REGIONAL;19/07/2021;2021;29;ARS Algarve;All;4354;27307;0;31661;254301;230877;20;485198;58252;234431;292683;0,543965176;0,124604541;0,501462048;0,626066589
71;REGIONAL;26/07/2021;2021;30;ARS Algarve;All;4020;24826;5;28851;258321;255703;25;514049;41463;259887;301350;0,552564199;0,088691858;0,555913967;0,644605825
72;REGIONAL;02/08/2021;2021;31;ARS Algarve;All;3951;22720;1;26672;262272;278423;26;540721;26033;283269;309302;0,561015626;0,055686157;0,605929475;0,661615632
73;REGIONAL;09/08/2021;2021;32;ARS Algarve;All;11557;14120;3;25680;273829;292543;29;566401;28230;298325;326555;0,585736746;0,060385673;0,638135167;0,69852084
74;REGIONAL;16/08/2021;2021;33;ARS Algarve;All;16691;7796;3;24490;290520;300339;32;590891;39469;307295;346764;0,621439801;0,084426571;0,657322538;0,74174911
75;REGIONAL;23/08/2021;2021;34;ARS Algarve;All;13614;5345;1;18960;304134;305684;33;609851;48250;313770;362020;0,650560969;0,10320966;0,671172954;0,774382614
76;REGIONAL;30/08/2021;2021;35;ARS Algarve;All;6504;12196;5;18705;310638;317880;38;628556;42629;327093;369722;0,664473417;0,091186002;0,699671654;0,790857656
77;REGIONAL;06/09/2021;2021;36;ARS Algarve;All;3333;15777;1;19111;313971;333657;39;647667;30406;343313;373719;0,671602905;0,065040268;0,734367212;0,79940748
78;REGIONAL;13/09/2021;2021;37;ARS Algarve;All;2282;12108;4;14394;316253;345765;43;662061;21323;355723;377046;0,67648424;0,045611183;0,760912951;0,806524134
79;REGIONAL;20/09/2021;2021;38;ARS Algarve;All;1875;6673;7;8555;318128;352438;50;670616;17061;362651;379712;0,680494979;0,036494508;0,775732361;0,812226869
80;REGIONAL;27/09/2021;2021;39;ARS Algarve;All;1160;3898;6;5064;319288;356336;56;675680;14504;366824;381328;0,682976289;0,031024931;0,784658659;0,81568359
81;REGIONAL;04/10/2021;2021;40;ARS Algarve;All;761;3032;1;3794;320049;359368;57;679474;12300;369976;382276;0,684604113;0,026310442;0,791400978;0,817711419
82;REGIONAL;11/10/2021;2021;41;ARS Algarve;All;1080;1937;0;3017;321129;361305;57;682491;11254;372136;383390;0,686914299;0,024072985;0,796021348;0,820094333
83;REGIONAL;04/01/2021;2021;1;ARS Centro;All;9062;20;0;9082;15691;22;0;15713;15670;23;15693;0,009452979;0,009440328;1,39E-05;0,009454184
84;REGIONAL;11/01/2021;2021;2;ARS Centro;All;12747;24;1;12772;28438;46;1;28485;28382;58;28440;0,017132357;0,01709862;3,49E-05;0,017133562
85;REGIONAL;18/01/2021;2021;3;ARS Centro;All;36914;6273;1;43188;65352;6319;2;71673;58995;6359;65354;0,039371046;0,035541298;0,003830954;0,039372251
86;REGIONAL;25/01/2021;2021;4;ARS Centro;All;4896;8524;3;13423;70248;14843;5;85096;55363;14887;70250;0,042320622;0,033353214;0,008968613;0,042321827
87;REGIONAL;01/02/2021;2021;5;ARS Centro;All;2763;9192;0;11955;73011;24035;5;97051;48931;24083;73014;0,04398518;0,029478282;0,014508705;0,043986987
88;REGIONAL;08/02/2021;2021;6;ARS Centro;All;7587;27211;3;34801;80598;51246;8;131852;29277;51324;80601;0,048555937;0,01763781;0,030919935;0,048557744
89;REGIONAL;15/02/2021;2021;7;ARS Centro;All;25592;10035;3;35630;106190;61281;11;167482;44737;61456;106193;0,063973733;0,026951624;0,037023917;0,063975541
90;REGIONAL;22/02/2021;2021;8;ARS Centro;All;38485;3177;1;41663;144675;64458;12;209145;80006;64672;144678;0,087158865;0,048199289;0,038961383;0,087160672
91;REGIONAL;01/03/2021;2021;9;ARS Centro;All;28611;5983;1;34595;173286;70441;13;243740;102614;70685;173299;0,104395446;0,061819387;0,042583891;0,104403277
92;REGIONAL;08/03/2021;2021;10;ARS Centro;All;17800;13611;0;31411;191086;84052;13;275151;106780;84335;191115;0,115118983;0,064329176;0,050807278;0,115136454
93;REGIONAL;15/03/2021;2021;11;ARS Centro;All;16774;24300;2;41076;207860;108352;15;316227;99255;108647;207902;0,125224411;0,059795771;0,065453943;0,125249714
94;REGIONAL;22/03/2021;2021;12;ARS Centro;All;47987;4470;1;52458;255847;112822;16;368685;142656;113242;255898;0,154133984;0,085942527;0,068222182;0,154164709
95;REGIONAL;29/03/2021;2021;13;ARS Centro;All;24501;16913;2;41416;280348;129735;18;410101;150228;130189;280417;0,168894512;0,090504247;0,078431833;0,16893608
96;REGIONAL;05/04/2021;2021;14;ARS Centro;All;50016;10340;1;60357;330364;140075;19;470458;189836;140615;330451;0,199026447;0,114365926;0,084712935;0,19907886
97;REGIONAL;12/04/2021;2021;15;ARS Centro;All;77815;12132;1;89948;408179;152207;20;560406;255339;152935;408274;0,245905777;0,153827941;0,092135068;0,24596301
98;REGIONAL;19/04/2021;2021;16;ARS Centro;All;30179;24312;8;54499;438358;176519;28;614905;261057;177399;438456;0,264086993;0,157272727;0,106873306;0,264146033
99;REGIONAL;26/04/2021;2021;17;ARS Centro;All;56811;18026;0;74837;495169;194545;28;689742;300932;195610;496542;0,298312549;0,181295259;0,117844448;0,299139707
100;REGIONAL;03/05/2021;2021;18;ARS Centro;All;60172;49321;1;109494;555341;243866;29;799236;317391;245172;562563;0,334562925;0,191210916;0,147702874;0,33891379
101;REGIONAL;10/05/2021;2021;19;ARS Centro;All;50850;55894;1;106745;606191;299760;30;905981;318201;301255;619456;0,365197301;0,191698898;0,181489849;0,373188746
102;REGIONAL;17/05/2021;2021;20;ARS Centro;All;45055;41906;5;86966;651246;341666;35;992947;328333;343962;672295;0,392340502;0,19780288;0,207218507;0,405021387
103;REGIONAL;24/05/2021;2021;21;ARS Centro;All;24365;56460;6;80831;675611;398126;41;1073778;303557;401455;705012;0,407019098;0,182876679;0,241854931;0,42473161
104;REGIONAL;31/05/2021;2021;22;ARS Centro;All;44456;37945;0;82401;720067;436071;41;1156179;309484;442361;751845;0,433801434;0,186447376;0,266498584;0,452945961
105;REGIONAL;07/06/2021;2021;23;ARS Centro;All;58526;41038;1;99565;778593;477109;42;1255744;326187;485963;812150;0,469060184;0,196510031;0,292766432;0,489276462
106;REGIONAL;14/06/2021;2021;24;ARS Centro;All;52167;66002;8;118177;830760;543111;50;1373921;315777;554448;870225;0,500487981;0,190238569;0,334024941;0,52426351
107;REGIONAL;21/06/2021;2021;25;ARS Centro;All;59761;47936;3;107700;890521;591047;53;1481621;330343;605995;936338;0,536490752;0,199013796;0,365079222;0,564093018
108;REGIONAL;28/06/2021;2021;26;ARS Centro;All;50062;77431;2;127495;940583;668478;55;1609116;301819;686834;988653;0,566650401;0,181829628;0,413780348;0,595609977
109;REGIONAL;05/07/2021;2021;27;ARS Centro;All;59657;105233;10;164900;1000240;773711;65;1774016;259835;796537;1056372;0,602590518;0,156536538;0,479870474;0,636407012
110;REGIONAL;12/07/2021;2021;28;ARS Centro;All;28619;82375;6;111000;1028859;856086;71;1885016;216154;883246;1099400;0,619831918;0,130221098;0,532107958;0,662329056
111;REGIONAL;19/07/2021;2021;29;ARS Centro;All;16937;80933;17;97887;1045796;937019;88;1982903;163228;968693;1131921;0,630035544;0,098336044;0,583585156;0,6819212
112;REGIONAL;26/07/2021;2021;30;ARS Centro;All;14448;69189;7;83644;1060244;1006208;95;2066547;116376;1043101;1159477;0,638739683;0,070110248;0,628411953;0,6985222
113;REGIONAL;02/08/2021;2021;31;ARS Centro;All;19322;75380;6;94708;1079566;1081588;101;2161255;74624;1123352;1197976;0,650380143;0,044956925;0,676758841;0,721715766
114;REGIONAL;09/08/2021;2021;32;ARS Centro;All;50691;47137;7;97835;1130257;1128725;108;2259090;92973;1179244;1272217;0,68091873;0,056011205;0,710430749;0,766441954
115;REGIONAL;16/08/2021;2021;33;ARS Centro;All;61450;36150;7;97607;1191707;1164875;115;2356697;131440;1223169;1354609;0,717939032;0,079185493;0,736893186;0,816078679
116;REGIONAL;23/08/2021;2021;34;ARS Centro;All;51295;18475;4;69774;1243002;1183350;119;2426471;163892;1247765;1411657;0,748841496;0,098736068;0,751710946;0,850447015
117;REGIONAL;30/08/2021;2021;35;ARS Centro;All;20792;48350;3;69145;1263794;1231700;122;2495616;133385;1300657;1434042;0,761367552;0,08035725;0,783575517;0,863932767
118;REGIONAL;06/09/2021;2021;36;ARS Centro;All;7891;51080;9;58980;1271685;1282780;131;2554596;89234;1353191;1442425;0,766121453;0,05375866;0,815224411;0,868983071
119;REGIONAL;13/09/2021;2021;37;ARS Centro;All;5942;42681;8;48631;1277627;1325461;139;2603227;51644;1396945;1448589;0,769701187;0,031112718;0,84158383;0,872696548
120;REGIONAL;20/09/2021;2021;38;ARS Centro;All;4067;18709;7;22783;1281694;1344170;146;2626010;36396;1416338;1452734;0,772151334;0,021926622;0,853267064;0,875193686
121;REGIONAL;27/09/2021;2021;39;ARS Centro;All;2899;9805;4;12708;1284593;1353975;150;2638718;28935;1426838;1455773;0,773897825;0,017431773;0,859592747;0,87702452
122;REGIONAL;04/10/2021;2021;40;ARS Centro;All;1554;5492;13;7059;1286147;1359467;163;2645777;24823;1432640;1457463;0,774834026;0,014954515;0,863088138;0,878042653
123;REGIONAL;11/10/2021;2021;41;ARS Centro;All;2142;4692;0;6834;1288289;1364159;163;2652611;21841;1437777;1459618;0,776124465;0,013158022;0,866182903;0,879340924
124;REGIONAL;04/01/2021;2021;1;ARS Lisboa e Vale do Tejo;All;12856;29;0;12885;23703;34;0;23737;23672;34;23706;0,006438267;0,006429846;9,24E-06;0,006439081
125;REGIONAL;11/01/2021;2021;2;ARS Lisboa e Vale do Tejo;All;13340;1127;0;14467;37043;1161;0;38204;35871;1175;37046;0,01006171;0,009743368;0,000319156;0,010062525
126;REGIONAL;18/01/2021;2021;3;ARS Lisboa e Vale do Tejo;All;38039;9112;0;47151;75082;10273;0;85355;64675;10411;75086;0,020393956;0,017567181;0,002827861;0,020395042
127;REGIONAL;25/01/2021;2021;4;ARS Lisboa e Vale do Tejo;All;17408;11964;0;29372;92490;22237;0;114727;70054;22441;92495;0,025122359;0,019028238;0,006095479;0,025123717
128;REGIONAL;01/02/2021;2021;5;ARS Lisboa e Vale do Tejo;All;8825;8952;0;17777;101315;31189;0;132504;69912;31411;101323;0,027519427;0,018989668;0,008531932;0,0275216
129;REGIONAL;08/02/2021;2021;6;ARS Lisboa e Vale do Tejo;All;14463;30544;0;45007;115778;61733;0;177511;53639;62148;115787;0,031447902;0,014569556;0,016880791;0,031450347
130;REGIONAL;15/02/2021;2021;7;ARS Lisboa e Vale do Tejo;All;33090;19124;1;52215;148868;80857;1;229726;67452;81426;148878;0,040435889;0,018321477;0,022117128;0,040438605
131;REGIONAL;22/02/2021;2021;8;ARS Lisboa e Vale do Tejo;All;49486;6721;0;56207;198354;87578;1;285933;109900;88464;198364;0,053877397;0,029851306;0,024028807;0,053880113
132;REGIONAL;01/03/2021;2021;9;ARS Lisboa e Vale do Tejo;All;45308;12897;0;58205;243662;100475;1;344138;142091;101591;243682;0,066184066;0,038595104;0,027594395;0,066189498
133;REGIONAL;08/03/2021;2021;10;ARS Lisboa e Vale do Tejo;All;34117;16630;2;50749;277779;117105;3;394887;159492;118321;277813;0,075451009;0,043321606;0,032138638;0,075460244
134;REGIONAL;15/03/2021;2021;11;ARS Lisboa e Vale do Tejo;All;26408;29128;1;55537;304187;146233;4;450424;156711;147521;304232;0,082624014;0,042566224;0,040070013;0,082636237
135;REGIONAL;22/03/2021;2021;12;ARS Lisboa e Vale do Tejo;All;89640;7786;0;97426;393827;154019;4;547850;238309;155577;393886;0,106972249;0,064730071;0,042258204;0,106988275
136;REGIONAL;29/03/2021;2021;13;ARS Lisboa e Vale do Tejo;All;45793;24079;1;69873;439620;178098;5;617723;259955;179741;439696;0,119410655;0,07060961;0,048821688;0,119431299
137;REGIONAL;05/04/2021;2021;14;ARS Lisboa e Vale do Tejo;All;87574;19861;1;107436;527194;197959;6;725159;327541;199790;527331;0,143197719;0,088967484;0,054267447;0,143234931
138;REGIONAL;12/04/2021;2021;15;ARS Lisboa e Vale do Tejo;All;163779;14523;0;178302;690973;212482;6;903461;476675;214454;691129;0,18768377;0,129475625;0,058250518;0,187726143
139;REGIONAL;19/04/2021;2021;16;ARS Lisboa e Vale do Tejo;All;79381;53924;2;133307;770354;266406;8;1036768;501872;268641;770513;0,20924543;0,136319695;0,072968923;0,209288618
140;REGIONAL;26/04/2021;2021;17;ARS Lisboa e Vale do Tejo;All;107802;25744;1;133547;878156;292150;9;1170315;583819;294530;878349;0,238526872;0,158578339;0,080000956;0,238579295
141;REGIONAL;03/05/2021;2021;18;ARS Lisboa e Vale do Tejo;All;107937;65809;4;173750;986093;357959;13;1344065;628494;360502;988996;0,267844983;0,170713071;0,097920431;0,268633503
142;REGIONAL;10/05/2021;2021;19;ARS Lisboa e Vale do Tejo;All;90609;113519;0;204128;1076702;471478;13;1548193;607876;474324;1082200;0,29245642;0,16511276;0,12883704;0,2939498
143;REGIONAL;17/05/2021;2021;20;ARS Lisboa e Vale do Tejo;All;110183;71456;3;181642;1186885;542934;16;1729835;648221;546791;1195012;0,322384595;0,176071367;0,148520703;0,324592071
144;REGIONAL;24/05/2021;2021;21;ARS Lisboa e Vale do Tejo;All;110952;89138;2;200092;1297837;632072;18;1929927;675033;644004;1319037;0,352521648;0,183354108;0,174925935;0,358280043
145;REGIONAL;31/05/2021;2021;22;ARS Lisboa e Vale do Tejo;All;92462;87267;4;179733;1390299;719339;22;2109660;696062;736218;1432280;0,377636401;0,189066056;0,199973327;0,389039383
146;REGIONAL;07/06/2021;2021;23;ARS Lisboa e Vale do Tejo;All;152446;54384;3;206833;1542745;773723;25;2316493;802132;797212;1599344;0,419044155;0,217877048;0,216540666;0,434417713
147;REGIONAL;14/06/2021;2021;24;ARS Lisboa e Vale do Tejo;All;147988;121705;4;269697;1690733;895428;29;2586190;830981;925597;1756578;0,459241016;0,225713084;0,251412912;0,477125996
148;REGIONAL;21/06/2021;2021;25;ARS Lisboa e Vale do Tejo;All;120460;154144;13;274617;1811193;1049572;42;2860807;804066;1087648;1891714;0,491960655;0,218402366;0,295429599;0,513831965
149;REGIONAL;28/06/2021;2021;26;ARS Lisboa e Vale do Tejo;All;130838;167098;8;297944;1942031;1216670;50;3158751;769187;1264532;2033719;0,527499191;0,208928447;0,343475262;0,552403709
150;REGIONAL;05/07/2021;2021;27;ARS Lisboa e Vale do Tejo;All;144189;274184;3;418376;2086220;1490854;53;3577127;639702;1549987;2189689;0,566664159;0,173757416;0,421011245;0,594768661
151;REGIONAL;12/07/2021;2021;28;ARS Lisboa e Vale do Tejo;All;80318;216464;22;296804;2166538;1707318;75;3873931;532382;1776442;2308824;0,58848033;0,144606896;0,482521504;0,627128399
152;REGIONAL;19/07/2021;2021;29;ARS Lisboa e Vale do Tejo;All;57294;186174;8;243476;2223832;1893492;83;4117407;443516;1973907;2417423;0,604042665;0,120468896;0,536157428;0,656626324
153;REGIONAL;26/07/2021;2021;30;ARS Lisboa e Vale do Tejo;All;36765;181131;12;217908;2260597;2074623;95;4335315;325431;2167019;2492450;0,614028864;0,088394361;0,58861098;0,677005341
154;REGIONAL;02/08/2021;2021;31;ARS Lisboa e Vale do Tejo;All;45749;178814;13;224576;2306346;2253437;108;4559891;221118;2360580;2581698;0,626455319;0,06006061;0,64118649;0,7012471
155;REGIONAL;09/08/2021;2021;32;ARS Lisboa e Vale do Tejo;All;107896;111816;6;219718;2414242;2365253;114;4779609;239473;2493746;2733219;0,655762293;0,06504624;0,677357364;0,742403603
156;REGIONAL;16/08/2021;2021;33;ARS Lisboa e Vale do Tejo;All;107665;91447;13;199125;2521907;2456700;127;4978734;280001;2601280;2881281;0,685006523;0,076054554;0,706566011;0,782620564
157;REGIONAL;23/08/2021;2021;34;ARS Lisboa e Vale do Tejo;All;89389;61264;10;150663;2611296;2517964;137;5129397;320584;2677252;2997836;0,709286581;0,087077807;0,72720171;0,814279517
158;REGIONAL;30/08/2021;2021;35;ARS Lisboa e Vale do Tejo;All;49067;101147;21;150235;2660363;2619111;158;5279632;263508;2791876;3055384;0,722614279;0,071574685;0,75833616;0,829910845
159;REGIONAL;06/09/2021;2021;36;ARS Lisboa e Vale do Tejo;All;27970;91929;57;119956;2688333;2711040;215;5399588;194650;2889146;3083796;0,730211559;0,052871307;0,784756875;0,837628182
160;REGIONAL;13/09/2021;2021;37;ARS Lisboa e Vale do Tejo;All;20035;81845;87;101967;2708368;2792885;302;5501555;129175;2974881;3104056;0,735653514;0,035086828;0,808044424;0,843131253
161;REGIONAL;20/09/2021;2021;38;ARS Lisboa e Vale do Tejo;All;15204;31819;110;47133;2723572;2824704;412;5548688;108063;3011349;3119412;0,739783262;0,029352335;0,817949951;0,847302287
162;REGIONAL;27/09/2021;2021;39;ARS Lisboa e Vale do Tejo;All;9311;20464;63;29838;2732883;2845168;475;5578526;93669;3035437;3129106;0,742312338;0,025442602;0,824492793;0,849935395
163;REGIONAL;04/10/2021;2021;40;ARS Lisboa e Vale do Tejo;All;4498;17791;52;22341;2737381;2862959;527;5600867;80347;3054444;3134791;0,743534096;0,021824048;0,82965552;0,851479568
164;REGIONAL;11/10/2021;2021;41;ARS Lisboa e Vale do Tejo;All;6807;14670;0;21477;2744188;2877629;527;5622344;70715;3070890;3141605;0,74538303;0,019207781;0,834122623;0,853330403
165;REGIONAL;04/01/2021;2021;1;ARS Norte;All;16831;43;0;16874;30276;51;0;30327;30228;55;30283;0,008451325;0,008437926;1,54E-05;0,008453279
166;REGIONAL;11/01/2021;2021;2;ARS Norte;All;15488;40;0;15528;45764;91;0;45855;45650;121;45771;0,012774687;0,012742865;3,38E-05;0,012776641
167;REGIONAL;18/01/2021;2021;3;ARS Norte;All;32460;12757;1;45218;78224;12848;1;91073;65311;12920;78231;0,021835659;0,018231089;0,003606524;0,021837613
168;REGIONAL;25/01/2021;2021;4;ARS Norte;All;14451;15776;1;30228;92675;28624;2;121301;63976;28707;92683;0,02586955;0,017858434;0,00801335;0,025871784
169;REGIONAL;01/02/2021;2021;5;ARS Norte;All;5736;12300;1;18037;98411;40924;3;139338;57413;41011;98424;0,027470713;0,01602642;0,011447922;0,027474342
170;REGIONAL;08/02/2021;2021;6;ARS Norte;All;8996;28913;5;37914;107407;69837;8;177252;37420;70000;107420;0,029981881;0,01044552;0,01953999;0,02998551
171;REGIONAL;15/02/2021;2021;7;ARS Norte;All;33131;15236;4;48371;140538;85073;12;225623;54969;85582;140551;0,039230158;0,015344196;0,023889591;0,039233787
172;REGIONAL;22/02/2021;2021;8;ARS Norte;All;64962;4377;0;69339;205500;89450;12;294962;115288;90225;205513;0,057363827;0,032181805;0,025185651;0,057367455
173;REGIONAL;01/03/2021;2021;9;ARS Norte;All;48224;7162;4;55390;253724;96612;16;350352;156254;97493;253747;0,070825204;0,043617165;0,02721446;0,070831625
174;REGIONAL;08/03/2021;2021;10;ARS Norte;All;25899;14274;0;40173;279623;110886;16;390525;167769;111897;279666;0,078054721;0,046831493;0,031235232;0,078066725
175;REGIONAL;15/03/2021;2021;11;ARS Norte;All;27139;42530;3;69672;306762;153416;19;460197;152354;154463;306817;0,085630375;0,042528508;0,04311722;0,085645728
176;REGIONAL;22/03/2021;2021;12;ARS Norte;All;89306;2560;0;91866;396068;155976;19;552063;238999;157129;396128;0,110559494;0,066714828;0,043861415;0,110576243
177;REGIONAL;29/03/2021;2021;13;ARS Norte;All;54335;32922;2;87259;450403;188898;21;639322;260378;190115;450493;0,125726713;0,07268262;0,053069216;0,125751836
178;REGIONAL;05/04/2021;2021;14;ARS Norte;All;82681;13876;4;96561;533084;202774;25;735883;329153;204069;533222;0,148806511;0,09188066;0,056964373;0,148845033
179;REGIONAL;12/04/2021;2021;15;ARS Norte;All;136201;19356;2;155559;669285;222130;27;891442;445887;223546;669433;0,186826027;0,124466105;0,062401236;0,18686734
180;REGIONAL;19/04/2021;2021;16;ARS Norte;All;65503;46653;3;112159;734788;268783;30;1003601;464318;270620;734938;0,205110712;0,129610984;0,0755416;0,205152584
181;REGIONAL;26/04/2021;2021;17;ARS Norte;All;127088;36957;1;164046;861876;305740;31;1167647;554273;307784;862057;0,240586401;0,154721266;0,085915659;0,240636925
182;REGIONAL;03/05/2021;2021;18;ARS Norte;All;155994;73639;2;229635;1017870;379379;33;1397282;636341;381933;1018274;0,284130988;0,17762995;0,106613812;0,284243762
183;REGIONAL;10/05/2021;2021;19;ARS Norte;All;100287;101399;10;201696;1118157;480778;43;1598978;640855;484468;1125323;0,312125373;0,17889;0,135235709;0,31412571
184;REGIONAL;17/05/2021;2021;20;ARS Norte;All;111280;71499;5;182784;1229437;552277;48;1781762;679011;565252;1244263;0,343188374;0,189540969;0,157785974;0,347326943
185;REGIONAL;24/05/2021;2021;21;ARS Norte;All;73407;129641;10;203058;1302844;681918;58;1984820;629644;708210;1337854;0,363679402;0,175760531;0,197691657;0,373452189
186;REGIONAL;31/05/2021;2021;22;ARS Norte;All;55418;173094;9;228521;1358262;855012;67;2213341;529896;887682;1417578;0,379148933;0,147916604;0,247789957;0,395706562
187;REGIONAL;07/06/2021;2021;23;ARS Norte;All;107384;107050;11;214445;1465646;962062;78;2427786;527692;1004979;1532671;0,409124394;0,147301374;0,28053256;0,427833934
188;REGIONAL;14/06/2021;2021;24;ARS Norte;All;105503;153090;11;258604;1571149;1115152;89;2686390;485570;1168258;1653828;0,438574787;0,135543325;0,326110702;0,461654027
189;REGIONAL;21/06/2021;2021;25;ARS Norte;All;146552;105689;6;252247;1717701;1220841;95;2938637;529183;1287627;1816810;0,479483709;0,147717576;0,359431688;0,507149263
190;REGIONAL;28/06/2021;2021;26;ARS Norte;All;163750;117698;10;281458;1881451;1338539;105;3220095;565768;1421054;1986822;0,525193327;0,157930012;0,396676862;0,554606874
191;REGIONAL;05/07/2021;2021;27;ARS Norte;All;176111;159162;13;335286;2057562;1497701;118;3555381;578443;1598791;2177234;0,574353429;0,161468145;0,446290849;0,607758995
192;REGIONAL;12/07/2021;2021;28;ARS Norte;All;105420;157383;23;262826;2162982;1655084;141;3818207;559046;1772928;2331974;0,603780653;0,156053614;0,494899923;0,650953538
193;REGIONAL;19/07/2021;2021;29;ARS Norte;All;51890;190044;13;241947;2214872;1845128;154;4060154;459200;1976375;2435575;0,618265368;0,128182332;0,55169067;0,679873001
194;REGIONAL;26/07/2021;2021;30;ARS Norte;All;35343;185536;19;220898;2250215;2030664;173;4281052;332853;2173496;2506349;0,628131109;0,092913488;0,606715559;0,699629047
195;REGIONAL;02/08/2021;2021;31;ARS Norte;All;42058;190203;9;232270;2292273;2220867;182;4513322;211107;2375641;2586748;0,639871293;0,05892898;0,663142862;0,722071842
196;REGIONAL;09/08/2021;2021;32;ARS Norte;All;119208;148007;10;267225;2411481;2368874;192;4780547;223467;2541542;2765009;0,673147337;0,062379184;0,709452917;0,7718321
197;REGIONAL;16/08/2021;2021;33;ARS Norte;All;148930;81203;10;230143;2560411;2450077;202;5010690;309596;2642470;2952066;0,71472006;0,086421466;0,737626232;0,824047698
198;REGIONAL;23/08/2021;2021;34;ARS Norte;All;119122;33984;12;153118;2679533;2484061;214;5163808;382019;2692315;3074334;0,747972098;0,106637818;0,7515401;0,858177918
199;REGIONAL;30/08/2021;2021;35;ARS Norte;All;44758;111380;13;156151;2724291;2595441;227;5319959;306331;2814257;3120588;0,760465967;0,085510065;0,78557932;0,871089385
200;REGIONAL;06/09/2021;2021;36;ARS Norte;All;22017;129115;20;151152;2746308;2724556;247;5471111;195463;2948223;3143686;0,766611852;0,054562071;0,822974952;0,877537023
201;REGIONAL;13/09/2021;2021;37;ARS Norte;All;14741;97152;17;111910;2761049;2821708;264;5583021;111299;3047977;3159276;0,770726695;0,031068304;0,850820554;0,881888858
202;REGIONAL;20/09/2021;2021;38;ARS Norte;All;10320;37100;7;47427;2771369;2858808;271;5630448;82904;3087100;3170004;0,773607448;0,023142047;0,861741454;0,884883501
203;REGIONAL;27/09/2021;2021;39;ARS Norte;All;6765;18846;15;25626;2778134;2877654;286;5656074;69227;3107785;3177012;0,775495848;0,019324212;0,867515521;0,886839733
204;REGIONAL;04/10/2021;2021;40;ARS Norte;All;4874;14771;24;19669;2783008;2892425;310;5675743;58554;3123689;3182243;0,77685639;0,016344922;0,871955007;0,888299929
205;REGIONAL;11/10/2021;2021;41;ARS Norte;All;5721;12476;0;18197;2788729;2904901;310;5693940;50401;3137578;3187979;0,778453365;0,014069072;0,87583202;0,889901091
206;REGIONAL;04/01/2021;2021;1;RA Madeira;All;1833;4;0;1837;2539;5;0;2544;2534;5;2539;0,01011312;0,010093205;1,99E-05;0,01011312
207;REGIONAL;11/01/2021;2021;2;RA Madeira;All;1800;3;0;1803;4339;8;0;4347;4329;10;4339;0,017282721;0,01724289;3,98E-05;0,017282721
208;REGIONAL;18/01/2021;2021;3;RA Madeira;All;1170;596;1;1767;5509;604;1;6114;4903;606;5509;0,021942962;0,019529196;0,002413766;0,021942962
209;REGIONAL;25/01/2021;2021;4;RA Madeira;All;485;1722;4;2211;5994;2326;5;8325;3666;2328;5994;0,023874771;0,014602087;0,009272684;0,023874771
210;REGIONAL;01/02/2021;2021;5;RA Madeira;All;2263;1544;0;3807;8257;3870;5;12132;4385;3872;8257;0,032888553;0,017465944;0,015422608;0,032888553
211;REGIONAL;08/02/2021;2021;6;RA Madeira;All;3187;1160;1;4348;11444;5030;6;16480;6412;5032;11444;0,045582729;0,025539712;0,020043018;0,045582729
212;REGIONAL;15/02/2021;2021;7;RA Madeira;All;2595;707;2;3304;14039;5737;8;19784;8299;5740;14039;0,055918904;0,033055843;0,022863061;0,055918904
213;REGIONAL;22/02/2021;2021;8;RA Madeira;All;2278;2164;1;4443;16317;7901;9;24227;8413;7904;16317;0,064992432;0,033509918;0,031482514;0,064992432
214;REGIONAL;01/03/2021;2021;9;RA Madeira;All;1465;3135;2;4602;17782;11036;11;28829;6743;11039;17782;0,070827691;0,026858122;0,043969569;0,070827691
215;REGIONAL;08/03/2021;2021;10;RA Madeira;All;5003;2397;0;7400;22785;13433;11;36229;9349;13436;22785;0,090755198;0,03723811;0,053517088;0,090755198
216;REGIONAL;15/03/2021;2021;11;RA Madeira;All;3146;2329;1;5476;25931;15762;12;41705;10165;15766;25931;0,103286067;0,040488329;0,062797738;0,103286067
217;REGIONAL;22/03/2021;2021;12;RA Madeira;All;5584;199;0;5783;31515;15961;12;47488;15551;15965;31516;0,125527762;0,061941369;0,063590377;0,125531745
218;REGIONAL;29/03/2021;2021;13;RA Madeira;All;1233;1272;1;2506;32748;17233;13;49994;15512;17238;32750;0,130438939;0,061786027;0,068660878;0,130446905
219;REGIONAL;05/04/2021;2021;14;RA Madeira;All;10218;1306;0;11524;42966;18539;13;61518;24423;18545;42968;0,171138373;0,097279535;0,073866805;0,17114634
220;REGIONAL;12/04/2021;2021;15;RA Madeira;All;8536;1326;0;9862;51502;19865;13;71380;31628;19877;51505;0,205138214;0,125977854;0,079172309;0,205150163
221;REGIONAL;19/04/2021;2021;16;RA Madeira;All;9844;2150;3;11997;61346;22015;16;83377;39254;22096;61350;0,244347965;0,156353063;0,088010834;0,244363897
222;REGIONAL;26/04/2021;2021;17;RA Madeira;All;8823;839;1;9663;70169;22854;17;93040;47243;22948;70191;0,279490958;0,188174142;0,091404445;0,279578587
223;REGIONAL;03/05/2021;2021;18;RA Madeira;All;7659;5357;0;13016;77828;28211;17;106056;49544;28326;77870;0,30999761;0,197339281;0,112825619;0,310164901
224;REGIONAL;10/05/2021;2021;19;RA Madeira;All;11610;6565;6;18181;89438;34776;23;124237;54580;34902;89482;0,356241536;0,217398231;0,139018561;0,356416793
225;REGIONAL;17/05/2021;2021;20;RA Madeira;All;2406;7720;7;10133;91844;42496;30;134370;49268;42628;91896;0,365824902;0,196239943;0,169792082;0,366032024
226;REGIONAL;24/05/2021;2021;21;RA Madeira;All;3528;8991;4;12523;95372;51487;34;146893;43798;51635;95433;0,37987732;0,174452322;0,205667968;0,38012029
227;REGIONAL;31/05/2021;2021;22;RA Madeira;All;7644;11048;4;18696;103016;62535;38;165589;40694;62724;103418;0,410324225;0,162088744;0,249836692;0,411925436
228;REGIONAL;07/06/2021;2021;23;RA Madeira;All;3726;15299;7;19032;106742;77834;45;184621;31181;78062;109243;0,425165299;0,124197403;0,310929658;0,435127061
229;REGIONAL;14/06/2021;2021;24;RA Madeira;All;3679;8480;5;12164;110421;86314;50;196785;28874;86583;115457;0,439819167;0,115008365;0,344869752;0,459878117
230;REGIONAL;21/06/2021;2021;25;RA Madeira;All;12657;3762;10;16429;123078;90076;60;213214;37763;90488;128251;0,49023341;0,150414244;0,360423803;0,510838047
231;REGIONAL;28/06/2021;2021;26;RA Madeira;All;10157;12388;11;22556;133235;102464;71;235770;35615;102986;138601;0,530689875;0,14185852;0,410204732;0,552063252
232;REGIONAL;05/07/2021;2021;27;RA Madeira;All;12808;7036;10;19854;146043;109500;81;255624;41450;110372;151822;0,581705568;0,165099976;0,439623994;0,60472397
233;REGIONAL;12/07/2021;2021;28;RA Madeira;All;10660;5924;13;16597;156703;115424;94;272221;47074;116886;163960;0,624165538;0,187500996;0,465569983;0,653070979
234;REGIONAL;19/07/2021;2021;29;RA Madeira;All;4293;14882;8;19183;160996;130306;102;291404;38768;132020;170788;0,641265036;0,154417271;0,525850394;0,680267665
235;REGIONAL;26/07/2021;2021;30;RA Madeira;All;5582;13920;8;19510;166578;144226;110;310914;33375;146355;179730;0,663498765;0,13293635;0,582948299;0,715884649
236;REGIONAL;02/08/2021;2021;31;RA Madeira;All;4572;14414;2;18988;171150;158640;112;329902;25317;161126;186443;0,681709552;0,100840437;0,641782841;0,742623277
237;REGIONAL;09/08/2021;2021;32;RA Madeira;All;5422;11064;5;16491;176572;169704;117;346393;21140;172443;193583;0,703305983;0,084202979;0,686859715;0,771062694
238;REGIONAL;16/08/2021;2021;33;RA Madeira;All;3631;8174;4;11809;180203;177878;121;358202;17656;180828;198484;0,717768661;0,070325819;0,720258106;0,790583924
239;REGIONAL;23/08/2021;2021;34;RA Madeira;All;2200;6308;3;8511;182403;184186;124;366713;14335;187311;201646;0,726531506;0,057097905;0,746080618;0,803178523
240;REGIONAL;30/08/2021;2021;35;RA Madeira;All;1798;5880;2;7680;184201;190066;126;374393;11080;193417;204497;0,733693141;0,044132877;0,770401498;0,814534374
241;REGIONAL;06/09/2021;2021;36;RA Madeira;All;1306;4802;2;6110;185507;194868;128;380503;8015;198439;206454;0,738895085;0,03192464;0,790404684;0,822329324
242;REGIONAL;13/09/2021;2021;37;RA Madeira;All;851;2892;2;3745;186358;197760;130;384248;6158;201547;207705;0,742284713;0,024528001;0,802784195;0,827312196
243;REGIONAL;20/09/2021;2021;38;RA Madeira;All;813;2139;1;2953;187171;199899;131;387201;4843;203940;208783;0,745522983;0,01929021;0,812315781;0,831605991
244;REGIONAL;27/09/2021;2021;39;RA Madeira;All;788;1358;7;2153;187959;201257;138;389354;4148;205461;209609;0,748661675;0,016521947;0,818374094;0,834896041
245;REGIONAL;04/10/2021;2021;40;RA Madeira;All;639;867;128;1634;188598;202124;266;390988;3800;206482;210282;0,751206883;0,015135824;0,822440851;0,837576675
246;REGIONAL;11/10/2021;2021;41;RA Madeira;All;594;700;6;1300;189192;202824;272;392288;3605;207290;210895;0,753572851;0,014359117;0,825659205;0,840018322
247;REGIONAL;04/01/2021;2021;1;RA Acores;All;3680;3;1;3684;5723;3;3;5729;5720;3;5723;0,024182678;0,024170001;1,27E-05;0,024182678
248;REGIONAL;11/01/2021;2021;2;RA Acores;All;27;3;0;30;5750;6;3;5759;5744;6;5750;0,024296767;0,024271414;2,54E-05;0,024296767
249;REGIONAL;18/01/2021;2021;3;RA Acores;All;81;1987;2;2070;5831;1993;5;7829;3838;1993;5831;0,024639035;0,016217564;0,008421471;0,024639035
250;REGIONAL;25/01/2021;2021;4;RA Acores;All;314;3619;4;3937;6145;5612;9;11766;533;5612;6145;0,025965849;0,002252205;0,023713645;0,025965849
251;REGIONAL;01/02/2021;2021;5;RA Acores;All;1892;34;1;1927;8037;5646;10;13693;2391;5646;8037;0,033960542;0,01010323;0,023857312;0,033960542
252;REGIONAL;08/02/2021;2021;6;RA Acores;All;1069;55;1;1125;9106;5701;11;14818;3405;5701;9106;0,038477628;0,014387912;0,024089716;0,038477628
253;REGIONAL;15/02/2021;2021;7;RA Acores;All;2094;370;1;2465;11200;6071;12;17283;5129;6071;11200;0,047325877;0,021672716;0,02565316;0,047325877
254;REGIONAL;22/02/2021;2021;8;RA Acores;All;1504;1643;5;3152;12704;7714;17;20435;4989;7715;12704;0,053681066;0,021081143;0,032599923;0,053681066
255;REGIONAL;01/03/2021;2021;9;RA Acores;All;790;1210;4;2004;13494;8924;21;22439;4569;8925;13494;0,05701923;0,019306422;0,037712808;0,05701923
256;REGIONAL;08/03/2021;2021;10;RA Acores;All;2775;2074;2;4851;16269;10998;23;27290;5262;11008;16270;0,068745061;0,022234711;0,046514576;0,068749287
257;REGIONAL;15/03/2021;2021;11;RA Acores;All;2547;1461;6;4014;18816;12459;29;31304;6343;12475;18818;0,079507473;0,026802503;0,052713421;0,079515924
258;REGIONAL;22/03/2021;2021;12;RA Acores;All;4164;752;4;4920;22980;13211;33;36224;9745;13237;22982;0,097102558;0,041177738;0,055933271;0,097111009
259;REGIONAL;29/03/2021;2021;13;RA Acores;All;2231;783;4;3018;25211;13994;37;39242;11190;14024;25214;0,106529703;0,047283621;0,059258758;0,10654238
260;REGIONAL;05/04/2021;2021;14;RA Acores;All;3901;2386;11;6298;29112;16380;48;45540;12691;16430;29121;0,123013475;0,053626134;0,069425371;0,123051505
261;REGIONAL;12/04/2021;2021;15;RA Acores;All;4244;2404;15;6663;33356;18784;63;52203;14516;18850;33366;0,140946602;0,061337717;0,079651141;0,140988857
262;REGIONAL;19/04/2021;2021;16;RA Acores;All;7927;1074;14;9015;41283;19858;77;61218;21312;19981;41293;0,174442336;0,090054383;0,084430209;0,174484592
263;REGIONAL;26/04/2021;2021;17;RA Acores;All;9312;2997;16;12325;50595;22855;93;73543;27587;23041;50628;0,213790422;0,11656955;0,097360315;0,213929865
264;REGIONAL;03/05/2021;2021;18;RA Acores;All;9737;2957;15;12709;60332;25812;108;86252;34347;26052;60399;0,254934356;0,145134097;0,11008337;0,255217467
265;REGIONAL;10/05/2021;2021;19;RA Acores;All;9454;2435;12;11901;69786;28247;120;98153;41337;28519;69856;0,294882467;0,174670515;0,120507739;0,295178254
266;REGIONAL;17/05/2021;2021;20;RA Acores;All;12100;5182;13;17295;81886;33429;133;115448;48221;33742;81963;0,346011316;0,203759027;0,142577655;0,346336681
267;REGIONAL;24/05/2021;2021;21;RA Acores;All;5615;8200;78;13893;87501;41629;211;129341;45626;41966;87592;0,369737637;0,19279379;0,17732837;0,37012216
268;REGIONAL;31/05/2021;2021;22;RA Acores;All;5524;10512;24;16060;93025;52141;235;145401;40670;52514;93184;0,393079436;0,17185209;0,221899204;0,393751294
269;REGIONAL;07/06/2021;2021;23;RA Acores;All;7883;12243;34;20160;100908;64384;269;165561;36283;64810;101093;0,426389247;0,153314713;0,273856256;0,427170969
270;REGIONAL;14/06/2021;2021;24;RA Acores;All;9289;7913;38;17240;110197;72297;307;182801;38095;72791;110886;0,465640146;0,160971364;0,307580169;0,468551532
271;REGIONAL;21/06/2021;2021;25;RA Acores;All;7569;10355;48;17972;117766;82652;355;200773;38061;83238;121299;0,497623142;0,160827696;0,351724225;0,512551921
272;REGIONAL;28/06/2021;2021;26;RA Acores;All;6753;12556;131;19440;124519;95208;486;220213;33690;95920;129610;0,526158111;0,142357927;0,40531233;0,547670257
273;REGIONAL;05/07/2021;2021;27;RA Acores;All;6236;16359;49;22644;130755;111567;535;242857;25338;112436;137774;0,552508483;0,107066345;0,475101096;0,582167441
274;REGIONAL;12/07/2021;2021;28;RA Acores;All;2979;11963;42;14984;133734;123530;577;257841;17981;124503;142484;0,565096321;0,07597916;0,526090502;0,602069662
275;REGIONAL;19/07/2021;2021;29;RA Acores;All;5716;9069;33;14818;139450;132599;610;272659;16303;133780;150083;0,58924942;0,068888729;0,565290695;0,634179424
276;REGIONAL;26/07/2021;2021;30;RA Acores;All;7011;9038;28;16077;146461;141637;638;288736;16694;143181;159875;0,618874574;0,070540909;0,605014853;0,675555762
277;REGIONAL;02/08/2021;2021;31;RA Acores;All;9609;6715;25;16349;156070;148352;663;305085;22940;150226;173166;0,659477641;0,096933537;0,634783674;0,731717211
278;REGIONAL;09/08/2021;2021;32;RA Acores;All;5057;6642;32;11731;161127;154994;695;316816;22711;157132;179843;0,680846119;0,095965892;0,663965148;0,759931039
279;REGIONAL;16/08/2021;2021;33;RA Acores;All;2381;7421;35;9837;163508;162415;730;326653;18348;164680;183028;0,690907093;0,077529927;0,695859408;0,773389336
280;REGIONAL;23/08/2021;2021;34;RA Acores;All;5738;9378;14;15130;169246;171793;744;341783;15008;174184;189192;0,715153154;0,063416675;0,736018795;0,79943547
281;REGIONAL;30/08/2021;2021;35;RA Acores;All;3149;5552;13;8714;172395;177345;757;350497;12741;179831;192572;0,728459331;0,05383741;0,759880333;0,813717743
282;REGIONAL;06/09/2021;2021;36;RA Acores;All;2097;2908;15;5020;174492;180253;772;355517;11413;183491;194904;0,737320257;0,048225913;0,775345754;0,823571667
283;REGIONAL;13/09/2021;2021;37;RA Acores;All;869;5319;31;6219;175361;185572;803;361736;6755;189124;195879;0,740992238;0,028543419;0,799148134;0,827691554
284;REGIONAL;20/09/2021;2021;38;RA Acores;All;778;3379;20;4177;176139;188951;823;365913;4078;192674;196752;0,744279696;0,01723169;0,814148747;0,831380437
285;REGIONAL;27/09/2021;2021;39;RA Acores;All;523;1600;23;2146;176662;190551;846;368059;3011;194416;197427;0,746489645;0,012723055;0,821509611;0,834232666
286;REGIONAL;04/10/2021;2021;40;RA Acores;All;405;719;7;1131;177067;191270;853;369190;2644;195268;197912;0,748200983;0,011172287;0,825109758;0,836282045
287;REGIONAL;11/10/2021;2021;41;RA Acores;All;181;324;0;505;177248;191594;853;369695;2521;195638;198159;0,748965803;0,010652548;0,826673202;0,83732575
288;REGIONAL;04/01/2021;2021;1;Outro;All;0;0;0;0;0;0;0;0;0;0;0;NA;NA;NA;NA
289;REGIONAL;11/01/2021;2021;2;Outro;All;0;0;0;0;0;0;0;0;0;0;0;NA;NA;NA;NA
290;REGIONAL;18/01/2021;2021;3;Outro;All;0;0;0;0;0;0;0;0;0;0;0;NA;NA;NA;NA
291;REGIONAL;25/01/2021;2021;4;Outro;All;0;0;0;0;0;0;0;0;0;0;0;NA;NA;NA;NA
292;REGIONAL;01/02/2021;2021;5;Outro;All;0;0;0;0;0;0;0;0;0;0;0;NA;NA;NA;NA
293;REGIONAL;08/02/2021;2021;6;Outro;All;0;0;0;0;0;0;0;0;0;0;0;NA;NA;NA;NA
294;REGIONAL;15/02/2021;2021;7;Outro;All;0;0;0;0;0;0;0;0;0;0;0;NA;NA;NA;NA
295;REGIONAL;22/02/2021;2021;8;Outro;All;0;0;0;0;0;0;0;0;0;0;0;NA;NA;NA;NA
296;REGIONAL;01/03/2021;2021;9;Outro;All;0;0;0;0;0;0;0;0;0;0;0;NA;NA;NA;NA
297;REGIONAL;08/03/2021;2021;10;Outro;All;0;0;0;0;0;0;0;0;0;0;0;NA;NA;NA;NA
298;REGIONAL;15/03/2021;2021;11;Outro;All;0;0;0;0;0;0;0;0;0;0;0;NA;NA;NA;NA
299;REGIONAL;22/03/2021;2021;12;Outro;All;0;0;0;0;0;0;0;0;0;0;0;NA;NA;NA;NA
300;REGIONAL;29/03/2021;2021;13;Outro;All;0;0;0;0;0;0;0;0;0;0;0;NA;NA;NA;NA
301;REGIONAL;05/04/2021;2021;14;Outro;All;0;0;0;0;0;0;0;0;0;0;0;NA;NA;NA;NA
302;REGIONAL;12/04/2021;2021;15;Outro;All;0;0;0;0;0;0;0;0;0;0;0;NA;NA;NA;NA
303;REGIONAL;19/04/2021;2021;16;Outro;All;0;0;0;0;0;0;0;0;0;0;0;NA;NA;NA;NA
304;REGIONAL;26/04/2021;2021;17;Outro;All;0;0;0;0;0;0;0;0;0;0;0;NA;NA;NA;NA
305;REGIONAL;03/05/2021;2021;18;Outro;All;0;0;0;0;0;0;0;0;0;0;0;NA;NA;NA;NA
306;REGIONAL;10/05/2021;2021;19;Outro;All;0;0;0;0;0;0;0;0;0;0;0;NA;NA;NA;NA
307;REGIONAL;17/05/2021;2021;20;Outro;All;0;0;0;0;0;0;0;0;0;0;0;NA;NA;NA;NA
308;REGIONAL;24/05/2021;2021;21;Outro;All;0;0;0;0;0;0;0;0;0;0;0;NA;NA;NA;NA
309;REGIONAL;31/05/2021;2021;22;Outro;All;0;0;0;0;0;0;0;0;0;0;0;NA;NA;NA;NA
310;REGIONAL;07/06/2021;2021;23;Outro;All;0;0;0;0;0;0;0;0;0;0;0;NA;NA;NA;NA
311;REGIONAL;14/06/2021;2021;24;Outro;All;0;0;0;0;0;0;0;0;0;0;0;NA;NA;NA;NA
312;REGIONAL;21/06/2021;2021;25;Outro;All;0;0;0;0;0;0;0;0;0;0;0;NA;NA;NA;NA
313;REGIONAL;28/06/2021;2021;26;Outro;All;0;0;0;0;0;0;0;0;0;0;0;NA;NA;NA;NA
314;REGIONAL;05/07/2021;2021;27;Outro;All;0;0;0;0;0;0;0;0;0;0;0;NA;NA;NA;NA
315;REGIONAL;12/07/2021;2021;28;Outro;All;0;0;0;0;0;0;0;0;0;0;0;NA;NA;NA;NA
316;REGIONAL;19/07/2021;2021;29;Outro;All;0;0;0;0;0;0;0;0;0;0;0;NA;NA;NA;NA
317;REGIONAL;26/07/2021;2021;30;Outro;All;0;0;0;0;0;0;0;0;0;0;0;NA;NA;NA;NA
318;REGIONAL;02/08/2021;2021;31;Outro;All;0;0;0;0;0;0;0;0;0;0;0;NA;NA;NA;NA
319;REGIONAL;09/08/2021;2021;32;Outro;All;0;0;0;0;0;0;0;0;0;0;0;NA;NA;NA;NA
320;REGIONAL;16/08/2021;2021;33;Outro;All;0;0;0;0;0;0;0;0;0;0;0;NA;NA;NA;NA
321;REGIONAL;23/08/2021;2021;34;Outro;All;0;0;0;0;0;0;0;0;0;0;0;NA;NA;NA;NA
322;REGIONAL;30/08/2021;2021;35;Outro;All;0;0;0;0;0;0;0;0;0;0;0;NA;NA;NA;NA
323;REGIONAL;06/09/2021;2021;36;Outro;All;0;0;0;0;0;0;0;0;0;0;0;NA;NA;NA;NA
324;REGIONAL;13/09/2021;2021;37;Outro;All;0;0;0;0;0;0;0;0;0;0;0;NA;NA;NA;NA
325;REGIONAL;20/09/2021;2021;38;Outro;All;0;0;0;0;0;0;0;0;0;0;0;NA;NA;NA;NA
326;REGIONAL;27/09/2021;2021;39;Outro;All;0;0;0;0;0;0;0;0;0;0;0;NA;NA;NA;NA
327;REGIONAL;04/10/2021;2021;40;Outro;All;0;0;0;0;0;0;0;0;0;0;0;NA;NA;NA;NA
328;REGIONAL;11/10/2021;2021;41;Outro;All;0;0;0;0;0;0;0;0;0;0;0;NA;NA;NA;NA
329;AGES;04/01/2021;2021;1;All;12-17 anos;5;0;0;5;7;0;0;7;7;0;7;1,12E-05;1,12E-05;0;1,12E-05
330;AGES;11/01/2021;2021;2;All;12-17 anos;15;0;0;15;22;0;0;22;22;0;22;3,53E-05;3,53E-05;0;3,53E-05
331;AGES;18/01/2021;2021;3;All;12-17 anos;70;1;0;71;92;1;0;93;91;1;92;0,000147794;0,000146187;1,61E-06;0,000147794
332;AGES;25/01/2021;2021;4;All;12-17 anos;16;3;0;19;108;4;0;112;104;4;108;0,000173497;0,000167071;6,43E-06;0,000173497
333;AGES;01/02/2021;2021;5;All;12-17 anos;35;4;0;39;143;8;0;151;135;8;143;0,000229723;0,000216871;1,29E-05;0,000229723
334;AGES;08/02/2021;2021;6;All;12-17 anos;38;66;0;104;181;74;0;255;107;74;181;0,000290768;0,000171891;0,000118878;0,000290768
335;AGES;15/02/2021;2021;7;All;12-17 anos;32;16;0;48;213;90;0;303;123;90;213;0,000342175;0,000197594;0,000144581;0,000342175
336;AGES;22/02/2021;2021;8;All;12-17 anos;24;33;0;57;237;123;0;360;114;123;237;0,00038073;0,000183136;0,000197594;0,00038073
337;AGES;01/03/2021;2021;9;All;12-17 anos;12;30;0;42;249;153;0;402;96;153;249;0,000400007;0,00015422;0,000245787;0,000400007
338;AGES;08/03/2021;2021;10;All;12-17 anos;20;25;0;45;269;178;0;447;90;179;269;0,000432136;0,000144581;0,000287555;0,000432136
339;AGES;15/03/2021;2021;11;All;12-17 anos;6;23;0;29;275;201;0;476;73;202;275;0,000441775;0,000117271;0,000324504;0,000441775
340;AGES;22/03/2021;2021;12;All;12-17 anos;33;11;0;44;308;212;0;520;95;213;308;0,000494788;0,000152613;0,000342175;0,000494788
341;AGES;29/03/2021;2021;13;All;12-17 anos;15;14;0;29;323;226;0;549;96;227;323;0,000518885;0,00015422;0,000364665;0,000518885
342;AGES;05/04/2021;2021;14;All;12-17 anos;32;6;0;38;355;232;0;587;122;233;355;0,000570291;0,000195987;0,000374304;0,000570291
343;AGES;12/04/2021;2021;15;All;12-17 anos;48;11;0;59;403;243;0;646;159;244;403;0,000647401;0,000255426;0,000391975;0,000647401
344;AGES;19/04/2021;2021;16;All;12-17 anos;31;14;0;45;434;257;0;691;174;260;434;0,000697201;0,000279523;0,000417678;0,000697201
345;AGES;26/04/2021;2021;17;All;12-17 anos;50;27;0;77;484;284;0;768;196;288;484;0,000777524;0,000314865;0,000462659;0,000777524
346;AGES;03/05/2021;2021;18;All;12-17 anos;110;16;0;126;594;300;0;894;289;305;594;0,000954234;0,000464265;0,000489968;0,000954234
347;AGES;10/05/2021;2021;19;All;12-17 anos;170;46;0;216;764;346;0;1110;413;351;764;0,001227331;0,000663466;0,000563865;0,001227331
348;AGES;17/05/2021;2021;20;All;12-17 anos;316;26;0;342;1080;372;0;1452;703;377;1080;0,00173497;0,001129337;0,000605633;0,00173497
349;AGES;24/05/2021;2021;21;All;12-17 anos;304;40;0;344;1384;412;0;1796;961;423;1384;0,002223332;0,001543802;0,00067953;0,002223332
350;AGES;31/05/2021;2021;22;All;12-17 anos;280;118;0;398;1664;530;0;2194;1111;553;1664;0,00267314;0,00178477;0,000888369;0,00267314
351;AGES;07/06/2021;2021;23;All;12-17 anos;403;166;0;569;2067;696;0;2763;1343;725;2068;0,003320541;0,002157468;0,001164679;0,003322147
352;AGES;14/06/2021;2021;24;All;12-17 anos;589;336;0;925;2656;1032;0;3688;1593;1066;2659;0,004266742;0,002559081;0,00171248;0,004271561
353;AGES;21/06/2021;2021;25;All;12-17 anos;414;297;1;712;3070;1329;1;4400;1706;1374;3080;0,004931814;0,002740611;0,002207268;0,004947879
354;AGES;28/06/2021;2021;26;All;12-17 anos;232;283;0;515;3302;1612;1;4915;1650;1662;3312;0,005304511;0,002650649;0,002669927;0,005320576
355;AGES;05/07/2021;2021;27;All;12-17 anos;443;668;1;1112;3745;2280;2;6027;1415;2341;3756;0,006016171;0,002273133;0,003760709;0,006033842
356;AGES;12/07/2021;2021;28;All;12-17 anos;277;321;1;599;4022;2601;3;6626;1366;2683;4049;0,006461158;0,002194416;0,004310116;0,006504533
357;AGES;19/07/2021;2021;29;All;12-17 anos;274;281;2;557;4296;2882;5;7183;1345;2989;4334;0,006901327;0,002160681;0,004801691;0,006962372
358;AGES;26/07/2021;2021;30;All;12-17 anos;1630;393;0;2023;5926;3275;5;9206;2544;3429;5973;0,009519847;0,004086819;0,005508531;0,00959535
359;AGES;02/08/2021;2021;31;All;12-17 anos;4629;214;1;4844;10555;3489;6;14050;6827;3805;10632;0,016956123;0,010967262;0,006112558;0,01707982
360;AGES;09/08/2021;2021;32;All;12-17 anos;142695;420;2;143117;153250;3909;8;157167;137928;15524;153452;0,246189089;0,221575;0,024938593;0,246513593
361;AGES;16/08/2021;2021;33;All;12-17 anos;177926;1586;1;179513;331176;5495;9;336680;302059;29385;331444;0,53201904;0,485243916;0,047205653;0,532449569
362;AGES;23/08/2021;2021;34;All;12-17 anos;132416;3943;4;136363;463592;9438;13;473043;421705;42179;463884;0,744739264;0,677449722;0,067758627;0,745208349
363;AGES;30/08/2021;2021;35;All;12-17 anos;42119;110123;14;152256;505711;119561;27;625299;349007;157004;506011;0,812401504;0,560663723;0,252219718;0,812883441
364;AGES;06/09/2021;2021;36;All;12-17 anos;20538;162740;15;183293;526249;282301;42;808592;204979;321573;526552;0,845394858;0,329289353;0,516592261;0,845881614
365;AGES;13/09/2021;2021;37;All;12-17 anos;12820;126904;33;139757;539069;409205;75;948349;89645;449729;539374;0,8659896;0,144010577;0,722468991;0,866479568
366;AGES;20/09/2021;2021;38;All;12-17 anos;5648;41667;16;47331;544717;450872;91;995680;52680;492343;545023;0,875062853;0,084628001;0,790926426;0,875554427
367;AGES;27/09/2021;2021;39;All;12-17 anos;3233;17215;14;20462;547950;468087;105;1016142;37901;510355;548256;0,880256519;0,060886216;0,819861877;0,880748094
368;AGES;04/10/2021;2021;40;All;12-17 anos;2317;10944;4;13265;550267;479031;109;1029407;28868;521706;550574;0,883978673;0,046375117;0,838096737;0,884471854
369;AGES;11/10/2021;2021;41;All;12-17 anos;2509;6524;0;9033;552776;485555;109;1038440;24380;528704;553084;0,888009266;0,039165351;0,849338703;0,888504054
370;AGES;04/01/2021;2021;1;All;18-24 anos;1853;4;0;1857;3222;6;0;3228;3215;7;3222;0,004124556;0,004115595;8,96E-06;0,004124556
371;AGES;11/01/2021;2021;2;All;18-24 anos;1447;57;0;1504;4669;63;0;4732;4604;65;4669;0,005976894;0,005893686;8,32E-05;0,005976894
372;AGES;18/01/2021;2021;3;All;18-24 anos;3875;1201;0;5076;8544;1264;0;9808;7275;1269;8544;0,01093737;0,009312894;0,001624476;0,01093737
373;AGES;25/01/2021;2021;4;All;18-24 anos;1399;1647;1;3047;9943;2911;1;12855;7028;2917;9945;0,012728262;0,008996704;0,003734118;0,012730822
374;AGES;01/02/2021;2021;5;All;18-24 anos;1000;945;0;1945;10943;3856;1;14800;7082;3864;10946;0,014008385;0,00906583;0,004946395;0,014012225
375;AGES;08/02/2021;2021;6;All;18-24 anos;1485;3076;0;4561;12428;6932;1;19361;5479;6952;12431;0,015909367;0,007013793;0,008899414;0,015913208
376;AGES;15/02/2021;2021;7;All;18-24 anos;2333;1751;1;4085;14761;8683;2;23446;6021;8743;14764;0,018895894;0,00770762;0,011192114;0,018899734
377;AGES;22/02/2021;2021;8;All;18-24 anos;1340;707;0;2047;16101;9390;2;25493;6625;9479;16104;0,020611259;0,008480814;0,012134285;0,020615099
378;AGES;01/03/2021;2021;9;All;18-24 anos;961;1048;1;2010;17062;10438;3;27503;6515;10552;17067;0,021841457;0,008340001;0,013507857;0,021847857
379;AGES;08/03/2021;2021;10;All;18-24 anos;1397;648;1;2046;18459;11086;4;29549;7255;11212;18467;0,023629788;0,009287292;0,014352738;0,023640029
380;AGES;15/03/2021;2021;11;All;18-24 anos;286;402;1;689;18745;11488;5;30238;7138;11616;18754;0,023995904;0,009137517;0,014869908;0,024007425
381;AGES;22/03/2021;2021;12;All;18-24 anos;3300;182;0;3482;22045;11670;5;33720;10240;11815;22055;0,028220309;0,013108458;0,015124652;0,02823311
382;AGES;29/03/2021;2021;13;All;18-24 anos;691;108;0;799;22736;11778;5;34519;10811;11938;22749;0,029104874;0,013839409;0,015282107;0,029121516
383;AGES;05/04/2021;2021;14;All;18-24 anos;812;198;0;1010;23548;11976;5;35529;11433;12143;23576;0,030144334;0,014635645;0,015544532;0,030180177
384;AGES;12/04/2021;2021;15;All;18-24 anos;4308;111;0;4419;27856;12087;5;39948;15617;12274;27891;0,035659103;0,019991679;0,015712228;0,035703908
385;AGES;19/04/2021;2021;16;All;18-24 anos;1317;110;0;1427;29173;12197;5;41375;16782;12426;29208;0,037345025;0,021483022;0,015906807;0,037389829
386;AGES;26/04/2021;2021;17;All;18-24 anos;2686;188;0;2874;31859;12385;5;44249;19279;12645;31924;0,040783435;0,024679489;0,016187154;0,040866643
387;AGES;03/05/2021;2021;18;All;18-24 anos;1853;850;0;2703;33712;13235;5;46952;20298;13530;33828;0,043155503;0,025983934;0,017320063;0,043303997
388;AGES;10/05/2021;2021;19;All;18-24 anos;2270;5430;0;7700;35982;18665;5;54652;17117;18996;36113;0,046061382;0,021911864;0,024317214;0,046229078
389;AGES;17/05/2021;2021;20;All;18-24 anos;2115;2485;0;4600;38097;21150;5;59252;16681;21552;38233;0,048768842;0,02135373;0,027589209;0,048942939
390;AGES;24/05/2021;2021;21;All;18-24 anos;2288;3310;1;5599;40385;24460;6;64851;15462;25082;40544;0,051697763;0,01979326;0,032108042;0,051901303
391;AGES;31/05/2021;2021;22;All;18-24 anos;2393;2711;1;5105;42778;27171;7;69956;14892;28055;42947;0,054761097;0,01906359;0,035913848;0,054977438
392;AGES;07/06/2021;2021;23;All;18-24 anos;2877;2946;1;5824;45655;30117;8;75780;14632;31226;45858;0,058444011;0,018730758;0,039973117;0,058703876
393;AGES;14/06/2021;2021;24;All;18-24 anos;3100;4657;2;7759;48755;34774;10;83539;13087;36152;49239;0,062412392;0,016752968;0,046279003;0,063031971
394;AGES;21/06/2021;2021;25;All;18-24 anos;2924;3056;2;5982;51679;37830;12;89521;13130;39558;52688;0,066155471;0,016808014;0,050639101;0,067447115
395;AGES;28/06/2021;2021;26;All;18-24 anos;2121;3110;7;5238;53800;40940;19;94759;12400;42909;55309;0,068870612;0,015873524;0,054928793;0,070802317
396;AGES;05/07/2021;2021;27;All;18-24 anos;11914;5110;13;17037;65714;46050;32;111796;19895;48962;68857;0,084121996;0,025468045;0,062677377;0,088145422
397;AGES;12/07/2021;2021;28;All;18-24 anos;14186;7882;3;22071;79900;53932;35;133867;31101;58090;89191;0,102281819;0,039813102;0,074362339;0,114175441
398;AGES;19/07/2021;2021;29;All;18-24 anos;19510;19683;2;39195;99410;73615;37;173062;46195;79849;126044;0,127257017;0,059135277;0,102216533;0,16135181
399;AGES;26/07/2021;2021;30;All;18-24 anos;21024;22625;15;43664;120434;96240;52;216726;61763;104752;166515;0,15417032;0,07906423;0,134095433;0,213159663
400;AGES;02/08/2021;2021;31;All;18-24 anos;53970;56504;5;110479;174404;152744;57;327205;101606;166948;268554;0,223258553;0,130068167;0,213713957;0,343782123
401;AGES;09/08/2021;2021;32;All;18-24 anos;87763;82629;7;170399;262167;235373;64;497604;165552;260909;426461;0,335605978;0,211926905;0,333995584;0,545922489
402;AGES;16/08/2021;2021;33;All;18-24 anos;94332;74444;15;168791;356499;309817;79;666395;229645;347285;576930;0,456362531;0,293973821;0,444567478;0,7385413
403;AGES;23/08/2021;2021;34;All;18-24 anos;56351;43812;7;100170;412850;353629;86;766565;249882;397711;647593;0,528498736;0,319879668;0,509118955;0,828998624
404;AGES;30/08/2021;2021;35;All;18-24 anos;22697;100515;6;123218;435547;454144;92;889783;171294;502613;673907;0,557553685;0,219277371;0,643406407;0,862683778
405;AGES;06/09/2021;2021;36;All;18-24 anos;12943;78508;16;91467;448490;532652;108;981250;104567;583180;687747;0,574122316;0,13385861;0,746542068;0,880400678
406;AGES;13/09/2021;2021;37;All;18-24 anos;9090;52585;6;61681;457580;585237;114;1042931;60237;637184;697421;0,585758633;0,077110763;0,815673825;0,892784587
407;AGES;20/09/2021;2021;38;All;18-24 anos;7155;18673;6;25834;464735;603910;120;1068765;47626;657316;704942;0,594917912;0,060967133;0,841445259;0,902412392
408;AGES;27/09/2021;2021;39;All;18-24 anos;4999;11424;6;16429;469734;615334;126;1085194;40105;670136;710241;0,601317246;0,051339329;0,857856434;0,909195763
409;AGES;04/10/2021;2021;40;All;18-24 anos;2955;9392;17;12364;472689;624726;143;1097558;33375;680268;713643;0,60510001;0,042724102;0,870826639;0,913550741
410;AGES;11/10/2021;2021;41;All;18-24 anos;4097;7638;1;11736;476786;632364;144;1109294;28733;689031;717764;0,610344673;0,036781771;0,882044356;0,918826127
411;AGES;04/01/2021;2021;1;All;25-49 anos;28031;82;0;28113;52134;93;1;52228;52045;96;52141;0,01564852;0,015621806;2,88E-05;0,015650621
412;AGES;11/01/2021;2021;2;All;25-49 anos;16905;816;0;17721;69039;909;1;69949;68123;923;69046;0,020722718;0,020447772;0,000277047;0,020724819
413;AGES;18/01/2021;2021;3;All;25-49 anos;37886;21840;2;59728;106925;22749;3;129677;84129;22804;106933;0,032094565;0,025252127;0,006844839;0,032096966
414;AGES;25/01/2021;2021;4;All;25-49 anos;15862;26308;7;42177;122787;49057;10;171854;73661;49134;122795;0,036855696;0,022110056;0,014748042;0,036858097
415;AGES;01/02/2021;2021;5;All;25-49 anos;10163;12594;2;22759;132950;61651;12;194613;71227;61737;132964;0,039906218;0,021379467;0,018530953;0,03991042
416;AGES;08/02/2021;2021;6;All;25-49 anos;13947;30973;5;44925;146897;92624;17;239538;54090;92822;146912;0,044092544;0,016235632;0,027861414;0,044097046
417;AGES;15/02/2021;2021;7;All;25-49 anos;22488;19098;6;41592;169385;111722;23;281130;57144;112257;169401;0,050842533;0,01715232;0,033695016;0,050847336
418;AGES;22/02/2021;2021;8;All;25-49 anos;11780;7387;0;19167;181165;119109;23;300297;61300;119881;181181;0,054378413;0,018399783;0,035983432;0,054383216
419;AGES;01/03/2021;2021;9;All;25-49 anos;7752;10082;6;17840;188917;129191;29;318137;58798;130146;188944;0,05670525;0,017648784;0,039064571;0,056713354
420;AGES;08/03/2021;2021;10;All;25-49 anos;16584;6360;2;22946;205501;135551;31;341083;68889;136659;205548;0,061683097;0,020677694;0,04101951;0,061697204
421;AGES;15/03/2021;2021;11;All;25-49 anos;4803;3410;4;8217;210304;138961;35;349300;70250;140111;210361;0,063124763;0,021086212;0,042055661;0,063141873
422;AGES;22/03/2021;2021;12;All;25-49 anos;42557;1820;0;44377;252861;140781;35;393677;110820;142109;252929;0,075898655;0,033263686;0,04265538;0,075919066
423;AGES;29/03/2021;2021;13;All;25-49 anos;4830;1298;1;6129;257691;142079;36;399806;114306;143478;257784;0,077348426;0,034310043;0,043066298;0,077376341
424;AGES;05/04/2021;2021;14;All;25-49 anos;9208;1437;1;10646;266899;143516;37;410452;122039;145018;267057;0,080112296;0,036631177;0,043528544;0,080159721
425;AGES;12/04/2021;2021;15;All;25-49 anos;89457;958;0;90415;356356;144474;37;500867;210405;146127;356532;0,106963673;0,06315508;0,043861421;0,107016501
426;AGES;19/04/2021;2021;16;All;25-49 anos;11330;970;2;12302;367686;145444;39;513169;220386;147481;367867;0,110364481;0,066150972;0,044267837;0,11041881
427;AGES;26/04/2021;2021;17;All;25-49 anos;11307;1106;2;12415;378993;146550;41;525584;230510;148746;379256;0,113758385;0,069189788;0,044647539;0,113837327
428;AGES;03/05/2021;2021;18;All;25-49 anos;10648;8254;2;18904;389641;154804;43;544488;232790;157216;390006;0,116954485;0,069874152;0,047189891;0,117064043
429;AGES;10/05/2021;2021;19;All;25-49 anos;25485;100662;8;126155;415126;255466;51;670643;157295;258300;415595;0,124604052;0,047213603;0,077531223;0,124744827
430;AGES;17/05/2021;2021;20;All;25-49 anos;32993;22231;8;55232;448119;277697;59;725875;167405;281323;448728;0,134507217;0,050248217;0,084441798;0,134690015
431;AGES;24/05/2021;2021;21;All;25-49 anos;26715;18605;5;45325;474834;296302;64;771200;173602;302118;475720;0,142525981;0,052108306;0,090683616;0,142791922
432;AGES;31/05/2021;2021;22;All;25-49 anos;42917;24161;13;67091;517751;320463;77;838291;190244;328800;519044;0,15540793;0,057103562;0,098692475;0,155796037
433;AGES;07/06/2021;2021;23;All;25-49 anos;128783;32366;18;161167;646534;352829;95;999458;283412;366518;649930;0,194063384;0,085068831;0,110013894;0,195082725
434;AGES;14/06/2021;2021;24;All;25-49 anos;240728;85863;30;326621;887262;438692;125;1326079;445436;462528;907964;0,266320202;0,133701889;0,138832217;0,272534106
435;AGES;21/06/2021;2021;25;All;25-49 anos;273362;56758;28;330148;1160624;495450;153;1656227;673830;533168;1206998;0,34837243;0,20225654;0,160035491;0,362292031
436;AGES;28/06/2021;2021;26;All;25-49 anos;315759;62127;80;377966;1476383;557577;233;2034193;926562;613079;1539641;0,443150523;0,278116475;0,184021544;0,462138019
437;AGES;05/07/2021;2021;27;All;25-49 anos;369001;147987;15;517003;1845384;705564;248;2551196;1151997;785007;1937004;0,553909714;0,345782953;0,235627383;0,581410336
438;AGES;12/07/2021;2021;28;All;25-49 anos;208561;317196;66;525823;2053945;1022760;314;3077019;1117485;1123768;2241253;0,616511299;0,335423845;0,337309748;0,672733592
439;AGES;19/07/2021;2021;29;All;25-49 anos;103909;344264;48;448221;2157854;1367024;362;3525240;954961;1484151;2439112;0,647700582;0,286640707;0,445482163;0,73212287
440;AGES;26/07/2021;2021;30;All;25-49 anos;61677;354343;31;416051;2219531;1721367;393;3941291;711432;1852677;2564109;0,666213526;0,213543141;0,556098778;0,769641919
441;AGES;02/08/2021;2021;31;All;25-49 anos;52869;383664;42;436575;2272400;2105031;435;4377866;417972;2250954;2668926;0,682082663;0,125458306;0,675645441;0,801103747
442;AGES;09/08/2021;2021;32;All;25-49 anos;70679;237739;43;308461;2343079;2342770;478;4686327;291109;2507765;2798874;0,703297643;0,087379159;0,752729726;0,840108886
443;AGES;16/08/2021;2021;33;All;25-49 anos;78118;145558;33;223709;2421197;2488328;511;4910036;251557;2669102;2920659;0,726745511;0,075507247;0,801156575;0,876663822
444;AGES;23/08/2021;2021;34;All;25-49 anos;88329;79852;22;168203;2509526;2568180;533;5078239;263893;2765293;3029186;0,753258307;0,079210016;0,830029227;0,909239243
445;AGES;30/08/2021;2021;35;All;25-49 anos;46513;80500;21;127034;2556039;2648680;554;5205273;223982;2859180;3083162;0,767219631;0,067230346;0,85821031;0,925440657
446;AGES;06/09/2021;2021;36;All;25-49 anos;25082;63606;44;88732;2581121;2712286;598;5294005;181229;2928846;3110075;0,774748234;0,054397623;0,879121229;0,933518852
447;AGES;13/09/2021;2021;37;All;25-49 anos;18755;66736;45;85536;2599876;2779022;643;5379541;130808;2999658;3130466;0,780377727;0,039263276;0,90037613;0,939639406
448;AGES;20/09/2021;2021;38;All;25-49 anos;16602;32086;44;48732;2616478;2811108;687;5428273;112151;3035921;3148072;0,785360976;0,033663199;0,911260817;0,944924016
449;AGES;27/09/2021;2021;39;All;25-49 anos;11062;21208;38;32308;2627540;2832316;725;5460581;99019;3060994;3160013;0,788681342;0,029721503;0,918786719;0,948508222
450;AGES;04/10/2021;2021;40;All;25-49 anos;6242;17387;94;23723;2633782;2849703;819;5484304;87451;3079995;3167446;0,790554938;0,026249257;0,924490051;0,950739308
451;AGES;11/10/2021;2021;41;All;25-49 anos;8497;16055;4;24556;2642279;2865758;823;5508860;77833;3098188;3176021;0,793105394;0,023362322;0,929950855;0,953313177
452;AGES;04/01/2021;2021;1;All;50-64 anos;13017;9;0;13026;22282;11;0;22293;22275;12;22287;0,010248457;0,010245237;5,52E-06;0,010250756
453;AGES;11/01/2021;2021;2;All;50-64 anos;11719;309;0;12028;34001;320;0;34321;33675;331;34006;0,015638532;0,015488591;0,000152241;0,015640832
454;AGES;18/01/2021;2021;3;All;50-64 anos;27480;8598;2;36080;61481;8918;2;70401;52535;8951;61486;0,028277774;0,024163122;0,004116953;0,028280074
455;AGES;25/01/2021;2021;4;All;50-64 anos;10815;12440;2;23257;72296;21358;4;93658;50897;21404;72301;0,033252061;0,023409735;0,009844627;0,033254361
456;AGES;01/02/2021;2021;5;All;50-64 anos;5592;9234;0;14826;77888;30592;4;108484;47251;30645;77896;0,035824064;0,021732781;0,014094963;0,035827744
457;AGES;08/02/2021;2021;6;All;50-64 anos;6923;22308;3;29234;84811;52900;7;137718;31809;53010;84819;0,039008252;0,014630337;0,024381595;0,039011931
458;AGES;15/02/2021;2021;7;All;50-64 anos;25168;12997;1;38166;109979;65897;8;175884;43862;66125;109987;0,050584105;0,020174033;0,030413751;0,050587785
459;AGES;22/02/2021;2021;8;All;50-64 anos;49899;4971;3;54873;159878;70868;11;230757;88611;71275;159886;0,073534816;0,040756036;0,032782459;0,073538496
460;AGES;01/03/2021;2021;9;All;50-64 anos;30262;6009;3;36274;190140;76877;14;267031;112782;77373;190155;0,08745362;0,051873326;0,035587194;0,08746052
461;AGES;08/03/2021;2021;10;All;50-64 anos;22458;4299;1;26758;212598;81176;15;293789;130878;81745;212623;0,097783027;0,06019646;0,037598066;0,097794526
462;AGES;15/03/2021;2021;11;All;50-64 anos;4824;2350;1;7175;217422;83526;16;300964;133346;84120;217466;0,100001794;0,0613316;0,038690431;0,100022031
463;AGES;22/03/2021;2021;12;All;50-64 anos;34741;1017;2;35760;252163;84543;18;336724;166941;85275;252216;0,115980684;0,076783396;0,039221666;0,116005061
464;AGES;29/03/2021;2021;13;All;50-64 anos;7884;824;1;8709;260047;85367;19;345433;173998;86123;260121;0,119606877;0,080029216;0,039611697;0,119640913
465;AGES;05/04/2021;2021;14;All;50-64 anos;15280;992;1;16273;275327;86359;20;361706;188241;87202;275443;0,126634811;0,086580188;0,040107976;0,126688164
466;AGES;12/04/2021;2021;15;All;50-64 anos;88093;642;0;88735;363420;87001;20;450441;275606;87942;363548;0,167152597;0,126763135;0,040448334;0,16721147
467;AGES;19/04/2021;2021;16;All;50-64 anos;14558;1869;2;16429;377978;88870;22;466870;288043;90065;378108;0,173848451;0,13248345;0,041424794;0,173908244
468;AGES;26/04/2021;2021;17;All;50-64 anos;33067;3000;4;36071;411045;91870;26;502941;318232;93210;411442;0,189057397;0,146368679;0,042871316;0,189239994
469;AGES;03/05/2021;2021;18;All;50-64 anos;151631;14922;6;166559;562676;106792;32;669500;460234;108505;568739;0,25879906;0,211681548;0,049906149;0,261587697
470;AGES;10/05/2021;2021;19;All;50-64 anos;166792;109998;9;276799;729468;216790;41;946299;526110;219150;745260;0,335513925;0,241980773;0,100796576;0,342777349
471;AGES;17/05/2021;2021;20;All;50-64 anos;224852;75976;13;300841;954320;292766;54;1247140;689752;298618;988370;0,438933097;0,317246816;0,137347351;0,454594167
472;AGES;24/05/2021;2021;21;All;50-64 anos;175365;98718;71;274154;1129685;391484;125;1521294;801123;406767;1207890;0,519591055;0,368471162;0,187089759;0,555560922
473;AGES;31/05/2021;2021;22;All;50-64 anos;163788;169154;12;332954;1293473;560638;137;1854248;837453;584206;1421659;0,59492425;0,385180903;0,26870164;0,653882542
474;AGES;07/06/2021;2021;23;All;50-64 anos;210043;139568;30;349641;1503516;700206;167;2203889;920418;734877;1655295;0,691532122;0,423340099;0,338001758;0,761341857
475;AGES;14/06/2021;2021;24;All;50-64 anos;86395;231569;26;317990;1589911;931775;193;2521879;785086;973135;1758221;0,731268924;0,361095051;0,44758693;0,808681982
476;AGES;21/06/2021;2021;25;All;50-64 anos;86606;184227;36;270869;1676517;1116002;229;2792748;695606;1165352;1860958;0,771102774;0,319939324;0,535995853;0,855935177
477;AGES;28/06/2021;2021;26;All;50-64 anos;59420;179222;51;238693;1735937;1295224;280;3031441;575249;1352136;1927385;0,798432605;0,264581928;0,621905904;0,886487832
478;AGES;05/07/2021;2021;27;All;50-64 anos;41420;258510;33;299963;1777357;1553734;313;3331404;357692;1618136;1975828;0,817483457;0,164518042;0,744250824;0,908768865
479;AGES;12/07/2021;2021;28;All;50-64 anos;15427;134778;28;150233;1792784;1688512;341;3481637;243249;1759152;2002401;0,824579002;0,11188075;0,809110189;0,920990939
480;AGES;19/07/2021;2021;29;All;50-64 anos;10952;115192;21;126165;1803736;1803704;362;3607802;150790;1881062;2031852;0,829616301;0,069354851;0,865181878;0,934536729
481;AGES;26/07/2021;2021;30;All;50-64 anos;9859;87505;22;97386;1813595;1891209;384;3705188;83090;1975342;2058432;0,834150883;0,038216689;0,908545333;0,946762022
482;AGES;02/08/2021;2021;31;All;50-64 anos;8630;54049;14;62693;1822225;1945258;398;3767881;46130;2035544;2081674;0,838120193;0,021217185;0,93623484;0,957452024
483;AGES;09/08/2021;2021;32;All;50-64 anos;7379;24430;5;31814;1829604;1969688;403;3799695;34971;2065224;2100195;0,841514115;0,016084677;0,949885957;0,965970634
484;AGES;16/08/2021;2021;33;All;50-64 anos;7539;13077;13;20629;1837143;1982765;416;3820324;32741;2082539;2115280;0,844981628;0,015059004;0,957849875;0,972908879
485;AGES;23/08/2021;2021;34;All;50-64 anos;11303;8266;3;19572;1848446;1991031;419;3839896;35959;2095599;2131558;0,850180367;0,016539101;0,963856735;0,980395836
486;AGES;30/08/2021;2021;35;All;50-64 anos;12901;6124;11;19036;1861347;1997155;430;3858932;40404;2107153;2147557;0,856114095;0,018583549;0,96917092;0,987754469
487;AGES;06/09/2021;2021;36;All;50-64 anos;5586;4002;24;9612;1866933;2001157;454;3868544;40304;2113472;2153776;0,858683339;0,018537555;0,972077302;0,990614857
488;AGES;13/09/2021;2021;37;All;50-64 anos;3660;7352;33;11045;1870593;2008509;487;3879589;35876;2122027;2157903;0,860366731;0,016500926;0,976012117;0,992513043
489;AGES;20/09/2021;2021;38;All;50-64 anos;3243;6585;46;9874;1873836;2015094;533;3889463;31784;2129699;2161483;0,861858327;0,014618838;0,979540802;0,99415964
490;AGES;27/09/2021;2021;39;All;50-64 anos;2013;5008;35;7056;1875849;2020102;568;3896519;28325;2135400;2163725;0,862784193;0,013027894;0,982162939;0,995190833
491;AGES;04/10/2021;2021;40;All;50-64 anos;1013;3833;74;4920;1876862;2023935;642;3901439;25530;2139510;2165040;0,863250116;0,011742353;0,984053306;0,995795658
492;AGES;11/10/2021;2021;41;All;50-64 anos;1303;3361;1;4665;1878165;2027296;643;3906104;23230;2143151;2166381;0,863849422;0,010684483;0,985727959;0,996412442
493;AGES;04/01/2021;2021;1;All;65-79 anos;2316;3;0;2319;3287;5;0;3292;3283;5;3288;0,00201897;0,002016513;3,07E-06;0,002019584
494;AGES;11/01/2021;2021;2;All;65-79 anos;5562;30;0;5592;8849;35;0;8884;8806;44;8850;0,00543531;0,005408898;2,70E-05;0,005435924
495;AGES;18/01/2021;2021;3;All;65-79 anos;14160;918;0;15078;23009;953;0;23962;22027;983;23010;0,014132789;0,013529616;0,000603787;0,014133403
496;AGES;25/01/2021;2021;4;All;65-79 anos;6627;2161;0;8788;29636;3114;0;32750;26477;3160;29637;0,018203283;0,016262934;0,001940963;0,018203897
497;AGES;01/02/2021;2021;5;All;65-79 anos;2841;4188;0;7029;32477;7302;0;39779;25129;7349;32478;0,019948307;0,015434954;0,004513967;0,019948921
498;AGES;08/02/2021;2021;6;All;65-79 anos;3802;11566;1;15369;36279;18868;1;55148;17342;18938;36280;0,022283604;0,010651955;0,011632264;0,022284218
499;AGES;15/02/2021;2021;7;All;65-79 anos;5169;7291;0;12460;41448;26159;1;67608;15188;26261;41449;0,025458552;0,009328906;0,016130261;0,025459167
500;AGES;22/02/2021;2021;8;All;65-79 anos;11701;2490;4;14195;53149;28649;5;81803;24343;28807;53150;0,032645643;0,01495217;0,017694087;0,032646257
501;AGES;01/03/2021;2021;9;All;65-79 anos;13349;3833;1;17183;66498;32482;6;98986;33848;32661;66509;0,040844982;0,020790414;0,020061325;0,040851739
502;AGES;08/03/2021;2021;10;All;65-79 anos;15991;3603;0;19594;82489;36085;6;118580;46229;36289;82518;0,050667114;0,02839518;0,022289746;0,050684926
503;AGES;15/03/2021;2021;11;All;65-79 anos;18209;6873;4;25086;100698;42958;10;143666;57561;43174;100735;0,061851605;0,03535562;0,026518711;0,061874331
504;AGES;22/03/2021;2021;12;All;65-79 anos;52901;2248;1;55150;153599;45206;11;198816;108156;45489;153645;0,094344919;0,066432523;0,027940651;0,094373173
505;AGES;29/03/2021;2021;13;All;65-79 anos;88359;7459;3;95821;241958;52665;14;294637;189031;52990;242021;0,148617555;0,116108271;0,03254798;0,148656252
506;AGES;05/04/2021;2021;14;All;65-79 anos;201452;5396;7;206855;443410;58061;21;501492;384987;58504;443491;0,272355162;0,236470077;0,035934838;0,272404914
507;AGES;12/04/2021;2021;15;All;65-79 anos;233805;3674;5;237484;677215;61735;26;738976;614985;62315;677300;0,41596491;0,377741456;0,038275663;0,41601712
508;AGES;19/04/2021;2021;16;All;65-79 anos;175906;13339;12;189257;853121;75074;38;928233;777365;75844;853209;0,52401143;0,477479918;0,046585564;0,524065482
509;AGES;26/04/2021;2021;17;All;65-79 anos;293310;46479;10;339799;1146431;121553;48;1268032;1024955;122569;1147524;0,704170859;0,629556809;0,075285401;0,704842211
510;AGES;03/05/2021;2021;18;All;65-79 anos;202489;164528;11;367028;1348920;286081;59;1635060;1069161;287392;1356553;0,82854542;0,656709405;0,176524424;0,833233828
511;AGES;10/05/2021;2021;19;All;65-79 anos;91560;80370;10;171940;1440480;366451;69;1807000;1087721;368226;1455947;0,884784203;0,66810949;0,226174989;0,894284479
512;AGES;17/05/2021;2021;20;All;65-79 anos;41337;111881;11;153229;1481817;478332;80;1960229;1016907;485574;1502481;0,910174576;0,624613497;0,298253502;0,922866999
513;AGES;24/05/2021;2021;21;All;65-79 anos;23634;202852;23;226509;1505451;681184;103;2186738;833460;697296;1530756;0,924691258;0,511935078;0,428299237;0,940234316
514;AGES;31/05/2021;2021;22;All;65-79 anos;18699;137698;15;156412;1524150;818882;118;2343150;717040;838131;1555171;0,936176721;0,44042657;0,514804141;0,95523071
515;AGES;07/06/2021;2021;23;All;65-79 anos;16100;71833;6;87939;1540250;890715;124;2431089;660553;912840;1573393;0,946065804;0,405730631;0,560692555;0,966423186
516;AGES;14/06/2021;2021;24;All;65-79 anos;10901;62767;9;73677;1551151;953482;133;2504766;607945;977707;1585652;0,952761511;0,373417286;0,60053573;0,973953016
517;AGES;21/06/2021;2021;25;All;65-79 anos;10320;97359;13;107692;1561471;1050841;146;2612458;520223;1077672;1597895;0,959100351;0,319535913;0,661937105;0,981473019
518;AGES;28/06/2021;2021;26;All;65-79 anos;9061;182567;33;191661;1570532;1233408;179;2804119;345263;1263084;1608347;0,964665878;0,212070454;0,775822483;0,987892937
519;AGES;05/07/2021;2021;27;All;65-79 anos;8153;204270;23;212446;1578685;1437678;202;3016565;147263;1470334;1617597;0,969673685;0,090453166;0,903121388;0,993574553
520;AGES;12/07/2021;2021;28;All;65-79 anos;5487;57909;11;63407;1584172;1495587;213;3079972;93828;1531529;1625357;0,973043958;0,057631853;0,940709115;0,998340968
521;AGES;19/07/2021;2021;29;All;65-79 anos;7155;42673;7;49835;1591327;1538260;220;3129807;55979;1579269;1635248;0,977438764;0,03438391;0,970032394;1
522;AGES;26/07/2021;2021;30;All;65-79 anos;8635;32461;10;41106;1599962;1570721;230;3170913;28298;1617800;1646098;0,98274263;0,017381445;0,993699242;1
523;AGES;02/08/2021;2021;31;All;65-79 anos;7635;11747;6;19388;1607597;1582468;236;3190301;20414;1635132;1655546;0,987432266;0,012538865;1;1
524;AGES;09/08/2021;2021;32;All;65-79 anos;4608;6292;5;10905;1612205;1588760;241;3201206;17113;1644502;1661615;0,990262632;0,010511296;1;1
525;AGES;16/08/2021;2021;33;All;65-79 anos;3693;2995;9;6697;1615898;1591755;250;3207903;16771;1649694;1666465;0,992530979;0,01030123;1;1
526;AGES;23/08/2021;2021;34;All;65-79 anos;4308;2518;6;6832;1620206;1594273;256;3214735;17769;1654344;1672113;0,995177076;0,01091423;1;1
527;AGES;30/08/2021;2021;35;All;65-79 anos;4907;2251;6;7164;1625113;1596524;262;3221899;19291;1658899;1678190;0,998191096;0,011849086;1;1
528;AGES;06/09/2021;2021;36;All;65-79 anos;2256;1383;10;3649;1627369;1597907;272;3225548;19423;1661236;1680659;0,999576796;0,011930165;1;1
529;AGES;13/09/2021;2021;37;All;65-79 anos;1637;3289;30;4956;1629006;1601196;302;3230504;17393;1665046;1682439;1,000582289;0,01068328;1;1
530;AGES;20/09/2021;2021;38;All;65-79 anos;1412;3370;40;4822;1630418;1604566;342;3235326;15079;1668850;1683929;1,00144958;0,009261955;1;1
531;AGES;27/09/2021;2021;39;All;65-79 anos;897;2727;20;3644;1631315;1607293;362;3238970;13056;1671827;1684883;1,002000543;0,00801937;1;1
532;AGES;04/10/2021;2021;40;All;65-79 anos;463;2218;33;2714;1631778;1609511;395;3241684;11323;1674139;1685462;1,002284931;0,006954912;1;1
533;AGES;11/10/2021;2021;41;All;65-79 anos;569;2058;0;2627;1632347;1611569;395;3244311;9776;1676267;1686043;1,002634427;0,0060047;1;1
534;AGES;04/01/2021;2021;1;All;80 ou mais anos;3782;8;1;3791;4049;8;2;4059;4040;9;4049;0,005940521;0,005927317;1,32E-05;0,005940521
535;AGES;11/01/2021;2021;2;All;80 ou mais anos;14503;1;1;14505;18552;9;3;18564;18517;35;18552;0,027218709;0,027167359;5,14E-05;0,027218709
536;AGES;18/01/2021;2021;3;All;80 ou mais anos;39061;256;1;39318;57613;265;4;57882;57211;402;57613;0,084527355;0,083937558;0,000589797;0,084527355
537;AGES;25/01/2021;2021;4;All;80 ou mais anos;7381;3400;2;10783;64994;3665;6;68665;61160;3834;64994;0,095356446;0,089731363;0,005625083;0,095356446
538;AGES;01/02/2021;2021;5;All;80 ou mais anos;4545;10663;0;15208;69539;14328;6;83873;55034;14505;69539;0,102024678;0,080743556;0,021281122;0,102024678
539;AGES;08/02/2021;2021;6;All;80 ou mais anos;14828;31588;1;46417;84367;45916;7;130290;38173;46194;84367;0,123779692;0,05600581;0,067773882;0,123779692
540;AGES;15/02/2021;2021;7;All;80 ou mais anos;48622;9287;3;57912;132989;55203;10;188202;77434;55555;132989;0,195115832;0,113607887;0,081507945;0,195115832
541;AGES;22/02/2021;2021;8;All;80 ou mais anos;102559;5206;1;107766;235548;60409;11;295968;174653;60895;235548;0,345586056;0,256243489;0,089342567;0,345586056
542;AGES;01/03/2021;2021;9;All;80 ou mais anos;87226;12786;1;100013;322774;73195;12;395981;249032;73743;322775;0,473560352;0,36536921;0,108192608;0,473561819
543;AGES;08/03/2021;2021;10;All;80 ou mais anos;40159;37309;0;77468;362933;110504;12;473449;251860;111075;362935;0,532479937;0,369518332;0,162964539;0,532482871
544;AGES;15/03/2021;2021;11;All;80 ou mais anos;54371;97462;4;151837;417304;207966;16;625286;208722;208584;417306;0,612250767;0,306228084;0,306025617;0,612253701
545;AGES;22/03/2021;2021;12;All;80 ou mais anos;124562;16930;2;141494;541866;224896;18;766780;316236;225632;541868;0,795002861;0,463968075;0,331037721;0,795005795
546;AGES;29/03/2021;2021;13;All;80 ou mais anos;36738;75523;5;112266;578604;300419;23;879046;277414;301194;578608;0,8489033;0,407010079;0,441899089;0,848909168
547;AGES;05/04/2021;2021;14;All;80 ou mais anos;30368;45914;8;76290;608972;346333;31;955336;261804;347173;608977;0,893457944;0,384107748;0,509357532;0,89346528
548;AGES;12/04/2021;2021;15;All;80 ou mais anos;10512;49526;13;60051;619484;395859;44;1015387;222720;396769;619489;0,908880705;0,326765357;0,582122684;0,908888041
549;AGES;19/04/2021;2021;16;All;80 ou mais anos;8409;123359;15;131783;627893;519218;59;1147170;107673;520225;627898;0,921218034;0,157973268;0,763252102;0,92122537
550;AGES;26/04/2021;2021;17;All;80 ou mais anos;6133;39866;3;46002;634026;559084;62;1193172;73900;560142;634042;0,930216112;0,108422952;0,821816635;0,930239587
551;AGES;03/05/2021;2021;18;All;80 ou mais anos;5107;31863;4;36974;639133;590947;66;1230146;47199;592099;639298;0,937708887;0,069248375;0,868702592;0,937950968
552;AGES;10/05/2021;2021;19;All;80 ou mais anos;3783;9993;2;13778;642916;600940;68;1243924;41061;602221;643282;0,943259144;0,060242961;0,883553162;0,943796124
553;AGES;17/05/2021;2021;20;All;80 ou mais anos;4755;8388;4;13147;647671;609328;72;1257071;36371;612103;648474;0,950235479;0,053361992;0,898051615;0,951413606
554;AGES;24/05/2021;2021;21;All;80 ou mais anos;4456;6381;0;10837;652127;615709;72;1267908;32615;620791;653406;0,956773133;0,047851348;0,91079828;0,958649628
555;AGES;31/05/2021;2021;22;All;80 ou mais anos;3056;6165;2;9223;655183;621874;74;1277131;29105;627957;657062;0,961256767;0,042701624;0,921311932;0,964013557
556;AGES;07/06/2021;2021;23;All;80 ou mais anos;2753;4831;1;7585;657936;626705;75;1284716;26544;633649;660193;0,965295852;0,038944233;0,929662994;0,968607227
557;AGES;14/06/2021;2021;24;All;80 ou mais anos;2630;4792;0;7422;660566;631497;75;1292138;23708;639387;663095;0,969154477;0,034783374;0,938081545;0,972864919
558;AGES;21/06/2021;2021;25;All;80 ou mais anos;3401;4834;2;8237;663967;636331;77;1300375;20960;646000;666960;0,97414428;0,030751625;0,947783858;0,978535483
559;AGES;28/06/2021;2021;26;All;80 ou mais anos;3273;5434;1;8708;667240;641765;78;1309083;17428;653227;670655;0,978946287;0,025569624;0,958387007;0,983956631
560;AGES;05/07/2021;2021;27;All;80 ou mais anos;2669;5267;1;7937;669909;647032;79;1317020;13663;659993;673656;0,982862131;0,020045775;0,968313796;0,988359571
561;AGES;12/07/2021;2021;28;All;80 ou mais anos;2106;3560;2;5668;672015;650592;81;1322688;11275;664985;676260;0,985951965;0,016542203;0,975637847;0,99218005
562;AGES;19/07/2021;2021;29;All;80 ou mais anos;2208;3090;2;5300;674223;653682;83;1327988;9410;669658;679068;0,989191449;0,013805954;0,982493875;0,996299828
563;AGES;26/07/2021;2021;30;All;80 ou mais anos;2597;2894;1;5492;676820;656576;84;1333480;7752;674419;682171;0,993001658;0,011373406;0,989479012;1
564;AGES;02/08/2021;2021;31;All;80 ou mais anos;2491;2103;1;4595;679311;658679;85;1338075;6772;678349;685121;0,996656348;0,009935592;0,995244942;1
565;AGES;09/08/2021;2021;32;All;80 ou mais anos;1580;1723;1;3304;680891;660402;86;1341379;5975;681155;687130;0,998974457;0,008766267;0,999361786;1
566;AGES;16/08/2021;2021;33;All;80 ou mais anos;1348;1129;1;2478;682239;661531;87;1343857;5618;683171;688789;1,000952185;0,008242492;1;1
567;AGES;23/08/2021;2021;34;All;80 ou mais anos;1537;973;1;2511;683776;662504;88;1346368;5739;684964;690703;1,003207207;0,008420018;1;1
568;AGES;30/08/2021;2021;35;All;80 ou mais anos;1668;821;1;2490;685444;663325;89;1348858;6138;686552;692690;1,005654426;0,009005414;1;1
569;AGES;06/09/2021;2021;36;All;80 ou mais anos;770;575;1;1346;686214;663900;90;1350204;6073;687459;693532;1,006784137;0,008910049;1;1
570;AGES;13/09/2021;2021;37;All;80 ou mais anos;550;960;6;1516;686764;664860;96;1351720;5538;688586;694124;1,007591074;0,008125119;1;1
571;AGES;20/09/2021;2021;38;All;80 ou mais anos;599;1046;6;1651;687363;665906;102;1353371;4911;689832;694743;1,008469901;0,007205211;1;1
572;AGES;27/09/2021;2021;39;All;80 ou mais anos;366;796;10;1172;687729;666702;112;1354543;4406;690732;695138;1,009006881;0,006464297;1;1
573;AGES;04/10/2021;2021;40;All;80 ou mais anos;167;571;7;745;687896;667273;119;1355288;4004;691335;695339;1,009251896;0,005874499;1;1
574;AGES;11/10/2021;2021;41;All;80 ou mais anos;232;765;0;997;688128;668038;119;1356285;3408;692165;695573;1,009592277;0,005000073;1;1
575;AGES;04/01/2021;2021;1;All;Desconhecido;1;0;0;1;2;0;0;2;2;0;2;NA;NA;NA;NA
576;AGES;11/01/2021;2021;2;All;Desconhecido;1;0;0;1;3;0;0;3;3;0;3;NA;NA;NA;NA
577;AGES;18/01/2021;2021;3;All;Desconhecido;1;1;0;2;4;1;0;5;3;1;4;NA;NA;NA;NA
578;AGES;25/01/2021;2021;4;All;Desconhecido;1;1;0;2;5;2;0;7;3;2;5;NA;NA;NA;NA
579;AGES;01/02/2021;2021;5;All;Desconhecido;0;1;0;1;5;3;0;8;2;3;5;NA;NA;NA;NA
580;AGES;08/02/2021;2021;6;All;Desconhecido;2;1;0;3;7;4;0;11;3;4;7;NA;NA;NA;NA
581;AGES;15/02/2021;2021;7;All;Desconhecido;2;1;0;3;9;5;0;14;4;5;9;NA;NA;NA;NA
582;AGES;22/02/2021;2021;8;All;Desconhecido;3;1;0;4;12;6;0;18;6;6;12;NA;NA;NA;NA
583;AGES;01/03/2021;2021;9;All;Desconhecido;1;1;0;2;13;7;0;20;6;7;13;NA;NA;NA;NA
584;AGES;08/03/2021;2021;10;All;Desconhecido;2;1;0;3;15;8;0;23;7;8;15;NA;NA;NA;NA
585;AGES;15/03/2021;2021;11;All;Desconhecido;1;2;0;3;16;10;0;26;6;10;16;NA;NA;NA;NA
586;AGES;22/03/2021;2021;12;All;Desconhecido;2;2;0;4;18;12;0;30;6;12;18;NA;NA;NA;NA
587;AGES;29/03/2021;2021;13;All;Desconhecido;2;0;0;2;20;12;0;32;8;12;20;NA;NA;NA;NA
588;AGES;05/04/2021;2021;14;All;Desconhecido;3;1;0;4;23;13;0;36;10;13;23;NA;NA;NA;NA
589;AGES;12/04/2021;2021;15;All;Desconhecido;3;1;0;4;26;14;0;40;12;14;26;NA;NA;NA;NA
590;AGES;19/04/2021;2021;16;All;Desconhecido;2;1;0;3;28;15;0;43;13;15;28;NA;NA;NA;NA
591;AGES;26/04/2021;2021;17;All;Desconhecido;3;1;0;4;31;16;0;47;15;16;31;NA;NA;NA;NA
592;AGES;03/05/2021;2021;18;All;Desconhecido;2;2;0;4;33;18;0;51;15;18;33;NA;NA;NA;NA
593;AGES;10/05/2021;2021;19;All;Desconhecido;2;4;0;6;35;22;0;57;14;22;36;NA;NA;NA;NA
594;AGES;17/05/2021;2021;20;All;Desconhecido;3;2;0;5;38;24;0;62;16;24;40;NA;NA;NA;NA
595;AGES;24/05/2021;2021;21;All;Desconhecido;3;2;0;5;41;26;0;67;17;26;43;NA;NA;NA;NA
596;AGES;31/05/2021;2021;22;All;Desconhecido;3;3;0;6;44;29;0;73;18;29;47;NA;NA;NA;NA
597;AGES;07/06/2021;2021;23;All;Desconhecido;2;4;0;6;46;33;0;79;17;33;50;NA;NA;NA;NA
598;AGES;14/06/2021;2021;24;All;Desconhecido;2;4;0;6;48;37;0;85;16;37;53;NA;NA;NA;NA
599;AGES;21/06/2021;2021;25;All;Desconhecido;2;4;0;6;50;41;0;91;15;41;56;NA;NA;NA;NA
600;AGES;28/06/2021;2021;26;All;Desconhecido;1;4;0;5;51;45;0;96;13;45;58;NA;NA;NA;NA
601;AGES;05/07/2021;2021;27;All;Desconhecido;2;4;0;6;53;49;0;102;12;49;61;NA;NA;NA;NA
602;AGES;12/07/2021;2021;28;All;Desconhecido;3;3;0;6;56;52;0;108;13;52;65;NA;NA;NA;NA
603;AGES;19/07/2021;2021;29;All;Desconhecido;3;4;0;7;59;56;0;115;13;56;69;NA;NA;NA;NA
604;AGES;26/07/2021;2021;30;All;Desconhecido;3;4;0;7;62;60;0;122;13;60;73;NA;NA;NA;NA
605;AGES;02/08/2021;2021;31;All;Desconhecido;3;2;0;5;65;62;0;127;15;62;77;NA;NA;NA;NA
606;AGES;09/08/2021;2021;32;All;Desconhecido;3;3;0;6;68;65;0;133;16;65;81;NA;NA;NA;NA
607;AGES;16/08/2021;2021;33;All;Desconhecido;2;3;0;5;70;68;0;138;16;68;84;NA;NA;NA;NA
608;AGES;23/08/2021;2021;34;All;Desconhecido;3;3;1;7;73;71;1;145;17;71;88;NA;NA;NA;NA
609;AGES;30/08/2021;2021;35;All;Desconhecido;2;3;0;5;75;74;1;150;17;74;91;NA;NA;NA;NA
610;AGES;06/09/2021;2021;36;All;Desconhecido;2;3;0;5;77;77;1;155;16;77;93;NA;NA;NA;NA
611;AGES;13/09/2021;2021;37;All;Desconhecido;2;3;0;5;79;80;1;160;16;80;96;NA;NA;NA;NA
612;AGES;20/09/2021;2021;38;All;Desconhecido;0;2;0;2;79;82;1;162;15;82;97;NA;NA;NA;NA
613;AGES;27/09/2021;2021;39;All;Desconhecido;2;1;0;3;81;83;1;165;16;83;99;NA;NA;NA;NA
614;AGES;04/10/2021;2021;40;All;Desconhecido;1;3;0;4;82;86;1;169;15;86;101;NA;NA;NA;NA
615;AGES;11/10/2021;2021;41;All;Desconhecido;1;1;0;2;83;87;1;171;15;87;102;NA;NA;NA;NA
616;GENERAL;04/01/2021;2021;1;All;All;49006;106;1;49113;84984;123;3;85110;84868;129;84997;0,008212687;0,008201477;1,25E-05;0,008213943
617;GENERAL;11/01/2021;2021;2;All;All;50152;1213;1;51366;135136;1336;4;136476;133751;1398;135149;0,013059278;0,012925434;0,0001351;0,013060534
618;GENERAL;18/01/2021;2021;3;All;All;122533;32815;5;155353;257669;34151;9;291829;223272;34411;257683;0,024900627;0,021576568;0,003325412;0,02490198
619;GENERAL;25/01/2021;2021;4;All;All;42101;45960;12;88073;299770;80111;21;379902;219331;80455;299786;0,028969185;0,021195718;0,007775014;0,028970731
620;GENERAL;01/02/2021;2021;5;All;All;24177;37629;2;61808;323947;117740;23;441710;205862;118111;323973;0,031305603;0,0198941;0,011414016;0,031308116
621;GENERAL;08/02/2021;2021;6;All;All;41025;99578;10;140613;364972;217318;33;582323;147005;217994;364999;0,035270179;0,014206275;0,021066513;0,035272788
622;GENERAL;15/02/2021;2021;7;All;All;103814;50441;11;154266;468786;267759;44;736589;199778;269036;468814;0,04530256;0,019306154;0,025999112;0,045305266
623;GENERAL;22/02/2021;2021;8;All;All;177306;20795;8;198109;646092;288554;52;934698;355654;290466;646120;0,062437064;0,034369705;0,028070065;0,06243977
624;GENERAL;01/03/2021;2021;9;All;All;139563;33789;12;173364;785655;322343;64;1108062;461079;324635;785714;0,075924159;0,044557771;0,03137209;0,075929861
625;GENERAL;08/03/2021;2021;10;All;All;96612;52245;4;148861;882267;374588;68;1256923;505211;377167;882378;0,085260554;0,048822601;0,03644868;0,08527128
626;GENERAL;15/03/2021;2021;11;All;All;82500;110522;14;193036;964767;485110;82;1449959;477099;487817;964916;0,093233192;0,046105912;0,047141679;0,093247591
627;GENERAL;22/03/2021;2021;12;All;All;258097;22210;5;280312;1222864;507320;87;1730271;712498;510545;1223043;0,11817518;0,06885441;0,049338068;0,118192478
628;GENERAL;29/03/2021;2021;13;All;All;138519;85226;10;223755;1361383;592546;97;1954026;765668;595962;1361630;0,131561385;0,073992655;0,0575926;0,131585254
629;GENERAL;05/04/2021;2021;14;All;All;257155;53944;17;311116;1618538;646490;114;2265142;968640;650286;1618926;0,15641234;0,093607471;0,062842364;0,156449835
630;GENERAL;12/04/2021;2021;15;All;All;426227;54923;18;481168;2044765;701413;132;2746310;1339509;705685;2045194;0,197602082;0,129447524;0,068196015;0,197643539
631;GENERAL;19/04/2021;2021;16;All;All;211553;139662;31;351246;2256318;841075;163;3097556;1410441;846316;2256757;0,218046149;0,136302254;0,081786319;0,218088573
632;GENERAL;26/04/2021;2021;17;All;All;346556;90667;19;437242;2602874;931742;182;3534798;1667092;937616;2604708;0,251536641;0,161104503;0,090609372;0,251713876
633;GENERAL;03/05/2021;2021;18;All;All;371841;220436;23;592300;2974715;1152178;205;4127098;1829991;1159066;2989057;0,287470627;0,176846743;0,112009866;0,28885661
634;GENERAL;10/05/2021;2021;19;All;All;290064;306503;29;596596;3264779;1458681;234;4723694;1829738;1467267;3297005;0,315501843;0,176822294;0,141793807;0,318616101
635;GENERAL;17/05/2021;2021;20;All;All;306372;220989;36;527397;3571151;1679670;270;5251091;1927843;1699572;3627415;0,345109033;0,186302969;0,164243307;0,350546276
636;GENERAL;24/05/2021;2021;21;All;All;232766;329909;100;562775;3803917;2009579;370;5813866;1857248;2052505;3909753;0,367603083;0,179480806;0,19835006;0,377830866
637;GENERAL;31/05/2021;2021;22;All;All;231137;340012;43;571192;4035054;2349591;413;6385058;1789870;2407735;4197605;0,389939709;0,172969528;0,232678791;0,405648319
638;GENERAL;07/06/2021;2021;23;All;All;360962;251714;56;612732;4396016;2601305;469;6997790;1906927;2679872;4586799;0,42482237;0,184281688;0,258977577;0,443259265
639;GENERAL;14/06/2021;2021;24;All;All;344346;389989;67;734402;4740362;2991294;536;7732192;1876879;3090017;4966896;0,458099292;0,181377908;0,298613186;0,479991094
640;GENERAL;21/06/2021;2021;25;All;All;377029;346538;82;723649;5117391;3337832;618;8455841;1925476;3463173;5388649;0,494534636;0,186074227;0,334674251;0,520748477
641;GENERAL;28/06/2021;2021;26;All;All;389869;432749;172;822790;5507260;3770581;790;9278631;1878571;3926152;5804723;0,532210812;0,181541419;0,379415634;0,560957053
642;GENERAL;05/07/2021;2021;27;All;All;433602;621816;86;1055504;5940862;4392397;876;10334135;1691943;4584832;6276775;0,574113259;0,163506055;0,443069178;0,606575233
643;GENERAL;12/07/2021;2021;28;All;All;246048;521651;111;767810;6186910;4914048;987;11101945;1498323;5140271;6638594;0,597890855;0,144794998;0,496745714;0,641540712
644;GENERAL;19/07/2021;2021;29;All;All;144011;525188;82;669281;6330921;5439236;1069;11771226;1218698;5697047;6915745;0,611807796;0,117772586;0,550551455;0,668324041
645;GENERAL;26/07/2021;2021;30;All;All;105425;500225;79;605729;6436346;5939461;1148;12376955;894897;6228492;7123389;0,621995862;0,086481092;0,601909258;0,68839035
646;GENERAL;02/08/2021;2021;31;All;All;130228;508284;69;638581;6566574;6447745;1217;13015536;599742;6770808;7370550;0,63458084;0,057957891;0,654317614;0,712275505
647;GENERAL;09/08/2021;2021;32;All;All;314715;353237;63;668015;6881289;6800982;1280;13683551;652677;7175159;7827836;0,664994281;0,063073426;0,693393302;0,756466728
648;GENERAL;16/08/2021;2021;33;All;All;362992;238792;72;601856;7244281;7039774;1352;14285407;838452;7461261;8299713;0,700073116;0,081026358;0,721041638;0,802067996
649;GENERAL;23/08/2021;2021;34;All;All;294346;139367;44;433757;7538627;7179141;1396;14719164;995106;7640180;8635286;0,728518137;0,096165093;0,73833202;0,834497113
650;GENERAL;30/08/2021;2021;35;All;All;130829;300338;59;431226;7669456;7479479;1455;15150390;810291;7971500;8781791;0,741161195;0,078304934;0,770350135;0,848655069
651;GENERAL;06/09/2021;2021;36;All;All;67234;310818;110;378162;7736690;7790297;1565;15528552;556800;8295874;8852674;0,747658557;0,053808061;0,801697003;0,855505063
652;GENERAL;13/09/2021;2021;37;All;All;46566;257836;153;304555;7783256;8048133;1718;15833107;339765;8562350;8902115;0,752158604;0,032834224;0,827448721;0,860282945
653;GENERAL;20/09/2021;2021;38;All;All;34674;103433;158;138265;7817930;8151566;1876;15971372;264507;8674089;8938596;0,755509431;0,025561438;0,838246959;0,863808397
654;GENERAL;27/09/2021;2021;39;All;All;22575;58385;123;81083;7840505;8209951;1999;16052455;223085;8739580;8962665;0,757691035;0,021558497;0,844575881;0,866134378
655;GENERAL;04/10/2021;2021;40;All;All;13209;44349;229;57787;7853714;8254300;2228;16110242;190871;8787095;8977966;0,758967527;0,018445399;0,849167637;0,867613037
656;GENERAL;11/10/2021;2021;41;All;All;17231;36406;6;53643;7870945;8290706;2234;16163885;167698;8827654;8995352;0,760632697;0,016206006;0,853087179;0,869293186