;TYPE;DATE;YEAR;WEEK;REGION;AGEGROUP;TOTAL_VAC_1;TOTAL_VAC_2;TOTAL_VAC_UNK;TOTAL;CUMUL_VAC_1;CUMUL_VAC_2;CUMUL_VAC_UNK;CUMUL;CUMUL_VAC_INIT;CUMUL_VAC_COMPLETE;CUMUL_VAC_LEAST;COVER_1_VAC;COVER;COVER_INIT;COVER_COMPLETE;COVER_LEAST;RECEIVED;DISTRIBUTED
1;REGIONAL;04/01/2021;2021;1;Outro;All;388;1;0;389;2441;2;0;2443;2439;2;2441;NA;NA;NA;NA;NA;NA;NA
2;REGIONAL;11/01/2021;2021;2;Outro;All;140;6;0;146;2581;8;0;2589;2573;8;2581;NA;NA;NA;NA;NA;NA;NA
3;REGIONAL;18/01/2021;2021;3;Outro;All;178;139;0;317;2759;147;0;2906;2612;147;2759;NA;NA;NA;NA;NA;NA;NA
4;REGIONAL;25/01/2021;2021;4;Outro;All;128;286;1;415;2887;433;1;3321;2454;433;2887;NA;NA;NA;NA;NA;NA;NA
5;REGIONAL;01/02/2021;2021;5;Outro;All;163;125;0;288;3050;558;1;3609;2492;558;3050;NA;NA;NA;NA;NA;NA;NA
6;REGIONAL;08/02/2021;2021;6;Outro;All;182;168;0;350;3232;726;1;3959;2506;726;3232;NA;NA;NA;NA;NA;NA;NA
7;REGIONAL;15/02/2021;2021;7;Outro;All;249;136;1;386;3481;862;2;4345;2619;862;3481;NA;NA;NA;NA;NA;NA;NA
8;REGIONAL;22/02/2021;2021;8;Outro;All;152;145;0;297;3633;1007;2;4642;2626;1007;3633;NA;NA;NA;NA;NA;NA;NA
9;REGIONAL;01/03/2021;2021;9;Outro;All;99;160;0;259;3732;1167;2;4901;2565;1167;3732;NA;NA;NA;NA;NA;NA;NA
10;REGIONAL;08/03/2021;2021;10;Outro;All;484;110;0;594;4216;1277;2;5495;2939;1277;4216;NA;NA;NA;NA;NA;NA;NA
11;REGIONAL;15/03/2021;2021;11;Outro;All;175;109;0;284;4391;1386;2;5779;3005;1386;4391;NA;NA;NA;NA;NA;NA;NA
12;REGIONAL;22/03/2021;2021;12;Outro;All;552;11;0;563;4943;1397;2;6342;3546;1397;4943;NA;NA;NA;NA;NA;NA;NA
13;REGIONAL;29/03/2021;2021;13;Outro;All;370;48;0;418;5313;1445;2;6760;3868;1445;5313;NA;NA;NA;NA;NA;NA;NA
14;REGIONAL;05/04/2021;2021;14;Outro;All;331;68;0;399;5644;1513;2;7159;4131;1513;5644;NA;NA;NA;NA;NA;NA;NA
15;REGIONAL;12/04/2021;2021;15;Outro;All;472;58;0;530;6116;1571;2;7689;4545;1571;6116;NA;NA;NA;NA;NA;NA;NA
16;REGIONAL;19/04/2021;2021;16;Outro;All;320;103;0;423;6436;1674;2;8112;4762;1674;6436;NA;NA;NA;NA;NA;NA;NA
17;REGIONAL;26/04/2021;2021;17;Outro;All;394;61;0;455;6830;1735;2;8567;5095;1735;6830;NA;NA;NA;NA;NA;NA;NA
18;REGIONAL;03/05/2021;2021;18;Outro;All;387;267;0;654;7217;2002;2;9221;5218;2002;7220;NA;NA;NA;NA;NA;NA;NA
19;REGIONAL;10/05/2021;2021;19;Outro;All;648;476;0;1124;7865;2478;2;10345;5392;2478;7870;NA;NA;NA;NA;NA;NA;NA
20;REGIONAL;17/05/2021;2021;20;Outro;All;271;404;0;675;8136;2882;2;11020;5271;2882;8153;NA;NA;NA;NA;NA;NA;NA
21;REGIONAL;24/05/2021;2021;21;Outro;All;300;423;0;723;8436;3305;2;11743;5167;3305;8472;NA;NA;NA;NA;NA;NA;NA
22;REGIONAL;31/05/2021;2021;22;Outro;All;318;795;1;1114;8754;4100;3;12857;4782;4100;8882;NA;NA;NA;NA;NA;NA;NA
23;REGIONAL;07/06/2021;2021;23;Outro;All;261;942;1;1204;9015;5042;4;14061;4144;5042;9186;NA;NA;NA;NA;NA;NA;NA
24;REGIONAL;14/06/2021;2021;24;Outro;All;470;702;1;1173;9485;5744;5;15234;3999;5744;9743;NA;NA;NA;NA;NA;NA;NA
25;REGIONAL;21/06/2021;2021;25;Outro;All;439;597;0;1036;9924;6341;5;16270;3967;6341;10308;NA;NA;NA;NA;NA;NA;NA
26;REGIONAL;04/01/2021;2021;1;ARS Alentejo;All;3467;0;0;3467;4691;0;0;4691;4691;0;4691;0,010141212;0;0,010141212;0;0,010141212;NA;NA
27;REGIONAL;11/01/2021;2021;2;ARS Alentejo;All;5345;10;0;5355;10036;10;0;10046;10026;10;10036;0,02169627;2,16E-05;0,021674651;2,16E-05;0,02169627;NA;NA
28;REGIONAL;18/01/2021;2021;3;ARS Alentejo;All;10439;1135;0;11574;20475;1145;0;21620;19330;1145;20475;0,044263762;0,002475312;0,041788451;0,002475312;0,044263762;NA;NA
29;REGIONAL;25/01/2021;2021;4;ARS Alentejo;All;2305;3105;0;5410;22780;4250;0;27030;18530;4250;22780;0,049246813;0,009187838;0,040058975;0,009187838;0,049246813;NA;NA
30;REGIONAL;01/02/2021;2021;5;ARS Alentejo;All;1445;4340;0;5785;24225;8590;0;32815;15635;8590;24225;0,052370678;0,018570243;0,033800436;0,018570243;0,052370678;NA;NA
31;REGIONAL;08/02/2021;2021;6;ARS Alentejo;All;3336;8777;1;12114;27561;17367;1;44929;10194;17367;27561;0,059582591;0,03754475;0,022037841;0,03754475;0,059582591;NA;NA
32;REGIONAL;15/02/2021;2021;7;ARS Alentejo;All;4054;2807;0;6861;31615;20174;1;51790;11441;20174;31615;0,068346708;0,043613047;0,024733661;0,043613047;0,068346708;NA;NA
33;REGIONAL;22/02/2021;2021;8;ARS Alentejo;All;12035;1647;0;13682;43650;21821;1;65472;21829;21821;43650;0,094364504;0,047173605;0,0471909;0,047173605;0,094364504;NA;NA
34;REGIONAL;01/03/2021;2021;9;ARS Alentejo;All;10437;2828;0;13265;54087;24649;1;78737;29438;24649;54087;0,116927673;0,0532873;0,063640373;0,0532873;0,116927673;NA;NA
35;REGIONAL;08/03/2021;2021;10;ARS Alentejo;All;5810;1670;0;7480;59897;26319;1;86217;33578;26319;59897;0,129487989;0,05689758;0,072590408;0,05689758;0,129487989;NA;NA
36;REGIONAL;15/03/2021;2021;11;ARS Alentejo;All;3686;7721;0;11407;63583;34040;1;97624;29543;34040;63583;0,137456547;0,07358918;0,063867367;0,07358918;0,137456547;NA;NA
37;REGIONAL;22/03/2021;2021;12;ARS Alentejo;All;11880;2098;0;13978;75463;36138;1;111602;39325;36138;75463;0,163139257;0,07812473;0,085014528;0,07812473;0,163139257;NA;NA
38;REGIONAL;29/03/2021;2021;13;ARS Alentejo;All;6144;6266;0;12410;81607;42404;1;124012;39203;42404;81607;0,176421629;0,091670846;0,084750783;0,091670846;0,176421629;NA;NA
39;REGIONAL;05/04/2021;2021;14;ARS Alentejo;All;14032;4291;0;18323;95639;46695;1;142335;48946;46695;95641;0,206756628;0,10094732;0,105813632;0,10094732;0,206760952;NA;NA
40;REGIONAL;12/04/2021;2021;15;ARS Alentejo;All;21844;2952;0;24796;117483;49647;1;167131;67838;49647;117485;0,253979955;0,107329085;0,146655194;0,107329085;0,253984279;NA;NA
41;REGIONAL;19/04/2021;2021;16;ARS Alentejo;All;11306;5943;2;17251;128789;55590;3;184382;73201;55590;128791;0,278421767;0,120176925;0,158249166;0,120176925;0,278426091;NA;NA
42;REGIONAL;26/04/2021;2021;17;ARS Alentejo;All;20155;2761;0;22916;148944;58351;3;207298;90596;58351;148947;0,321993739;0,126145777;0,195854447;0,126145777;0,322000225;NA;NA
43;REGIONAL;03/05/2021;2021;18;ARS Alentejo;All;13619;14285;1;27905;162563;72636;4;235203;93036;72636;165672;0,351435897;0,157027723;0,201129347;0,157027723;0,358157071;NA;NA
44;REGIONAL;10/05/2021;2021;19;ARS Alentejo;All;17406;15212;0;32618;179969;87848;4;267821;95736;87848;183584;0,389064959;0,189913699;0,206966327;0,189913699;0,396880026;NA;NA
45;REGIONAL;17/05/2021;2021;20;ARS Alentejo;All;13188;12173;1;25362;193157;100021;5;293183;100163;100021;200184;0,417575362;0,21622983;0,216536812;0,21622983;0,432766642;NA;NA
46;REGIONAL;24/05/2021;2021;21;ARS Alentejo;All;7155;18465;4;25624;200312;118486;9;318807;90982;118486;209468;0,433043358;0,256148285;0,196688919;0,256148285;0,452837204;NA;NA
47;REGIONAL;31/05/2021;2021;22;ARS Alentejo;All;17309;7240;0;24549;217621;125726;9;343356;101389;125726;227115;0,470462721;0,271800038;0,219187233;0,271800038;0,490987271;NA;NA
48;REGIONAL;07/06/2021;2021;23;ARS Alentejo;All;13714;15214;0;28928;231335;140940;9;372284;100520;140940;241460;0,500110254;0,304690337;0,21730859;0,304690337;0,521998928;NA;NA
49;REGIONAL;14/06/2021;2021;24;ARS Alentejo;All;10153;19137;1;29291;241488;160077;10;401575;93185;160077;253262;0,522059459;0,346061552;0,201451462;0,346061552;0,547513014;NA;NA
50;REGIONAL;21/06/2021;2021;25;ARS Alentejo;All;10185;12769;0;22954;251673;172846;10;424529;92012;172846;264858;0,544077844;0,373666142;0,198915619;0,373666142;0,572581761;NA;NA
51;REGIONAL;04/01/2021;2021;1;ARS Algarve;All;1241;0;0;1241;2296;0;0;2296;2296;0;2296;0,005242368;0;0,005242368;0;0,005242368;NA;NA
52;REGIONAL;11/01/2021;2021;2;ARS Algarve;All;1351;3;0;1354;3647;3;0;3650;3644;3;3647;0,008327054;6,85E-06;0,008320205;6,85E-06;0,008327054;NA;NA
53;REGIONAL;18/01/2021;2021;3;ARS Algarve;All;3389;945;0;4334;7036;948;0;7984;6088;948;7036;0,016065027;0,002164532;0,013900495;0,002164532;0,016065027;NA;NA
54;REGIONAL;25/01/2021;2021;4;ARS Algarve;All;2139;1223;0;3362;9175;2171;0;11346;7004;2171;9175;0,020948923;0,004956961;0,015991963;0,004956961;0,020948923;NA;NA
55;REGIONAL;01/02/2021;2021;5;ARS Algarve;All;1206;1242;0;2448;10381;3413;0;13794;6969;3413;10382;0,023702537;0,007792771;0,015912049;0,007792771;0,02370482;NA;NA
56;REGIONAL;08/02/2021;2021;6;ARS Algarve;All;2385;2899;1;5285;12766;6312;1;19079;6455;6312;12767;0,029148115;0,014411946;0,014738452;0,014411946;0,029150398;NA;NA
57;REGIONAL;15/02/2021;2021;7;ARS Algarve;All;3179;2115;0;5294;15945;8427;1;24373;7519;8427;15946;0,036406603;0,019241044;0,017167843;0,019241044;0,036408886;NA;NA
58;REGIONAL;22/02/2021;2021;8;ARS Algarve;All;8484;1065;0;9549;24429;9492;1;33922;14938;9492;24430;0,055777793;0,021672717;0,034107359;0,021672717;0,055780076;NA;NA
59;REGIONAL;01/03/2021;2021;9;ARS Algarve;All;4623;550;0;5173;29052;10042;1;39095;19011;10042;29053;0,066333311;0,022928511;0,043407083;0,022928511;0,066335594;NA;NA
60;REGIONAL;08/03/2021;2021;10;ARS Algarve;All;5085;1535;0;6620;34137;11577;1;45715;22561;11577;34138;0,077943695;0,026433317;0,051512661;0,026433317;0,077945978;NA;NA
61;REGIONAL;15/03/2021;2021;11;ARS Algarve;All;2667;2997;0;5664;36804;14574;1;51379;22231;14574;36805;0,084033153;0,033276252;0,050759184;0,033276252;0,084035436;NA;NA
62;REGIONAL;22/03/2021;2021;12;ARS Algarve;All;9393;4288;0;13681;46197;18862;1;65060;27336;18862;46198;0,105479827;0,043066877;0,062415234;0,043066877;0,105482111;NA;NA
63;REGIONAL;29/03/2021;2021;13;ARS Algarve;All;4208;2908;0;7116;50405;21770;1;72176;28636;21770;50406;0,115087791;0,049706601;0,065383474;0,049706601;0,115090075;NA;NA
64;REGIONAL;05/04/2021;2021;14;ARS Algarve;All;8632;1769;0;10401;59037;23539;1;82577;35500;23539;59039;0,134796904;0,05374569;0,08105578;0,05374569;0,13480147;NA;NA
65;REGIONAL;12/04/2021;2021;15;ARS Algarve;All;13607;2148;0;15755;72644;25687;1;98332;46959;25687;72646;0,165865242;0,058650136;0,107219673;0,058650136;0,165869808;NA;NA
66;REGIONAL;19/04/2021;2021;16;ARS Algarve;All;7195;5485;0;12680;79839;31172;1;111012;48669;31172;79841;0,182293308;0,071173825;0,11112405;0,071173825;0,182297874;NA;NA
67;REGIONAL;26/04/2021;2021;17;ARS Algarve;All;16329;3231;0;19560;96168;34403;1;130572;61769;34403;96172;0,219576683;0,078551042;0,141034774;0,078551042;0,219585816;NA;NA
68;REGIONAL;03/05/2021;2021;18;ARS Algarve;All;16463;8898;1;25362;112631;43301;2;155934;69881;43301;113182;0,257166016;0,098867502;0,159556591;0,098867502;0,258424093;NA;NA
69;REGIONAL;10/05/2021;2021;19;ARS Algarve;All;9677;11272;0;20949;122308;54573;2;176883;70244;54573;124817;0,279261137;0,124604425;0,160385415;0,124604425;0,284989839;NA;NA
70;REGIONAL;17/05/2021;2021;20;ARS Algarve;All;11965;10854;2;22821;134273;65427;4;199704;73882;65427;139309;0,306580359;0,149386944;0,16869192;0,149386944;0,318078864;NA;NA
71;REGIONAL;24/05/2021;2021;21;ARS Algarve;All;7545;18744;7;26296;141818;84171;11;226000;68462;84171;152633;0,323807567;0,192184396;0,156316643;0,192184396;0,348501039;NA;NA
72;REGIONAL;31/05/2021;2021;22;ARS Algarve;All;8094;12720;0;20814;149912;96891;11;246814;72349;96891;169240;0,342288285;0,221227481;0,16519168;0,221227481;0,386419161;NA;NA
73;REGIONAL;07/06/2021;2021;23;ARS Algarve;All;16979;6265;0;23244;166891;103156;11;270058;84412;103156;187568;0,38105578;0,235532114;0,192734662;0,235532114;0,428266776;NA;NA
74;REGIONAL;14/06/2021;2021;24;ARS Algarve;All;15276;13345;0;28621;182167;116501;11;298679;86556;116501;203057;0,415934881;0,266002238;0,197629975;0,266002238;0,463632212;NA;NA
75;REGIONAL;21/06/2021;2021;25;ARS Algarve;All;19290;10039;1;29330;201457;126540;12;328009;97108;126540;223648;0,459978994;0,288923899;0,221722949;0,288923899;0,510646848;NA;NA
76;REGIONAL;04/01/2021;2021;1;ARS Centro;All;8985;4;0;8989;15575;4;0;15579;15571;4;15575;0,009394522;2,41E-06;0,00939211;2,41E-06;0,009394522;NA;NA
77;REGIONAL;11/01/2021;2021;2;ARS Centro;All;12616;22;0;12638;28191;26;0;28217;28165;26;28191;0,017004236;1,57E-05;0,016988553;1,57E-05;0,017004236;NA;NA
78;REGIONAL;18/01/2021;2021;3;ARS Centro;All;36743;6291;2;43036;64934;6317;2;71253;58617;6317;64934;0,039166864;0,003810286;0,035356579;0,003810286;0,039166864;NA;NA
79;REGIONAL;25/01/2021;2021;4;ARS Centro;All;4849;8482;2;13333;69783;14799;4;84586;54984;14799;69783;0,042091682;0,008926455;0,033165227;0,008926455;0,042091682;NA;NA
80;REGIONAL;01/02/2021;2021;5;ARS Centro;All;2666;9148;0;11814;72449;23947;4;96400;48502;23947;72449;0,043699759;0,014444342;0,029255417;0,014444342;0,043699759;NA;NA
81;REGIONAL;08/02/2021;2021;6;ARS Centro;All;7483;27114;4;34601;79932;51061;8;131001;28871;51061;79932;0,048213352;0,030798954;0,017414398;0,030798954;0,048213352;NA;NA
82;REGIONAL;15/02/2021;2021;7;ARS Centro;All;25472;9967;3;35442;105404;61028;11;166443;44376;61028;105404;0,063577543;0,036810845;0,026766698;0,036810845;0,063577543;NA;NA
83;REGIONAL;22/02/2021;2021;8;ARS Centro;All;38334;3081;1;41416;143738;64109;12;207859;79629;64109;143738;0,086699829;0,038669241;0,048030588;0,038669241;0,086699829;NA;NA
84;REGIONAL;01/03/2021;2021;9;ARS Centro;All;28405;5889;1;34295;172143;69998;13;242154;102148;69998;172146;0,103833146;0,042221366;0,06161359;0,042221366;0,103834956;NA;NA
85;REGIONAL;08/03/2021;2021;10;ARS Centro;All;17512;13471;0;30983;189655;83469;13;273137;106190;83469;189659;0,114396027;0,050346798;0,064051642;0,050346798;0,11439844;NA;NA
86;REGIONAL;15/03/2021;2021;11;ARS Centro;All;16544;24098;2;40644;206199;107567;15;313781;98639;107567;206206;0,124375031;0,06488222;0,059497033;0,06488222;0,124379253;NA;NA
87;REGIONAL;22/03/2021;2021;12;ARS Centro;All;47723;4255;0;51978;253922;111822;15;365759;142109;111822;253931;0,153160571;0,067448749;0,08571725;0,067448749;0,153165999;NA;NA
88;REGIONAL;29/03/2021;2021;13;ARS Centro;All;24267;16644;2;40913;278189;128466;17;406672;149733;128466;278199;0,16779793;0,077488071;0,090315891;0,077488071;0,167803962;NA;NA
89;REGIONAL;05/04/2021;2021;14;ARS Centro;All;49779;10109;0;59888;327968;138575;17;466560;189407;138575;327982;0,197823607;0,083585613;0,114246439;0,083585613;0,197832052;NA;NA
90;REGIONAL;12/04/2021;2021;15;ARS Centro;All;77510;11922;1;89433;405478;150497;18;555993;254995;150497;405492;0,244576058;0,09077672;0,153807782;0,09077672;0,244584503;NA;NA
91;REGIONAL;19/04/2021;2021;16;ARS Centro;All;29928;24087;6;54021;435406;174584;24;610014;260836;174584;435420;0,262628017;0,105305507;0,157330954;0,105305507;0,262636462;NA;NA
92;REGIONAL;26/04/2021;2021;17;ARS Centro;All;56595;17843;0;74438;492001;192427;24;684452;300848;192427;493275;0,296764967;0,116068041;0,181465377;0,116068041;0,297533418;NA;NA
93;REGIONAL;03/05/2021;2021;18;ARS Centro;All;59888;49023;1;108912;551889;241450;25;793364;317555;241450;559005;0,332888187;0,145637715;0,191542698;0,145637715;0,337180413;NA;NA
94;REGIONAL;10/05/2021;2021;19;ARS Centro;All;50645;55554;0;106199;602534;297004;25;899563;318693;297004;615697;0,363436218;0,179146754;0,192229117;0,179146754;0,371375871;NA;NA
95;REGIONAL;17/05/2021;2021;20;ARS Centro;All;44826;41555;4;86385;647360;338559;29;985948;329708;338559;668267;0,390474346;0,204211883;0,19887314;0,204211883;0,403085022;NA;NA
96;REGIONAL;24/05/2021;2021;21;ARS Centro;All;24106;56172;10;80288;671466;394731;39;1066236;305970;394731;700701;0,405014594;0,238093687;0,184554863;0,238093687;0,42264855;NA;NA
97;REGIONAL;31/05/2021;2021;22;ARS Centro;All;44109;37557;2;81668;715575;432288;41;1147904;314870;432288;747158;0,431620243;0,260747303;0,189923161;0,260747303;0,450670464;NA;NA
98;REGIONAL;07/06/2021;2021;23;ARS Centro;All;58000;40613;0;98613;773575;472901;41;1246517;334006;472901;806907;0,46660466;0,285244236;0,201465606;0,285244236;0,486709842;NA;NA
99;REGIONAL;14/06/2021;2021;24;ARS Centro;All;51675;65489;10;117174;825250;538390;51;1363691;326030;538390;864420;0,497773966;0,324745865;0,196654645;0,324745865;0,521400511;NA;NA
100;REGIONAL;21/06/2021;2021;25;ARS Centro;All;59206;47424;3;106633;884456;585814;54;1470324;344051;585814;929865;0,533485817;0,353351055;0,207524545;0,353351055;0,5608756;NA;NA
101;REGIONAL;04/01/2021;2021;1;ARS Lisboa e Vale do Tejo;All;12638;4;0;12642;23309;4;0;23313;23305;4;23309;0,006327506;1,09E-06;0,00632642;1,09E-06;0,006327506;NA;NA
102;REGIONAL;11/01/2021;2021;2;ARS Lisboa e Vale do Tejo;All;13169;1100;0;14269;36478;1104;0;37582;35374;1104;36478;0,009902388;0,000299694;0,009602694;0,000299694;0,009902388;NA;NA
103;REGIONAL;18/01/2021;2021;3;ARS Lisboa e Vale do Tejo;All;37809;9039;0;46848;74287;10143;0;84430;64144;10143;74287;0,020166091;0,002753438;0,017412653;0,002753438;0,020166091;NA;NA
104;REGIONAL;25/01/2021;2021;4;ARS Lisboa e Vale do Tejo;All;17661;11411;0;29072;91948;21554;0;113502;70394;21554;91948;0,02496038;0,00585109;0,01910929;0,00585109;0,02496038;NA;NA
105;REGIONAL;01/02/2021;2021;5;ARS Lisboa e Vale do Tejo;All;8633;8915;1;17549;100581;30469;1;131051;70112;30469;100581;0,027303911;0,008271173;0,019032738;0,008271173;0,027303911;NA;NA
106;REGIONAL;08/02/2021;2021;6;ARS Lisboa e Vale do Tejo;All;14300;30374;0;44674;114881;60843;1;175725;54038;60843;114881;0,031185816;0,016516557;0,014669259;0,016516557;0,031185816;NA;NA
107;REGIONAL;15/02/2021;2021;7;ARS Lisboa e Vale do Tejo;All;32901;19016;2;51919;147782;79859;3;227644;67923;79859;147782;0,040117185;0,021678677;0,018438508;0,021678677;0,040117185;NA;NA
108;REGIONAL;22/02/2021;2021;8;ARS Lisboa e Vale do Tejo;All;49060;6663;0;55723;196842;86522;3;283367;110320;86522;196842;0,053435106;0,023487428;0,029947678;0,023487428;0,053435106;NA;NA
109;REGIONAL;01/03/2021;2021;9;ARS Lisboa e Vale do Tejo;All;44804;12750;1;57555;241646;99272;4;340922;142375;99272;241647;0,065597686;0,026948567;0,03864939;0,026948567;0,065597957;NA;NA
110;REGIONAL;08/03/2021;2021;10;ARS Lisboa e Vale do Tejo;All;33083;16466;2;49551;274729;115738;6;390473;158994;115738;274732;0,07457846;0,031418459;0,043160816;0,031418459;0,074579275;NA;NA
111;REGIONAL;15/03/2021;2021;11;ARS Lisboa e Vale do Tejo;All;25621;28866;1;54488;300350;144604;7;444961;155749;144604;300353;0,081533586;0,039254479;0,042279922;0,039254479;0,0815344;NA;NA
112;REGIONAL;22/03/2021;2021;12;ARS Lisboa e Vale do Tejo;All;88659;7423;2;96084;389009;152027;9;541045;236985;152027;389012;0,105601128;0,041269541;0,064332402;0,041269541;0,105601942;NA;NA
113;REGIONAL;29/03/2021;2021;13;ARS Lisboa e Vale do Tejo;All;45232;23675;5;68912;434241;175702;14;609957;258544;175702;434246;0,117879893;0,047696401;0,070184849;0,047696401;0,117881251;NA;NA
114;REGIONAL;05/04/2021;2021;14;ARS Lisboa e Vale do Tejo;All;86971;19372;1;106344;521212;195074;15;716301;326151;195074;521225;0,141489207;0,052955162;0,088537575;0,052955162;0,141492736;NA;NA
115;REGIONAL;12/04/2021;2021;15;ARS Lisboa e Vale do Tejo;All;162984;14068;0;177052;684196;209142;15;893353;475067;209142;684209;0,185733156;0,056774088;0,128962597;0,056774088;0,185736685;NA;NA
116;REGIONAL;19/04/2021;2021;16;ARS Lisboa e Vale do Tejo;All;78570;53382;4;131956;762766;262524;19;1025309;500256;262524;762780;0,207061919;0,071265268;0,135800452;0,071265268;0,207065719;NA;NA
117;REGIONAL;26/04/2021;2021;17;ARS Lisboa e Vale do Tejo;All;106917;25282;3;132202;869683;287806;22;1157511;581894;287806;869700;0,236085812;0,078128368;0,157962059;0,078128368;0,236090427;NA;NA
118;REGIONAL;03/05/2021;2021;18;ARS Lisboa e Vale do Tejo;All;106994;64632;5;171631;976677;352438;27;1329142;626911;352438;979349;0,265130608;0,095673494;0,17018246;0,095673494;0,265855955;NA;NA
119;REGIONAL;10/05/2021;2021;19;ARS Lisboa e Vale do Tejo;All;89645;112188;9;201842;1066322;464626;36;1530984;606927;464626;1071553;0,289465812;0,126128264;0,164757566;0,126128264;0,290885829;NA;NA
120;REGIONAL;17/05/2021;2021;20;ARS Lisboa e Vale do Tejo;All;109358;70427;5;179790;1175680;535053;41;1710774;648445;535053;1183498;0,319152344;0,145246512;0,176028121;0,145246512;0,321274633;NA;NA
121;REGIONAL;24/05/2021;2021;21;ARS Lisboa e Vale do Tejo;All;110151;87997;44;198192;1285831;623050;85;1908966;683538;623050;1306588;0,349054145;0,169134346;0,185554534;0,169134346;0,35468888;NA;NA
122;REGIONAL;31/05/2021;2021;22;ARS Lisboa e Vale do Tejo;All;91247;85936;13;177196;1377078;708986;98;2086162;709554;708986;1418540;0,373824231;0,192462697;0,192616887;0,192462697;0,385079584;NA;NA
123;REGIONAL;07/06/2021;2021;23;ARS Lisboa e Vale do Tejo;All;150614;53037;6;203657;1527692;762023;104;2289819;821643;762023;1583666;0,414710195;0,206860223;0,223044782;0,206860223;0,429905005;NA;NA
124;REGIONAL;14/06/2021;2021;24;ARS Lisboa e Vale do Tejo;All;146348;119972;8;266328;1674040;881995;112;2556147;856826;881995;1738821;0,454438104;0,239428051;0,232595627;0,239428051;0,472023678;NA;NA
125;REGIONAL;21/06/2021;2021;25;ARS Lisboa e Vale do Tejo;All;119002;152254;14;271270;1793042;1034249;126;2827417;837909;1034249;1872158;0,486742614;0,280759214;0,227460381;0,280759214;0,508219595;NA;NA
126;REGIONAL;04/01/2021;2021;1;ARS Norte;All;16488;2;0;16490;29750;3;0;29753;29747;3;29750;0,008356857;8,43E-07;0,008356014;8,43E-07;0,008356857;NA;NA
127;REGIONAL;11/01/2021;2021;2;ARS Norte;All;15098;21;0;15119;44848;24;0;44872;44824;24;44848;0,012597926;6,74E-06;0,012591185;6,74E-06;0,012597926;NA;NA
128;REGIONAL;18/01/2021;2021;3;ARS Norte;All;31924;12679;1;44604;76772;12703;1;89476;64069;12703;76772;0,021565465;0,003568308;0,017997158;0,003568308;0,021565465;NA;NA
129;REGIONAL;25/01/2021;2021;4;ARS Norte;All;14395;15425;1;29821;91167;28128;2;119297;63039;28128;91167;0,02560906;0,007901232;0,017707828;0,007901232;0,02560906;NA;NA
130;REGIONAL;01/02/2021;2021;5;ARS Norte;All;5476;12179;0;17655;96643;40307;2;136952;56336;40307;96643;0,027147284;0,011322347;0,015824937;0,011322347;0,027147284;NA;NA
131;REGIONAL;08/02/2021;2021;6;ARS Norte;All;8693;28610;6;37309;105336;68917;8;174261;36419;68917;105336;0,029589171;0,019358974;0,010230197;0,019358974;0,029589171;NA;NA
132;REGIONAL;15/02/2021;2021;7;ARS Norte;All;32882;15030;3;47915;138218;83947;11;222176;54271;83947;138218;0,038825815;0,023580943;0,015244873;0,023580943;0,038825815;NA;NA
133;REGIONAL;22/02/2021;2021;8;ARS Norte;All;64613;4230;1;68844;202831;88177;12;291020;114654;88177;202831;0,056975784;0,024769161;0,032206623;0,024769161;0,056975784;NA;NA
134;REGIONAL;01/03/2021;2021;9;ARS Norte;All;47754;6958;0;54712;250585;95135;12;345732;155451;95135;250586;0,070390014;0,026723682;0,043666612;0,026723682;0,070390295;NA;NA
135;REGIONAL;08/03/2021;2021;10;ARS Norte;All;25268;13911;0;39179;275853;109046;12;384911;166809;109046;275855;0,077487864;0,03063132;0,046857106;0,03063132;0,077488426;NA;NA
136;REGIONAL;15/03/2021;2021;11;ARS Norte;All;26589;42169;4;68762;302442;151215;16;453673;151229;151215;302444;0,084956787;0,042476708;0,042480641;0,042476708;0,084957349;NA;NA
137;REGIONAL;22/03/2021;2021;12;ARS Norte;All;88684;2166;1;90851;391126;153381;17;544524;237750;153381;391131;0,109868366;0,043085144;0,066784627;0,043085144;0,109869771;NA;NA
138;REGIONAL;29/03/2021;2021;13;ARS Norte;All;53834;32493;1;86328;444960;185874;18;630852;259096;185874;444970;0,124990484;0,052212516;0,072780777;0,052212516;0,124993293;NA;NA
139;REGIONAL;05/04/2021;2021;14;ARS Norte;All;82081;13458;3;95542;527041;199332;21;726394;327725;199332;527057;0,148047262;0,055992906;0,092058851;0,055992906;0,148051757;NA;NA
140;REGIONAL;12/04/2021;2021;15;ARS Norte;All;135331;19003;1;154335;662372;218335;22;880729;444053;218335;662388;0,186062112;0,0613309;0,124735706;0,0613309;0,186066606;NA;NA
141;REGIONAL;19/04/2021;2021;16;ARS Norte;All;64574;46239;0;110813;726946;264574;22;991542;462388;264574;726962;0,204201125;0,074319562;0,129886057;0,074319562;0,20420562;NA;NA
142;REGIONAL;26/04/2021;2021;17;ARS Norte;All;125861;36509;0;162370;852807;301083;22;1153912;551743;301083;852826;0,239555825;0,08457504;0,154986122;0,08457504;0,239561162;NA;NA
143;REGIONAL;03/05/2021;2021;18;ARS Norte;All;154560;72763;3;227326;1007367;373846;25;1381238;633698;373846;1007544;0,282972153;0,105014367;0,178007506;0,105014367;0,283021873;NA;NA
144;REGIONAL;10/05/2021;2021;19;ARS Norte;All;99129;100384;7;199520;1106496;474230;32;1580758;639109;474230;1113339;0,310817761;0,133212508;0,179527471;0,133212508;0,312739979;NA;NA
145;REGIONAL;17/05/2021;2021;20;ARS Norte;All;110074;70479;6;180559;1216570;544709;38;1761317;686262;544709;1230971;0,34173785;0,153010252;0,192772878;0,153010252;0,34578313;NA;NA
146;REGIONAL;24/05/2021;2021;21;ARS Norte;All;72421;128039;18;200478;1288991;672748;56;1961795;650648;672748;1323396;0,362081107;0,188976758;0,182768808;0,188976758;0,371745566;NA;NA
147;REGIONAL;31/05/2021;2021;22;ARS Norte;All;54254;171419;34;225707;1343245;844167;90;2187502;557559;844167;1401726;0,377321205;0,237128826;0,156619852;0,237128826;0,393748678;NA;NA
148;REGIONAL;07/06/2021;2021;23;ARS Norte;All;105276;105444;12;210732;1448521;949611;102;2398234;564940;949611;1514551;0,406893522;0,266748334;0,158693195;0,266748334;0,42544153;NA;NA
149;REGIONAL;14/06/2021;2021;24;ARS Norte;All;103254;150661;9;253924;1551775;1100272;111;2652158;532592;1100272;1632864;0,435897854;0,309069423;0,149606554;0,309069423;0,458675976;NA;NA
150;REGIONAL;21/06/2021;2021;25;ARS Norte;All;144330;103814;7;248151;1696105;1204086;118;2900309;589024;1204086;1793110;0,476440547;0,33823106;0,165458457;0,33823106;0,503689517;NA;NA
151;REGIONAL;04/01/2021;2021;1;RA_Madeira;All;1725;0;0;1725;2365;0;0;2365;2365;0;2365;0,009313847;0;0,009313847;0;0,009313847;NA;NA
152;REGIONAL;11/01/2021;2021;2;RA_Madeira;All;1760;0;0;1760;4125;0;0;4125;4125;0;4125;0,016245082;0;0,016245082;0;0,016245082;NA;NA
153;REGIONAL;18/01/2021;2021;3;RA_Madeira;All;1081;538;0;1619;5206;538;0;5744;4668;538;5206;0,020502278;0,002118753;0,018383526;0,002118753;0,020502278;NA;NA
154;REGIONAL;25/01/2021;2021;4;RA_Madeira;All;408;1632;0;2040;5614;2170;0;7784;3444;2170;5614;0,022109065;0,008545898;0,013563167;0,008545898;0,022109065;NA;NA
155;REGIONAL;01/02/2021;2021;5;RA_Madeira;All;2233;1521;0;3754;7847;3691;0;11538;4156;3691;7847;0,030903069;0,014535903;0,016367166;0,014535903;0,030903069;NA;NA
156;REGIONAL;08/02/2021;2021;6;RA_Madeira;All;3163;1088;0;4251;11010;4779;0;15789;6231;4779;11010;0,043359601;0,018820666;0,024538935;0,018820666;0,043359601;NA;NA
157;REGIONAL;15/02/2021;2021;7;RA_Madeira;All;2496;639;0;3135;13506;5418;0;18924;8088;5418;13506;0,053189353;0,021337177;0,031852176;0,021337177;0,053189353;NA;NA
158;REGIONAL;22/02/2021;2021;8;RA_Madeira;All;2257;2156;0;4413;15763;7574;0;23337;8189;7574;15763;0,062077874;0,02982794;0,032249934;0,02982794;0,062077874;NA;NA
159;REGIONAL;01/03/2021;2021;9;RA_Madeira;All;1434;3117;0;4551;17197;10691;0;27888;6506;10691;17197;0,067725255;0,042103315;0,025621941;0,042103315;0,067725255;NA;NA
160;REGIONAL;08/03/2021;2021;10;RA_Madeira;All;4894;2399;0;7293;22091;13090;0;35181;9001;13090;22091;0,086998815;0,051551061;0,035447754;0,051551061;0,086998815;NA;NA
161;REGIONAL;15/03/2021;2021;11;RA_Madeira;All;3113;2350;0;5463;25204;15440;0;40644;9764;15440;25204;0,099258437;0,060805835;0,038452602;0,060805835;0,099258437;NA;NA
162;REGIONAL;22/03/2021;2021;12;RA_Madeira;All;5288;182;0;5470;30492;15622;0;46114;14870;15622;30492;0,120083647;0,061522588;0,05856106;0,061522588;0,120083647;NA;NA
163;REGIONAL;29/03/2021;2021;13;RA_Madeira;All;1206;1262;0;2468;31698;16884;0;48582;14814;16884;31698;0,124833119;0,066492598;0,058340521;0,066492598;0,124833119;NA;NA
164;REGIONAL;05/04/2021;2021;14;RA_Madeira;All;10219;1302;0;11521;41917;18186;0;60103;23731;18186;41917;0,165077602;0,071620137;0,093457465;0,071620137;0,165077602;NA;NA
165;REGIONAL;12/04/2021;2021;15;RA_Madeira;All;8433;1302;0;9735;50350;19488;0;69838;30862;19488;50350;0,198288458;0,076747675;0,121540782;0,076747675;0,198288458;NA;NA
166;REGIONAL;19/04/2021;2021;16;RA_Madeira;All;9821;2129;0;11950;60171;21617;0;81788;38554;21617;60171;0,236965537;0,085132107;0,15183343;0,085132107;0,236965537;NA;NA
167;REGIONAL;26/04/2021;2021;17;RA_Madeira;All;8826;804;0;9630;68997;22421;0;91418;46576;22421;68997;0,271724105;0,088298421;0,183425684;0,088298421;0,271724105;NA;NA
168;REGIONAL;03/05/2021;2021;18;RA_Madeira;All;7611;5288;0;12899;76608;27709;0;104317;48899;27709;76608;0,301697759;0,109123632;0,192574127;0,109123632;0,301697759;NA;NA
169;REGIONAL;10/05/2021;2021;19;RA_Madeira;All;11601;6434;0;18035;88209;34143;0;122352;54066;34143;88209;0,347384837;0,134462022;0,212922815;0,134462022;0,347384837;NA;NA
170;REGIONAL;17/05/2021;2021;20;RA_Madeira;All;2337;7614;0;9951;90546;41757;0;132303;48789;41757;90546;0,356588415;0,16444749;0,192140925;0,16444749;0,356588415;NA;NA
171;REGIONAL;24/05/2021;2021;21;RA_Madeira;All;3447;8975;0;12422;93993;50732;0;144725;43261;50732;93993;0,370163396;0,199792851;0,170370545;0,199792851;0,370163396;NA;NA
172;REGIONAL;31/05/2021;2021;22;RA_Madeira;All;7557;10935;0;18492;101550;61667;0;163217;40193;61667;101860;0,399924387;0,242857087;0,158288142;0,242857087;0,401145229;NA;NA
173;REGIONAL;07/06/2021;2021;23;RA_Madeira;All;3593;15298;0;18891;105143;76965;0;182108;30586;76965;107551;0,414074345;0,303103697;0,120453838;0,303103697;0,423557535;NA;NA
174;REGIONAL;14/06/2021;2021;24;RA_Madeira;All;3499;8098;0;11597;108642;85063;0;193705;28507;85063;113570;0,427854113;0,334995254;0,112266317;0,334995254;0,447261571;NA;NA
175;REGIONAL;21/06/2021;2021;25;RA_Madeira;All;12544;3656;0;16200;121186;88719;0;209905;37505;88719;126224;0,477254916;0,34939332;0,147702256;0,34939332;0,497095576;NA;NA
176;REGIONAL;04/01/2021;2021;1;RA_Acores;All;3499;2;0;3501;5433;2;0;5435;5431;2;5433;0,022431782;8,26E-06;0,022423524;8,26E-06;0,022431782;NA;NA
177;REGIONAL;11/01/2021;2021;2;RA_Acores;All;1;0;0;1;5434;2;0;5436;5432;2;5434;0,022435911;8,26E-06;0,022427653;8,26E-06;0,022435911;NA;NA
178;REGIONAL;18/01/2021;2021;3;RA_Acores;All;24;1884;0;1908;5458;1886;0;7344;3572;1886;5458;0,022535002;0,007786921;0,014748081;0,007786921;0,022535002;NA;NA
179;REGIONAL;25/01/2021;2021;4;RA_Acores;All;273;3435;0;3708;5731;5321;0;11052;410;5321;5731;0,023662165;0,021969356;0,001692809;0,021969356;0,023662165;NA;NA
180;REGIONAL;01/02/2021;2021;5;RA_Acores;All;1861;17;0;1878;7592;5338;0;12930;2254;5338;7592;0,031345866;0,022039546;0,00930632;0,022039546;0,031345866;NA;NA
181;REGIONAL;08/02/2021;2021;6;RA_Acores;All;1052;1;0;1053;8644;5339;0;13983;3305;5339;8644;0,035689365;0,022043674;0,013645691;0,022043674;0,035689365;NA;NA
182;REGIONAL;15/02/2021;2021;7;RA_Acores;All;2057;323;0;2380;10701;5662;0;16363;5039;5662;10701;0,044182311;0,023377278;0,020805034;0,023377278;0,044182311;NA;NA
183;REGIONAL;22/02/2021;2021;8;RA_Acores;All;1467;1617;0;3084;12168;7279;0;19447;4889;7279;12168;0,050239264;0,030053551;0,020185714;0,030053551;0,050239264;NA;NA
184;REGIONAL;01/03/2021;2021;9;RA_Acores;All;754;1162;0;1916;12922;8441;0;21363;4481;8441;12922;0,053352381;0,034851219;0,018501162;0,034851219;0,053352381;NA;NA
185;REGIONAL;08/03/2021;2021;10;RA_Acores;All;2615;2052;0;4667;15537;10493;0;26030;5044;10493;15537;0,064149198;0,043323521;0,020825678;0,043323521;0,064149198;NA;NA
186;REGIONAL;15/03/2021;2021;11;RA_Acores;All;2523;1438;0;3961;18060;11931;0;29991;6129;11931;18060;0,074566166;0,049260738;0,025305428;0,049260738;0,074566166;NA;NA
187;REGIONAL;22/03/2021;2021;12;RA_Acores;All;4113;726;0;4839;22173;12657;0;34830;9516;12657;22173;0,091547929;0,052258248;0,039289681;0,052258248;0,091547929;NA;NA
188;REGIONAL;29/03/2021;2021;13;RA_Acores;All;1966;758;0;2724;24139;13415;0;37554;10724;13415;24139;0,099665154;0,05538788;0,044277274;0,05538788;0,099665154;NA;NA
189;REGIONAL;05/04/2021;2021;14;RA_Acores;All;3873;2345;0;6218;28012;15760;0;43772;12252;15760;28012;0,115656005;0,065069921;0,050586083;0,065069921;0,115656005;NA;NA
190;REGIONAL;12/04/2021;2021;15;RA_Acores;All;4227;2404;0;6631;32239;18164;0;50403;14075;18164;32239;0,133108451;0,074995562;0,05811289;0,074995562;0,133108451;NA;NA
191;REGIONAL;19/04/2021;2021;16;RA_Acores;All;7970;1059;0;9029;40209;19223;0;59432;20986;19223;40209;0,166015004;0,079367963;0,086647041;0,079367963;0,166015004;NA;NA
192;REGIONAL;26/04/2021;2021;17;RA_Acores;All;9250;2949;2;12201;49459;22172;2;71633;27287;22172;49459;0,204206424;0,0915438;0,112662623;0,0915438;0,204206424;NA;NA
193;REGIONAL;03/05/2021;2021;18;RA_Acores;All;9754;2825;0;12579;59213;24997;2;84212;34216;24997;59213;0,244478759;0,103207666;0,141271093;0,103207666;0,244478759;NA;NA
194;REGIONAL;10/05/2021;2021;19;RA_Acores;All;9447;2302;1;11750;68660;27299;3;95962;41361;27299;68660;0,283483553;0,112712169;0,170771384;0,112712169;0,283483553;NA;NA
195;REGIONAL;17/05/2021;2021;20;RA_Acores;All;11229;4968;0;16197;79889;32267;3;112159;47622;32267;79889;0,329845872;0,133224058;0,196621814;0,133224058;0,329845872;NA;NA
196;REGIONAL;24/05/2021;2021;21;RA_Acores;All;5377;8108;1;13486;85266;40375;4;125645;44891;40375;85266;0,352046441;0,166700385;0,185346056;0,166700385;0,352046441;NA;NA
197;REGIONAL;31/05/2021;2021;22;RA_Acores;All;5441;9387;2;14830;90707;49761;7;140475;40948;49761;90709;0,374511253;0,205453322;0,169066189;0,205453322;0,374519511;NA;NA
198;REGIONAL;07/06/2021;2021;23;RA_Acores;All;7164;10744;1;17909;97871;60505;8;158384;37368;60505;97873;0,404089991;0,249813172;0,154285077;0,249813172;0,404098249;NA;NA
199;REGIONAL;14/06/2021;2021;24;RA_Acores;All;9002;6592;2;15596;106873;67097;10;173980;40145;67097;107242;0,441257468;0,277030235;0,165750761;0,277030235;0,442780996;NA;NA
200;REGIONAL;21/06/2021;2021;25;RA_Acores;All;5467;9442;0;14909;112340;76537;12;188889;38975;76537;115512;0,463829629;0,316006127;0,160920062;0,316006127;0,476926189;NA;NA
201;AGES;04/01/2021;2021;1;All;0-17 anos;4;0;0;4;4;0;0;4;4;0;4;2,35E-06;0;2,35E-06;0;2,35E-06;NA;NA
202;AGES;04/01/2021;2021;1;All;18-24 anos;1789;1;0;1790;3190;1;0;3191;3189;1;3190;0,004083592;1,28E-06;0,004082312;1,28E-06;0,004083592;NA;NA
203;AGES;04/01/2021;2021;1;All;25-49 anos;27554;5;0;27559;52337;7;0;52344;52330;7;52337;0,015709453;2,10E-06;0,015707352;2,10E-06;0,015709453;NA;NA
204;AGES;04/01/2021;2021;1;All;50-64 anos;12983;4;0;12987;22576;4;0;22580;22572;4;22576;0,01038368;1,84E-06;0,01038184;1,84E-06;0,01038368;NA;NA
205;AGES;04/01/2021;2021;1;All;65-79 anos;2306;1;0;2307;3433;1;0;3434;3432;1;3433;0,002108647;6,14E-07;0,002108033;6,14E-07;0,002108647;NA;NA
206;AGES;04/01/2021;2021;1;All;80 ou mais anos;3794;2;0;3796;4319;2;0;4321;4317;2;4319;0,006336654;2,93E-06;0,00633372;2,93E-06;0,006336654;NA;NA
207;AGES;04/01/2021;2021;1;All;Desconhecido;1;0;0;1;1;0;0;1;1;0;1;NA;NA;NA;NA;NA;NA;NA
208;AGES;11/01/2021;2021;2;All;0-17 anos;15;0;0;15;19;0;0;19;19;0;19;1,12E-05;0;1,12E-05;0;1,12E-05;NA;NA
209;AGES;11/01/2021;2021;2;All;18-24 anos;1405;55;0;1460;4595;56;0;4651;4539;56;4595;0,005882165;7,17E-05;0,005810478;7,17E-05;0,005882165;NA;NA
210;AGES;11/01/2021;2021;2;All;25-49 anos;16409;779;0;17188;68746;786;0;69532;67960;786;68746;0,020634772;0,000235925;0,020398846;0,000235925;0,020634772;NA;NA
211;AGES;11/01/2021;2021;2;All;50-64 anos;11663;301;0;11964;34239;305;0;34544;33934;305;34239;0,015747999;0,000140283;0,015607716;0,000140283;0,015747999;NA;NA
212;AGES;11/01/2021;2021;2;All;65-79 anos;5514;27;0;5541;8947;28;0;8975;8919;28;8947;0,005495504;1,72E-05;0,005478306;1,72E-05;0,005495504;NA;NA
213;AGES;11/01/2021;2021;2;All;80 ou mais anos;14474;0;0;14474;18793;2;0;18795;18791;2;18793;0,027572294;2,93E-06;0,02756936;2,93E-06;0,027572294;NA;NA
214;AGES;11/01/2021;2021;2;All;Desconhecido;0;0;0;0;1;0;0;1;1;0;1;NA;NA;NA;NA;NA;NA;NA
215;AGES;18/01/2021;2021;3;All;0-17 anos;69;0;0;69;88;0;0;88;88;0;88;5,17E-05;0;5,17E-05;0;5,17E-05;NA;NA
216;AGES;18/01/2021;2021;3;All;18-24 anos;3815;1193;0;5008;8410;1249;0;9659;7161;1249;8410;0,010765834;0,001598873;0,00916696;0,001598873;0,010765834;NA;NA
217;AGES;18/01/2021;2021;3;All;25-49 anos;37342;21755;2;59099;106088;22541;2;128631;83547;22541;106088;0,031843331;0,006765897;0,025077434;0,006765897;0,031843331;NA;NA
218;AGES;18/01/2021;2021;3;All;50-64 anos;27349;8536;1;35886;61588;8841;1;70430;52747;8841;61588;0,028326988;0,004066359;0,02426063;0,004066359;0,028326988;NA;NA
219;AGES;18/01/2021;2021;3;All;65-79 anos;14023;907;0;14930;22970;935;0;23905;22035;935;22970;0,014108834;0,000574304;0,01353453;0,000574304;0,014108834;NA;NA
220;AGES;18/01/2021;2021;3;All;80 ou mais anos;38989;259;0;39248;57782;261;0;58043;57521;261;57782;0,084775305;0,000382928;0,084392377;0,000382928;0,084775305;NA;NA
221;AGES;18/01/2021;2021;3;All;Desconhecido;0;0;0;0;1;0;0;1;1;0;1;NA;NA;NA;NA;NA;NA;NA
222;AGES;25/01/2021;2021;4;All;0-17 anos;14;3;0;17;102;3;0;105;99;3;102;5,99E-05;1,76E-06;5,82E-05;1,76E-06;5,99E-05;NA;NA
223;AGES;25/01/2021;2021;4;All;18-24 anos;1421;1575;0;2996;9831;2824;0;12655;7007;2824;9831;0,012584888;0,003615067;0,008969821;0,003615067;0,012584888;NA;NA
224;AGES;25/01/2021;2021;4;All;25-49 anos;15994;25720;4;41718;122082;48261;6;170349;73821;48261;122082;0,036644084;0,014486002;0,022158081;0,014486002;0,036644084;NA;NA
225;AGES;25/01/2021;2021;4;All;50-64 anos;10919;12176;0;23095;72507;21017;1;93525;51490;21017;72507;0,033349109;0,009666628;0,023682481;0,009666628;0,033349109;NA;NA
226;AGES;25/01/2021;2021;4;All;65-79 anos;6455;2134;0;8589;29425;3069;0;32494;26356;3069;29425;0,01807368;0,001885068;0,016188612;0,001885068;0,01807368;NA;NA
227;AGES;25/01/2021;2021;4;All;80 ou mais anos;7355;3391;0;10746;65137;3652;0;68789;61485;3652;65137;0,09556625;0,00535806;0,09020819;0,00535806;0,09556625;NA;NA
228;AGES;25/01/2021;2021;4;All;Desconhecido;0;0;0;0;1;0;0;1;1;0;1;NA;NA;NA;NA;NA;NA;NA
229;AGES;01/02/2021;2021;5;All;0-17 anos;34;1;0;35;136;4;0;140;132;4;136;7,99E-05;2,35E-06;7,76E-05;2,35E-06;7,99E-05;NA;NA
230;AGES;01/02/2021;2021;5;All;18-24 anos;981;938;0;1919;10812;3762;0;14574;7050;3762;10812;0,013840689;0,004815822;0,009024866;0,004815822;0,013840689;NA;NA
231;AGES;01/02/2021;2021;5;All;25-49 anos;9987;12553;0;22540;132069;60814;6;192889;71255;60814;132069;0,039641778;0,018253906;0,021387872;0,018253906;0,039641778;NA;NA
232;AGES;01/02/2021;2021;5;All;50-64 anos;5498;9198;1;14697;78005;30215;2;108222;47790;30215;78005;0,035877878;0,013897187;0,021980691;0,013897187;0,035877878;NA;NA
233;AGES;01/02/2021;2021;5;All;65-79 anos;2667;4158;0;6825;32092;7227;0;39319;24866;7227;32093;0,019711828;0,004439031;0,015273412;0,004439031;0,019712443;NA;NA
234;AGES;01/02/2021;2021;5;All;80 ou mais anos;4516;10639;0;15155;69653;14291;0;83944;55362;14291;69653;0,102191934;0,02096715;0,081224783;0,02096715;0,102191934;NA;NA
235;AGES;01/02/2021;2021;5;All;Desconhecido;0;0;0;0;1;0;0;1;1;0;1;NA;NA;NA;NA;NA;NA;NA
236;AGES;08/02/2021;2021;6;All;0-17 anos;37;67;0;104;173;71;0;244;102;71;173;0,000101664;4,17E-05;5,99E-05;4,17E-05;0,000101664;NA;NA
237;AGES;08/02/2021;2021;6;All;18-24 anos;1455;3050;0;4505;12267;6812;0;19079;5455;6812;12267;0,015703268;0,008720197;0,00698307;0,008720197;0,015703268;NA;NA
238;AGES;08/02/2021;2021;6;All;25-49 anos;13762;30767;5;44534;145831;91581;11;237423;54250;91581;145831;0,043772574;0,027488916;0,016283658;0,027488916;0,043772574;NA;NA
239;AGES;08/02/2021;2021;6;All;50-64 anos;6811;22180;2;28993;84816;52395;4;137215;32421;52395;84816;0,039010552;0,02409873;0,014911822;0,02409873;0,039010552;NA;NA
240;AGES;08/02/2021;2021;6;All;65-79 anos;3674;11461;3;15138;35766;18688;3;54457;17079;18688;35767;0,021968505;0,011478707;0,010490413;0,011478707;0,021969119;NA;NA
241;AGES;08/02/2021;2021;6;All;80 ou mais anos;14855;31506;2;46363;84508;45797;2;130307;38711;45797;84508;0,123986561;0,06719142;0,056795141;0,06719142;0,123986561;NA;NA
242;AGES;08/02/2021;2021;6;All;Desconhecido;0;0;0;0;1;0;0;1;1;0;1;NA;NA;NA;NA;NA;NA;NA
243;AGES;15/02/2021;2021;7;All;0-17 anos;30;16;0;46;203;87;0;290;116;87;203;0,000119293;5,11E-05;6,82E-05;5,11E-05;0,000119293;NA;NA
244;AGES;15/02/2021;2021;7;All;18-24 anos;2316;1734;0;4050;14583;8546;0;23129;6037;8546;14583;0,018668032;0,01093993;0,007728102;0,01093993;0,018668032;NA;NA
245;AGES;15/02/2021;2021;7;All;25-49 anos;22237;18952;4;41193;168068;110533;15;278616;57535;110533;168068;0,050447223;0,03317754;0,017269682;0,03317754;0,050447223;NA;NA
246;AGES;15/02/2021;2021;7;All;50-64 anos;25027;12906;1;37934;109843;65301;5;175149;44542;65301;109843;0,050521553;0,030034758;0,020486795;0,030034758;0,050521553;NA;NA
247;AGES;15/02/2021;2021;7;All;65-79 anos;5016;7188;2;12206;40782;25876;5;66663;14907;25876;40783;0,025049476;0,015893783;0,009156308;0,015893783;0,02505009;NA;NA
248;AGES;15/02/2021;2021;7;All;80 ou mais anos;48664;9237;2;57903;133172;55034;4;188210;78138;55034;133172;0,195384322;0,080743556;0,114640766;0,080743556;0,195384322;NA;NA
249;AGES;15/02/2021;2021;7;All;Desconhecido;0;0;0;0;1;0;0;1;1;0;1;NA;NA;NA;NA;NA;NA;NA
250;AGES;22/02/2021;2021;8;All;0-17 anos;21;32;0;53;224;119;0;343;105;119;224;0,000131634;6,99E-05;6,17E-05;6,99E-05;0,000131634;NA;NA
251;AGES;22/02/2021;2021;8;All;18-24 anos;1267;705;0;1972;15850;9251;0;25101;6599;9251;15850;0,020289948;0,011842417;0,008447531;0,011842417;0,020289948;NA;NA
252;AGES;22/02/2021;2021;8;All;25-49 anos;11292;7330;1;18623;179360;117863;16;297239;61497;117863;179360;0,053836625;0,03537771;0,018458915;0,03537771;0,053836625;NA;NA
253;AGES;22/02/2021;2021;8;All;50-64 anos;49676;4946;1;54623;159519;70247;6;229772;89272;70247;159519;0,073369696;0,032309638;0,041060059;0,032309638;0,073369696;NA;NA
254;AGES;22/02/2021;2021;8;All;65-79 anos;11568;2406;0;13974;52350;28282;5;80637;24069;28282;52351;0,032154874;0,017371617;0,014783871;0,017371617;0,032155488;NA;NA
255;AGES;22/02/2021;2021;8;All;80 ou mais anos;102578;5185;0;107763;235750;60219;4;295973;175531;60219;235750;0,345882422;0,088350768;0,257531654;0,088350768;0,345882422;NA;NA
256;AGES;22/02/2021;2021;8;All;Desconhecido;0;0;0;0;1;0;0;1;1;0;1;NA;NA;NA;NA;NA;NA;NA
257;AGES;01/03/2021;2021;9;All;0-17 anos;8;28;0;36;232;147;0;379;85;147;232;0,000136335;8,64E-05;5,00E-05;8,64E-05;0,000136335;NA;NA
258;AGES;01/03/2021;2021;9;All;18-24 anos;886;1022;0;1908;16736;10273;0;27009;6464;10273;16737;0,021424137;0,013150702;0,008274714;0,013150702;0,021425417;NA;NA
259;AGES;01/03/2021;2021;9;All;25-49 anos;7238;9915;0;17153;186598;127778;16;314392;58822;127778;186600;0,05600918;0,038353793;0,017655988;0,038353793;0,05600978;NA;NA
260;AGES;01/03/2021;2021;9;All;50-64 anos;29929;5932;1;35862;189448;76179;7;265634;113270;76179;189449;0,08713534;0,035038021;0,052097778;0,035038021;0,0871358;NA;NA
261;AGES;01/03/2021;2021;9;All;65-79 anos;13069;3758;0;16827;65419;32040;5;97464;33381;32040;65421;0,040182229;0,019679889;0,020503569;0,019679889;0,040183458;NA;NA
262;AGES;01/03/2021;2021;9;All;80 ou mais anos;87180;12759;1;99940;322930;72978;5;395913;249952;72978;322930;0,473789228;0,107070233;0,366718995;0,107070233;0,473789228;NA;NA
263;AGES;01/03/2021;2021;9;All;Desconhecido;0;0;0;0;1;0;0;1;1;0;1;NA;NA;NA;NA;NA;NA;NA
264;AGES;08/03/2021;2021;10;All;0-17 anos;12;24;0;36;244;171;0;415;73;171;244;0,000143387;0,000100489;4,29E-05;0,000100489;0,000143387;NA;NA
265;AGES;08/03/2021;2021;10;All;18-24 anos;1334;633;0;1967;18070;10906;0;28976;7167;10906;18073;0,023131821;0,01396102;0,009174641;0,01396102;0,023135661;NA;NA
266;AGES;08/03/2021;2021;10;All;25-49 anos;15941;5984;0;21925;202539;133762;16;336317;68781;133762;202543;0,060794024;0,040149948;0,020645277;0,040149948;0,060795225;NA;NA
267;AGES;08/03/2021;2021;10;All;50-64 anos;21820;4203;0;26023;211268;80382;7;291657;130887;80382;211269;0,097171303;0,036971163;0,0602006;0,036971163;0,097171763;NA;NA
268;AGES;08/03/2021;2021;10;All;65-79 anos;15527;3472;0;18999;80946;35512;5;116463;45436;35512;80948;0,049719359;0,021812491;0,027908097;0,021812491;0,049720587;NA;NA
269;AGES;08/03/2021;2021;10;All;80 ou mais anos;40117;37298;2;77417;363047;110276;7;473330;252771;110276;363047;0,532647193;0,16179228;0,370854913;0,16179228;0,532647193;NA;NA
270;AGES;08/03/2021;2021;10;All;Desconhecido;0;0;0;0;1;0;0;1;1;0;1;NA;NA;NA;NA;NA;NA;NA
271;AGES;15/03/2021;2021;11;All;0-17 anos;1;23;0;24;245;194;0;439;51;194;245;0,000143975;0,000114005;3,00E-05;0,000114005;0,000143975;NA;NA
272;AGES;15/03/2021;2021;11;All;18-24 anos;238;375;1;614;18308;11281;1;29590;7030;11281;18311;0,02343649;0,014441066;0,008999264;0,014441066;0,02344033;NA;NA
273;AGES;15/03/2021;2021;11;All;25-49 anos;4209;2972;0;7181;206748;136734;16;343498;70018;136734;206752;0,062057396;0,041042022;0,021016575;0,041042022;0,062058597;NA;NA
274;AGES;15/03/2021;2021;11;All;50-64 anos;4113;2242;0;6355;215381;82624;7;298012;132760;82624;215384;0,099063049;0,038002356;0,061062073;0,038002356;0,099064429;NA;NA
275;AGES;15/03/2021;2021;11;All;65-79 anos;17973;6752;2;24727;98919;42264;7;141190;56658;42264;98922;0,060758892;0,025959763;0,034800971;0,025959763;0,060760735;NA;NA
276;AGES;15/03/2021;2021;11;All;80 ou mais anos;54384;97384;4;151772;417431;207660;11;625102;209771;207660;417431;0,612437096;0,304669963;0,307767133;0,304669963;0,612437096;NA;NA
277;AGES;15/03/2021;2021;11;All;Desconhecido;0;0;0;0;1;0;0;1;1;0;1;NA;NA;NA;NA;NA;NA;NA
278;AGES;22/03/2021;2021;12;All;0-17 anos;25;7;0;32;270;201;0;471;69;201;270;0,000158666;0,000118118;4,05E-05;0,000118118;0,000158666;NA;NA
279;AGES;22/03/2021;2021;12;All;18-24 anos;3144;114;0;3258;21452;11395;1;32848;10060;11395;21455;0,027461196;0,014587;0,012878036;0,014587;0,027465037;NA;NA
280;AGES;22/03/2021;2021;12;All;25-49 anos;41874;1206;1;43081;248622;137940;17;386579;110687;137940;248627;0,074626279;0,041404015;0,033223765;0,041404015;0,07462778;NA;NA
281;AGES;22/03/2021;2021;12;All;50-64 anos;34105;866;0;34971;249486;83490;7;332983;166000;83490;249490;0,114749416;0,038400667;0,076350589;0,038400667;0,114751256;NA;NA
282;AGES;22/03/2021;2021;12;All;65-79 anos;52611;2089;0;54700;151530;44353;7;195890;107183;44353;151536;0,09307408;0,027242887;0,065834878;0,027242887;0,093077765;NA;NA
283;AGES;22/03/2021;2021;12;All;80 ou mais anos;124533;16867;2;141402;541964;224527;13;766504;317437;224527;541964;0,795146642;0,329416511;0,465730131;0,329416511;0,795146642;NA;NA
284;AGES;22/03/2021;2021;12;All;Desconhecido;0;0;0;0;1;0;0;1;1;0;1;NA;NA;NA;NA;NA;NA;NA
285;AGES;29/03/2021;2021;13;All;0-17 anos;9;12;0;21;279;213;0;492;66;213;279;0,000163955;0,00012517;3,88E-05;0,00012517;0,000163955;NA;NA
286;AGES;29/03/2021;2021;13;All;18-24 anos;628;67;1;696;22080;11462;2;33544;10621;11462;22083;0,028265113;0,014672769;0,013596185;0,014672769;0,028268954;NA;NA
287;AGES;29/03/2021;2021;13;All;25-49 anos;4248;754;1;5003;252870;138694;18;391582;114186;138694;252880;0,075901357;0,041630335;0,034274023;0,041630335;0,075904358;NA;NA
288;AGES;29/03/2021;2021;13;All;50-64 anos;7530;658;1;8189;257016;84148;8;341172;172874;84148;257022;0,118212789;0,038703309;0,079512239;0,038703309;0,118215549;NA;NA
289;AGES;29/03/2021;2021;13;All;65-79 anos;88077;7226;2;95305;239607;51579;9;291195;188035;51579;239614;0,147173504;0,031681304;0,1154965;0,031681304;0,147177803;NA;NA
290;AGES;29/03/2021;2021;13;All;80 ou mais anos;36735;75337;3;112075;578699;299864;16;878579;278835;299864;578699;0,84904268;0,439947769;0,40909491;0,439947769;0,84904268;NA;NA
291;AGES;29/03/2021;2021;13;All;Desconhecido;0;0;0;0;1;0;0;1;1;0;1;NA;NA;NA;NA;NA;NA;NA
292;AGES;05/04/2021;2021;14;All;0-17 anos;15;1;0;16;294;214;0;508;80;214;294;0,00017277;0,000125758;4,70E-05;0,000125758;0,00017277;NA;NA
293;AGES;05/04/2021;2021;14;All;18-24 anos;716;111;0;827;22796;11573;2;34371;11226;11573;22799;0,029181681;0,014814862;0,01437066;0,014814862;0,029185522;NA;NA
294;AGES;05/04/2021;2021;14;All;25-49 anos;8652;886;0;9538;261522;139580;18;401120;121962;139580;261542;0,078498338;0,041896276;0,036608065;0,041896276;0,078504341;NA;NA
295;AGES;05/04/2021;2021;14;All;50-64 anos;14957;765;0;15722;271973;84913;8;356894;187071;84913;271984;0,125092161;0,039055166;0,086042054;0,039055166;0,125097221;NA;NA
296;AGES;05/04/2021;2021;14;All;65-79 anos;201206;5165;0;206371;440813;56744;9;497566;384082;56744;440826;0,27076001;0,034853795;0,2359142;0,034853795;0,270767995;NA;NA
297;AGES;05/04/2021;2021;14;All;80 ou mais anos;30372;45786;4;76162;609071;345650;20;954741;263421;345650;609071;0,893603193;0,507123051;0,386480142;0,507123051;0,893603193;NA;NA
298;AGES;05/04/2021;2021;14;All;Desconhecido;0;0;0;0;1;0;0;1;1;0;1;NA;NA;NA;NA;NA;NA;NA
299;AGES;12/04/2021;2021;15;All;0-17 anos;37;2;0;39;331;216;0;547;115;216;331;0,000194513;0,000126933;6,76E-05;0,000126933;0,000194513;NA;NA
300;AGES;12/04/2021;2021;15;All;18-24 anos;4252;57;0;4309;27048;11630;2;38680;15421;11630;27051;0,034624764;0,014887829;0,019740775;0,014887829;0,034628604;NA;NA
301;AGES;12/04/2021;2021;15;All;25-49 anos;88772;505;0;89277;350294;140085;18;490397;210229;140085;350314;0,105144105;0,042047857;0,063102251;0,042047857;0,105150108;NA;NA
302;AGES;12/04/2021;2021;15;All;50-64 anos;87651;410;0;88061;359624;85323;8;444955;274312;85323;359635;0,165406652;0,039243743;0,126167969;0,039243743;0,165411711;NA;NA
303;AGES;12/04/2021;2021;15;All;65-79 anos;233198;3431;1;236630;674011;60175;10;734196;613849;60175;674024;0,413996921;0,036961214;0,377043693;0,036961214;0,414004906;NA;NA
304;AGES;12/04/2021;2021;15;All;80 ou mais anos;10498;49452;1;59951;619569;395102;21;1014692;224467;395102;619569;0,909005414;0,579676932;0,329328482;0,579676932;0,909005414;NA;NA
305;AGES;12/04/2021;2021;15;All;Desconhecido;0;0;0;0;1;0;0;1;1;0;1;NA;NA;NA;NA;NA;NA;NA
306;AGES;19/04/2021;2021;16;All;0-17 anos;22;5;0;27;353;221;0;574;132;221;353;0,000207441;0,000129871;7,76E-05;0,000129871;0,000207441;NA;NA
307;AGES;19/04/2021;2021;16;All;18-24 anos;1267;61;0;1328;28315;11691;2;40008;16627;11691;28318;0,03624668;0,014965917;0,021284603;0,014965917;0,03625052;NA;NA
308;AGES;19/04/2021;2021;16;All;25-49 anos;10417;523;0;10940;360711;140608;18;501337;220124;140608;360732;0,108270868;0,04220484;0,066072331;0,04220484;0,108277171;NA;NA
309;AGES;19/04/2021;2021;16;All;50-64 anos;14043;1631;0;15674;373667;86954;8;460629;286724;86954;373678;0,171865636;0,03999391;0,131876785;0,03999391;0,171870695;NA;NA
310;AGES;19/04/2021;2021;16;All;65-79 anos;175515;13102;3;188620;849526;73277;13;922816;776262;73277;849539;0,521803277;0,045008839;0,476802424;0,045008839;0,521811262;NA;NA
311;AGES;19/04/2021;2021;16;All;80 ou mais anos;8420;123105;9;131534;627989;518207;30;1146226;109782;518207;627989;0,921358881;0,760291378;0,161067504;0,760291378;0,921358881;NA;NA
312;AGES;19/04/2021;2021;16;All;Desconhecido;0;0;0;0;1;0;0;1;1;0;1;NA;NA;NA;NA;NA;NA;NA
313;AGES;26/04/2021;2021;17;All;0-17 anos;44;15;0;59;397;236;0;633;161;236;397;0,000233298;0,000138686;9,46E-05;0,000138686;0,000233298;NA;NA
314;AGES;26/04/2021;2021;17;All;18-24 anos;2624;83;0;2707;30939;11774;2;42715;19168;11774;30942;0,039605722;0,015072167;0,024537396;0,015072167;0,039609563;NA;NA
315;AGES;26/04/2021;2021;17;All;25-49 anos;10223;641;1;10865;370934;141249;19;512202;229710;141249;370959;0,111339399;0,042397243;0,068949661;0,042397243;0,111346903;NA;NA
316;AGES;26/04/2021;2021;17;All;50-64 anos;32483;2780;0;35263;406150;89734;8;495892;316686;89734;406420;0,186805974;0,041272553;0,145657606;0,041272553;0,186930159;NA;NA
317;AGES;26/04/2021;2021;17;All;65-79 anos;292816;46196;0;339012;1142342;119473;13;1261828;1023877;119473;1143350;0,701659277;0,073383749;0,628894671;0,073383749;0,70227842;NA;NA
318;AGES;26/04/2021;2021;17;All;80 ou mais anos;6137;39725;4;45866;634126;557932;34;1192092;76205;557932;634137;0,930362828;0,818574216;0,111804751;0,818574216;0,930378967;NA;NA
319;AGES;26/04/2021;2021;17;All;Desconhecido;0;0;0;0;1;0;0;1;1;0;1;NA;NA;NA;NA;NA;NA;NA
320;AGES;03/05/2021;2021;18;All;0-17 anos;98;8;0;106;495;244;0;739;251;244;495;0,000290888;0,000143387;0,000147501;0,000143387;0,000290888;NA;NA
321;AGES;03/05/2021;2021;18;All;18-24 anos;1793;724;0;2517;32732;12498;2;45232;20238;12498;32736;0,041900982;0,015998976;0,025907127;0,015998976;0,041906103;NA;NA
322;AGES;03/05/2021;2021;18;All;25-49 anos;9445;7529;0;16974;380379;148778;19;529176;231640;148778;380418;0,114174407;0,044657144;0,069528969;0,044657144;0,114186113;NA;NA
323;AGES;03/05/2021;2021;18;All;50-64 anos;150849;14323;0;165172;556999;104057;8;661064;458843;104057;562900;0,256187962;0,047860321;0,211041767;0,047860321;0,258902088;NA;NA
324;AGES;03/05/2021;2021;18;All;65-79 anos;201991;163652;7;365650;1344333;283125;20;1627478;1068734;283125;1351859;0,825727953;0,17390351;0,656447129;0,17390351;0,830350639;NA;NA
325;AGES;03/05/2021;2021;18;All;80 ou mais anos;5100;31745;4;36849;639226;589677;38;1228941;49707;589677;639384;0,937845332;0,865149137;0,072928007;0,865149137;0,938077143;NA;NA
326;AGES;03/05/2021;2021;18;All;Desconhecido;0;0;0;0;1;0;0;1;1;0;1;NA;NA;NA;NA;NA;NA;NA
327;AGES;10/05/2021;2021;19;All;0-17 anos;133;33;0;166;628;277;0;905;351;277;628;0,000369046;0,00016278;0,000206266;0,00016278;0,000369046;NA;NA
328;AGES;10/05/2021;2021;19;All;18-24 anos;2152;5329;2;7483;34884;17827;4;52715;17070;17827;34897;0,044655807;0,022820751;0,021851698;0,022820751;0,044672449;NA;NA
329;AGES;10/05/2021;2021;19;All;25-49 anos;24583;99494;4;124081;404962;248272;23;653257;156801;248272;405073;0,12155323;0,074521223;0,047065325;0,074521223;0,121586548;NA;NA
330;AGES;10/05/2021;2021;19;All;50-64 anos;166208;109017;6;275231;723207;213074;14;936295;525693;213074;738767;0,33263422;0,09800196;0,241788977;0,09800196;0,339790937;NA;NA
331;AGES;10/05/2021;2021;19;All;65-79 anos;91347;80006;3;171356;1435680;363131;23;1798834;1087872;363131;1451003;0,881835905;0,223045493;0,668202238;0,223045493;0,891247732;NA;NA
332;AGES;10/05/2021;2021;19;All;80 ou mais anos;3775;9943;2;13720;643001;599620;40;1242661;43740;599620;643360;0,943383852;0,879737085;0,064173477;0,879737085;0,943910562;NA;NA
333;AGES;10/05/2021;2021;19;All;Desconhecido;0;0;0;0;1;0;0;1;1;0;1;NA;NA;NA;NA;NA;NA;NA
334;AGES;17/05/2021;2021;20;All;0-17 anos;276;17;0;293;904;294;0;1198;610;294;904;0,000531238;0,00017277;0,000358468;0,00017277;0,000531238;NA;NA
335;AGES;17/05/2021;2021;20;All;18-24 anos;1934;2393;1;4328;36818;20220;5;57043;16613;20220;36833;0,047131565;0,025884085;0,021266682;0,025884085;0,047150766;NA;NA
336;AGES;17/05/2021;2021;20;All;25-49 anos;31110;21213;2;52325;436072;269485;25;705582;166787;269485;436272;0,130891195;0,080888508;0,050062718;0,080888508;0,130951227;NA;NA
337;AGES;17/05/2021;2021;20;All;50-64 anos;224040;74995;4;299039;947247;288069;18;1235334;692887;288069;980956;0,435679918;0,132495409;0,318688738;0,132495409;0,451184147;NA;NA
338;AGES;17/05/2021;2021;20;All;65-79 anos;41151;111504;10;152665;1476831;474635;33;1951499;1022684;474635;1497319;0,907112032;0,291534454;0,628161896;0,291534454;0,91969635;NA;NA
339;AGES;17/05/2021;2021;20;All;80 ou mais anos;4737;8352;1;13090;647738;607972;41;1255751;40560;607972;648532;0,950333778;0,891990786;0,059507915;0,891990786;0,951498702;NA;NA
340;AGES;17/05/2021;2021;20;All;Desconhecido;0;0;0;0;1;0;0;1;1;0;1;NA;NA;NA;NA;NA;NA;NA
341;AGES;24/05/2021;2021;21;All;0-17 anos;245;36;0;281;1149;330;0;1479;819;330;1149;0,000675212;0,000193925;0,000481287;0,000193925;0,000675212;NA;NA
342;AGES;24/05/2021;2021;21;All;18-24 anos;2146;3193;5;5344;38964;23413;10;62387;15577;23413;38990;0,049878708;0,029971517;0,019940474;0,029971517;0,049911992;NA;NA
343;AGES;24/05/2021;2021;21;All;25-49 anos;25275;17653;26;42954;461347;287138;51;748536;174632;287138;461770;0,138477729;0,086187226;0,05241747;0,086187226;0,138604696;NA;NA
344;AGES;24/05/2021;2021;21;All;50-64 anos;174884;97655;33;272572;1122131;385724;51;1507906;814003;385724;1199727;0,516116643;0,177411172;0,374395232;0,177411172;0,551806404;NA;NA
345;AGES;24/05/2021;2021;21;All;65-79 anos;23512;202075;20;225607;1500343;676710;53;2177106;848725;676710;1525435;0,921553778;0,415654725;0,52131128;0,415654725;0,936966005;NA;NA
346;AGES;24/05/2021;2021;21;All;80 ou mais anos;4440;6311;0;10751;652178;614283;41;1266502;39162;614283;653445;0,956847958;0,901250018;0,057456829;0,901250018;0,958706847;NA;NA
347;AGES;24/05/2021;2021;21;All;Desconhecido;0;0;0;0;1;0;0;1;1;0;1;NA;NA;NA;NA;NA;NA;NA
348;AGES;31/05/2021;2021;22;All;0-17 anos;248;91;0;339;1397;421;0;1818;976;421;1397;0,00082095;0,000247402;0,000573548;0,000247402;0,00082095;NA;NA
349;AGES;31/05/2021;2021;22;All;18-24 anos;2192;2547;1;4740;41156;25960;11;67127;15224;25960;41184;0,052684738;0,03323199;0,019488591;0,03323199;0,052720581;NA;NA
350;AGES;31/05/2021;2021;22;All;25-49 anos;41406;22581;10;63997;502753;309719;61;812533;193775;309719;503494;0,150906137;0,09296513;0,058163425;0,09296513;0,151128555;NA;NA
351;AGES;31/05/2021;2021;22;All;50-64 anos;162868;167703;12;330583;1284999;553427;63;1838489;858942;553427;1412369;0,59102669;0,254545045;0,395064624;0,254545045;0,649609669;NA;NA
352;AGES;31/05/2021;2021;22;All;65-79 anos;18570;137089;24;155683;1518913;813798;78;2332789;735898;813798;1549696;0,932960005;0,499858113;0,452009695;0,499858113;0,951867808;NA;NA
353;AGES;31/05/2021;2021;22;All;80 ou mais anos;3045;5978;5;9028;655223;620261;46;1275530;36828;620261;657089;0,961315454;0,910020687;0,054032483;0,910020687;0,96405317;NA;NA
354;AGES;31/05/2021;2021;22;All;Desconhecido;0;0;0;0;1;0;0;1;1;0;1;NA;NA;NA;NA;NA;NA;NA
355;AGES;07/06/2021;2021;23;All;0-17 anos;364;129;0;493;1761;550;0;2311;1212;550;1762;0,001034855;0,000323209;0,000712234;0,000323209;0,001035443;NA;NA
356;AGES;07/06/2021;2021;23;All;18-24 anos;2548;2754;1;5303;43704;28714;12;72430;15033;28714;43747;0,055946491;0,036757449;0,019244087;0,036757449;0,056001536;NA;NA
357;AGES;07/06/2021;2021;23;All;25-49 anos;125558;30519;7;156084;628311;340238;68;968617;290821;340238;631059;0,188593575;0,1021257;0,087292714;0,1021257;0,189418414;NA;NA
358;AGES;07/06/2021;2021;23;All;50-64 anos;208428;138067;8;346503;1493427;691494;71;2184992;952726;691494;1644220;0,686891754;0,318048037;0,438199947;0,318048037;0,756247985;NA;NA
359;AGES;07/06/2021;2021;23;All;65-79 anos;15961;71288;3;87252;1534874;885086;81;2420041;682676;885086;1567762;0,94276371;0,543645251;0,419319213;0,543645251;0,962964464;NA;NA
360;AGES;07/06/2021;2021;23;All;80 ou mais anos;2741;4800;1;7542;657964;625061;47;1283072;35149;625061;660210;0,965336933;0,917063044;0,051569125;0,917063044;0,968632169;NA;NA
361;AGES;07/06/2021;2021;23;All;Desconhecido;1;0;0;1;2;0;0;2;2;0;2;NA;NA;NA;NA;NA;NA;NA
363;AGES;14/06/2021;2021;24;All;0-17 anos;545;284;0;829;2306;834;0;3140;1474;834;2308;0,001355126;0,000490102;0,000866199;0,000490102;0,001356301;NA;NA
364;AGES;14/06/2021;2021;24;All;18-24 anos;2697;4329;3;7029;46401;33043;15;79459;13626;33043;46669;0,059398982;0,042299101;0,017442955;0,042299101;0,059742055;NA;NA
365;AGES;14/06/2021;2021;24;All;25-49 anos;237511;83261;11;320783;865822;423499;79;1289400;461623;423499;885122;0,259884781;0,127117288;0,138560573;0,127117288;0,265677861;NA;NA
366;AGES;14/06/2021;2021;24;All;50-64 anos;85528;229310;15;314853;1578955;920804;86;2499845;825127;920804;1745931;0,726229785;0,423517637;0,379511641;0,423517637;0,803029279;NA;NA
367;AGES;14/06/2021;2021;24;All;65-79 anos;10790;62114;2;72906;1545664;947200;83;2492947;632663;947200;1579863;0,949391238;0,581797454;0,388599792;0,581797454;0,970397246;NA;NA
368;AGES;14/06/2021;2021;24;All;80 ou mais anos;2606;4698;0;7304;660570;629759;47;1290376;33325;629759;663084;0,969160346;0,923955751;0,04889303;0,923955751;0,97284878;NA;NA
369;AGES;14/06/2021;2021;24;All;Desconhecido;0;0;0;0;2;0;0;2;2;0;2;NA;NA;NA;NA;NA;NA;NA
371;AGES;21/06/2021;2021;25;All;0-17 anos;364;235;1;600;2670;1069;1;3740;1607;1069;2676;0,001569031;0,0006282;0,000944357;0,0006282;0,001572557;NA;NA
372;AGES;21/06/2021;2021;25;All;18-24 anos;2290;2579;0;4869;48691;35621;16;84328;13585;35621;49206;0,062330464;0,045599258;0,017390469;0,045599258;0,062989727;NA;NA
373;AGES;21/06/2021;2021;25;All;25-49 anos;268375;53177;5;321557;1134197;476675;85;1610957;700560;476675;1177235;0,340440112;0,143078575;0,210279806;0,143078575;0,353358381;NA;NA
374;AGES;21/06/2021;2021;25;All;50-64 anos;85910;182639;10;268559;1664865;1103443;96;2768404;744315;1103443;1847758;0,765743514;0,507521223;0,342342703;0,507521223;0,849863926;NA;NA
375;AGES;21/06/2021;2021;25;All;65-79 anos;10219;96636;7;106862;1555883;1043836;90;2599809;548139;1043836;1591975;0,955668041;0,641154062;0,336682723;0,641154062;0,977836785;NA;NA
376;AGES;21/06/2021;2021;25;All;80 ou mais anos;3305;4729;2;8036;663875;634488;49;1298412;32343;634488;666831;0,974009302;0,930893939;0,047452281;0,930893939;0,97834622;NA;NA
377;AGES;21/06/2021;2021;25;All;Desconhecido;0;0;0;0;2;0;0;2;2;0;2;NA;NA;NA;NA;NA;NA;NA
379;GENERAL;04/01/2021;2021;1;All;All;48431;13;0;48444;85860;15;0;85875;85845;15;85860;0,008337337;1,46E-06;0,008335881;1,46E-06;0,008337337;NA;NA
380;GENERAL;11/01/2021;2021;2;All;All;49480;1162;0;50642;135340;1177;0;136517;134163;1177;135340;0,013142036;0,000114291;0,013027745;0,000114291;0,013142036;NA;NA
381;GENERAL;18/01/2021;2021;3;All;All;121587;32650;3;154240;256927;33827;3;290757;223100;33827;256927;0,024948603;0,003284732;0,021663871;0,003284732;0,024948603;NA;NA
382;GENERAL;25/01/2021;2021;4;All;All;42158;44999;4;87161;299085;78826;7;377918;220259;78826;299085;0,029042307;0,007654309;0,021387999;0,007654309;0,029042307;NA;NA
383;GENERAL;01/02/2021;2021;5;All;All;23683;37487;1;61171;322768;116313;8;439089;206456;116313;322769;0,031342018;0,011294441;0,020047674;0,011294441;0,031342115;NA;NA
384;GENERAL;08/02/2021;2021;6;All;All;40594;99031;12;139637;363362;215344;20;578726;148019;215344;363363;0,035283852;0,020910733;0,014373216;0,020910733;0,035283949;651900;571981
385;GENERAL;15/02/2021;2021;7;All;All;103290;50033;9;153332;466652;265377;29;732058;201276;265377;466653;0,04531371;0,025769131;0,019544676;0,025769131;0,045313807;830730;718143
386;GENERAL;22/02/2021;2021;8;All;All;176402;20604;2;197008;643054;285981;31;929066;357074;285981;643055;0,062443024;0,027769858;0,034673263;0,027769858;0,062443121;1002999;933847
387;GENERAL;01/03/2021;2021;9;All;All;138310;33414;2;171726;781364;319395;33;1100792;461975;319395;781370;0,075873459;0,031014487;0,044859555;0,031014487;0,075874042;1186389;1095103
388;GENERAL;08/03/2021;2021;10;All;All;94751;51614;2;146367;876115;371009;35;1247159;505116;371009;876125;0,085074147;0,036026405;0,049048712;0,036026405;0,085075118;1468929;1264093
389;GENERAL;15/03/2021;2021;11;All;All;80918;109748;7;190673;957033;480757;42;1437832;476289;480757;957046;0,092931597;0,046683359;0,046249499;0,046683359;0,092932859;1713540;1462079
390;GENERAL;22/03/2021;2021;12;All;All;256292;21149;3;277444;1213325;501906;45;1715276;711437;501906;1213343;0,117818539;0,048737009;0,069083277;0,048737009;0,117820286;1883850;1753999
391;GENERAL;29/03/2021;2021;13;All;All;137227;84054;8;221289;1350552;585960;53;1936565;764618;585960;1350578;0,13114381;0,056898977;0,074247358;0,056898977;0,131146334;2344530;1996561
392;GENERAL;05/04/2021;2021;14;All;All;255918;52714;4;308636;1606470;638674;57;2245201;967843;638674;1606517;0,155994435;0,062017709;0,093981289;0,062017709;0,155998999;2684460;2360167
393;GENERAL;12/04/2021;2021;15;All;All;424408;53857;2;478267;2030878;692531;59;2723468;1338394;692531;2030925;0,197206089;0,067247432;0,129963221;0,067247432;0,197210653;2983590;2679813
394;GENERAL;19/04/2021;2021;16;All;All;209684;138427;12;348123;2240562;830958;71;3071591;1409652;830958;2240610;0,217567214;0,080689228;0,136882648;0,080689228;0,217571875;3400260;3039329
395;GENERAL;26/04/2021;2021;17;All;All;344327;89440;5;433772;2584889;920398;76;3505363;1665808;920398;2586206;0,251002694;0,089374197;0,161756384;0,089374197;0,25113058;4128420;3581288
396;GENERAL;03/05/2021;2021;18;All;All;369276;217981;11;587268;2954165;1138379;87;4092631;1829414;1138379;2967793;0,286860819;0,110540993;0,177643157;0,110540993;0,28818415;4655370;4171038
397;GENERAL;10/05/2021;2021;19;All;All;288198;303822;17;592037;3242363;1442201;104;4684668;1831528;1442201;3273729;0,314845956;0,140043281;0,177848435;0,140043281;0,317891716;5197920;4686071
398;GENERAL;17/05/2021;2021;20;All;All;303248;218474;18;521740;3545611;1660675;122;5206408;1940142;1660675;3600817;0,344292507;0,161257949;0,188395273;0,161257949;0,349653223;5728470;5126418
399;GENERAL;24/05/2021;2021;21;All;All;230502;326923;84;557509;3776113;1987598;206;5763917;1892919;1987598;3880517;0,366675141;0,193003434;0,183809738;0,193003434;0,376813172;6254220;5644760
400;GENERAL;31/05/2021;2021;22;All;All;228329;335989;52;564370;4004442;2323586;259;6328287;1841644;2323586;4165230;0,388846767;0,225629165;0,178830737;0,225629165;0,404459903;7263540;6299315
401;GENERAL;07/06/2021;2021;23;All;All;355601;247557;20;603178;4360043;2571143;279;6931465;1977619;2571143;4548762;0,423376996;0,249667905;0,192034435;0,249667905;0,441702339;7880400;6896272
402;GENERAL;14/06/2021;2021;24;All;All;339677;383996;31;723704;4699720;2955139;310;7655169;1967840;2955139;4922979;0,456360944;0,286955398;0,191084856;0,286955398;0,478040254;8604606;7566600
403;GENERAL;21/06/2021;2021;25;All;All;370463;339995;25;710483;5070183;3295132;337;8365652;2040551;3295132;5335683;0,49233433;0,31997003;0,198145375;0,31997003;0,518115404;9519240;8357319
