;TYPE;DATE;YEAR;WEEK;REGION;AGEGROUP;TOTAL_VAC_1;TOTAL_VAC_2;TOTAL_VAC_UNK;TOTAL;CUMUL_VAC_1;CUMUL_VAC_2;CUMUL_VAC_UNK;CUMUL;CUMUL_VAC_INIT;CUMUL_VAC_COMPLETE;CUMUL_VAC_LEAST;COVER_1_VAC;COVER;COVER_INIT;COVER_COMPLETE;COVER_LEAST;RECEIVED;DISTRIBUTED
1;REGIONAL;04/01/21;2021;1;ARS Alentejo;All;3469;1;0;3470;4692;1;0;4693;4691;1;4692;0,010143374;2,16E-06;0,010141212;2,16E-06;0,010143374;NA;NA
2;REGIONAL;11/01/21;2021;2;ARS Alentejo;All;5351;10;0;5361;10043;11;0;10054;10032;11;10043;0,021711402;2,38E-05;0,021687622;2,38E-05;0,021711402;NA;NA
3;REGIONAL;18/01/21;2021;3;ARS Alentejo;All;10425;1133;0;11558;20468;1144;0;21612;19324;1144;20468;0,044248629;0,00247315;0,041775479;0,00247315;0,044248629;NA;NA
4;REGIONAL;25/01/21;2021;4;ARS Alentejo;All;2291;3119;0;5410;22759;4263;0;27022;18496;4263;22759;0,049201415;0,009215942;0,039985472;0,009215942;0,049201415;NA;NA
5;REGIONAL;01/02/21;2021;5;ARS Alentejo;All;1447;4338;0;5785;24206;8601;0;32807;15605;8601;24206;0,052329603;0,018594023;0,03373558;0,018594023;0,052329603;NA;NA
6;REGIONAL;08/02/21;2021;6;ARS Alentejo;All;3334;8778;0;12112;27540;17379;0;44919;10161;17379;27540;0,059537192;0,037570692;0,0219665;0,037570692;0,059537192;NA;NA
7;REGIONAL;15/02/21;2021;7;ARS Alentejo;All;4056;2812;0;6868;31596;20191;0;51787;11405;20191;31596;0,068305633;0,043649799;0,024655834;0,043649799;0,068305633;NA;NA
8;REGIONAL;22/02/21;2021;8;ARS Alentejo;All;12033;1651;0;13684;43629;21842;0;65471;21787;21842;43629;0,094319106;0,047219003;0,047100102;0,047219003;0,094319106;NA;NA
9;REGIONAL;01/03/21;2021;9;ARS Alentejo;All;10453;2830;1;13284;54082;24672;1;78755;29410;24672;54082;0,116916864;0,053337023;0,063579841;0,053337023;0,116916864;NA;NA
10;REGIONAL;08/03/21;2021;10;ARS Alentejo;All;5824;1669;0;7493;59906;26341;1;86248;33565;26341;59906;0,129507445;0,056945141;0,072562304;0,056945141;0,129507445;NA;NA
11;REGIONAL;15/03/21;2021;11;ARS Alentejo;All;3696;7728;0;11424;63602;34069;1;97672;29534;34069;63603;0,137497622;0,073651874;0,06384791;0,073651874;0,137499784;NA;NA
12;REGIONAL;22/03/21;2021;12;ARS Alentejo;All;11900;2104;0;14004;75502;36173;1;111676;39331;36173;75504;0,163223569;0,078200394;0,085027499;0,078200394;0,163227893;NA;NA
13;REGIONAL;29/03/21;2021;13;ARS Alentejo;All;6154;6276;0;12430;81656;42449;1;124106;39209;42449;81658;0,176527559;0,091768129;0,084763754;0,091768129;0,176531883;NA;NA
14;REGIONAL;05/04/21;2021;14;ARS Alentejo;All;14049;4300;0;18349;95705;46749;1;142455;48960;46749;95709;0,20689931;0,10106406;0,105843898;0,10106406;0,206907957;NA;NA
15;REGIONAL;12/04/21;2021;15;ARS Alentejo;All;21903;2961;0;24864;117608;49710;1;167319;67902;49710;117612;0,254250186;0,107465281;0,146793553;0,107465281;0,254258833;NA;NA
16;REGIONAL;19/04/21;2021;16;ARS Alentejo;All;11363;5956;1;17320;128971;55666;2;184639;73309;55666;128975;0,278815223;0,120341226;0,158482645;0,120341226;0,27882387;NA;NA
17;REGIONAL;26/04/21;2021;17;ARS Alentejo;All;20208;2773;0;22981;149179;58439;2;207620;90749;58439;149188;0,322501773;0,12633602;0,19618521;0,12633602;0,322521229;NA;NA
18;REGIONAL;03/05/21;2021;18;ARS Alentejo;All;13664;14308;1;27973;162843;72747;3;235593;93216;72747;165963;0,352041213;0,157267688;0,201518479;0,157267688;0,358786168;NA;NA
19;REGIONAL;10/05/21;2021;19;ARS Alentejo;All;17422;15245;0;32667;180265;87992;3;268260;95899;87992;183891;0,389704865;0,190225005;0,207318708;0,190225005;0,397543712;NA;NA
20;REGIONAL;17/05/21;2021;20;ARS Alentejo;All;13207;12202;1;25410;193472;100194;4;293670;100317;100194;200511;0,418256343;0,216603829;0,216869736;0,216603829;0,433473565;NA;NA
21;REGIONAL;24/05/21;2021;21;ARS Alentejo;All;7178;18498;5;25681;200650;118692;9;319351;91122;118692;209814;0,433774061;0,256593625;0,196991577;0,256593625;0,453585203;NA;NA
22;REGIONAL;31/05/21;2021;22;ARS Alentejo;All;17383;7284;1;24668;218033;125976;10;344019;101562;125976;227538;0,471353401;0,272340499;0,219561232;0,272340499;0,491901731;NA;NA
23;REGIONAL;07/06/21;2021;23;ARS Alentejo;All;13782;15239;0;29021;231815;141215;10;373040;100736;141215;241951;0,501147939;0,305284845;0,217775549;0,305284845;0,523060393;NA;NA
24;REGIONAL;14/06/21;2021;24;ARS Alentejo;All;10200;19209;1;29410;242015;160424;11;402450;93398;160424;253822;0,523198751;0,346811712;0,201911935;0,346811712;0,548723647;NA;NA
25;REGIONAL;21/06/21;2021;25;ARS Alentejo;All;10534;14152;1;24687;252549;174576;12;427137;92540;174576;267116;0,545971619;0,377406133;0,200057073;0,377406133;0,577463205;NA;NA
26;REGIONAL;28/06/21;2021;26;ARS Alentejo;All;10951;28714;3;39668;263500;203290;15;466805;76867;203290;280157;0,569645976;0,43948133;0,166174487;0,43948133;0,605655817;NA;NA
27;REGIONAL;05/07/21;2021;27;ARS Alentejo;All;15320;27757;1;43078;278820;231047;16;509883;65120;231047;296167;0,602765431;0,499487643;0,140779302;0,499487643;0,640266945;NA;NA
28;REGIONAL;12/07/21;2021;28;ARS Alentejo;All;8122;20264;1;28387;286942;251311;17;538270;56449;251311;307760;0,620323931;0,543295256;0,12203395;0,543295256;0,665329206;NA;NA
29;REGIONAL;19/07/21;2021;29;ARS Alentejo;All;3490;16664;2;20156;290432;267975;19;558426;47599;267975;315574;0,627868767;0,57932023;0,102901627;0,57932023;0,682221857;NA;NA
30;REGIONAL;26/07/21;2021;30;ARS Alentejo;All;2227;16441;0;18668;292659;284416;19;577094;37982;284416;322398;0,632683195;0,614863112;0,082111171;0,614863112;0,696974283;NA;NA
31;REGIONAL;02/08/21;2021;31;ARS Alentejo;All;4927;19885;13;24825;297586;304301;32;601919;29081;304301;333382;0,643334602;0,657851386;0,062868594;0,657851386;0,720719981;NA;NA
32;REGIONAL;04/01/21;2021;1;ARS Algarve;All;1250;2;0;1252;2308;2;0;2310;2306;2;2308;0,005269767;4,57E-06;0,005265201;4,56652E-06;0,005269767;NA;NA
33;REGIONAL;11/01/21;2021;2;ARS Algarve;All;1352;3;0;1355;3660;5;0;3665;3655;5;3660;0,008356737;1,14E-05;0,00834532;1,14163E-05;0,008356737;NA;NA
34;REGIONAL;18/01/21;2021;3;ARS Algarve;All;3389;945;0;4334;7049;950;0;7999;6099;950;7049;0,01609471;0,002169098;0,013925611;0,002169098;0,01609471;NA;NA
35;REGIONAL;25/01/21;2021;4;ARS Algarve;All;2138;1229;0;3367;9187;2179;0;11366;7008;2179;9187;0,020976323;0,004975227;0,016001096;0,004975227;0,020976323;NA;NA
36;REGIONAL;01/02/21;2021;5;ARS Algarve;All;1213;1242;0;2455;10400;3421;0;13821;6980;3421;10401;0,023745919;0,007811037;0,015937165;0,007811037;0,023748202;NA;NA
37;REGIONAL;08/02/21;2021;6;ARS Algarve;All;2396;2896;0;5292;12796;6317;0;19113;6480;6317;12797;0,029216613;0,014423362;0,014795534;0,014423362;0,029218896;NA;NA
38;REGIONAL;15/02/21;2021;7;ARS Algarve;All;3191;2112;0;5303;15987;8429;0;24416;7559;8429;15988;0,0365025;0,01924561;0,017259173;0,01924561;0,036504783;NA;NA
39;REGIONAL;22/02/21;2021;8;ARS Algarve;All;8499;1065;0;9564;24486;9494;0;33980;14993;9494;24487;0,055907939;0,021677284;0,034232938;0,021677284;0,055910222;NA;NA
40;REGIONAL;01/03/21;2021;9;ARS Algarve;All;4646;560;0;5206;29132;10054;0;39186;19079;10054;29133;0,066515971;0,02295591;0,043562344;0,02295591;0,066518255;NA;NA
41;REGIONAL;08/03/21;2021;10;ARS Algarve;All;5120;1544;0;6664;34252;11598;0;45850;22655;11598;34253;0,07820627;0,026481266;0,051727287;0,026481266;0,078208553;NA;NA
42;REGIONAL;15/03/21;2021;11;ARS Algarve;All;2696;3007;0;5703;36948;14605;0;51553;22344;14605;36949;0,084361943;0,033347033;0,051017193;0,033347033;0,084364226;NA;NA
43;REGIONAL;22/03/21;2021;12;ARS Algarve;All;9419;4301;0;13720;46367;18906;0;65273;27462;18906;46368;0,105867982;0,04316734;0,062702925;0,04316734;0,105870265;NA;NA
44;REGIONAL;29/03/21;2021;13;ARS Algarve;All;4223;2918;0;7141;50590;21824;0;72414;28768;21824;50592;0,115510195;0,049829897;0,065684864;0,049829897;0,115514761;NA;NA
45;REGIONAL;05/04/21;2021;14;ARS Algarve;All;8661;1795;0;10456;59251;23619;0;82870;35637;23619;59256;0,135285522;0,053928351;0,081368587;0,053928351;0,135296938;NA;NA
46;REGIONAL;12/04/21;2021;15;ARS Algarve;All;13659;2157;0;15816;72910;25776;0;98686;47139;25776;72915;0,166472589;0,058853346;0,10763066;0,058853346;0,166484006;NA;NA
47;REGIONAL;19/04/21;2021;16;ARS Algarve;All;7252;5506;0;12758;80162;31282;0;111444;48886;31282;80168;0,183030801;0,071424983;0,111619517;0,071424983;0,183044501;NA;NA
48;REGIONAL;26/04/21;2021;17;ARS Algarve;All;16376;3247;0;19623;96538;34529;0;131067;62019;34529;96548;0,22042149;0,078838733;0,141605589;0,078838733;0,220444323;NA;NA
49;REGIONAL;03/05/21;2021;18;ARS Algarve;All;16551;8931;2;25484;113089;43460;2;156551;70188;43460;113648;0,25821175;0,099230541;0,160257552;0,099230541;0,259488093;NA;NA
50;REGIONAL;10/05/21;2021;19;ARS Algarve;All;9715;11298;0;21013;122804;54758;2;177564;70568;54758;125326;0,280393634;0,125026828;0,161125191;0,125026828;0,28615202;NA;NA
51;REGIONAL;17/05/21;2021;20;ARS Algarve;All;11993;10884;2;22879;134797;65642;4;200443;74199;65642;139841;0,307776788;0,149877846;0,169415713;0,149877846;0,319293559;NA;NA
52;REGIONAL;24/05/21;2021;21;ARS Algarve;All;7597;18786;5;26388;142394;84428;9;226831;68787;84428;153215;0,325122725;0,192771194;0,157058703;0,192771194;0,349829897;NA;NA
53;REGIONAL;31/05/21;2021;22;ARS Algarve;All;8145;12719;1;20865;150539;97147;10;247696;72698;97147;169845;0,343719889;0,221811996;0,165988538;0,221811996;0,387800534;NA;NA
54;REGIONAL;07/06/21;2021;23;ARS Algarve;All;17023;6320;0;23343;167562;103467;10;271039;84752;103467;188219;0,382587848;0,236242208;0,193510971;0,236242208;0,429753179;NA;NA
55;REGIONAL;14/06/21;2021;24;ARS Algarve;All;15331;13402;1;28734;182893;116869;11;299773;86901;116869;203770;0,417592529;0,266842478;0,1984177;0,266842478;0,465260178;NA;NA
56;REGIONAL;21/06/21;2021;25;ARS Algarve;All;19323;10168;2;29493;202216;127037;13;329266;97426;127037;224463;0,461711989;0,29005868;0,222449026;0,29005868;0,512507706;NA;NA
57;REGIONAL;28/06/21;2021;26;ARS Algarve;All;17160;16388;7;33555;219376;143425;20;362821;100652;143425;244077;0,500892755;0,327476768;0,229814827;0,327476768;0,557291595;NA;NA
58;REGIONAL;05/07/21;2021;27;ARS Algarve;All;19154;31633;1;50788;238530;175058;21;413609;89407;175058;264465;0,544626344;0,399703176;0,204139553;0,399703176;0,603842729;NA;NA
59;REGIONAL;12/07/21;2021;28;ARS Algarve;All;9712;26896;5;36613;248242;201954;26;450222;78705;201954;280659;0,566801379;0,461113775;0,179704089;0,461113775;0,640817864;NA;NA
60;REGIONAL;19/07/21;2021;29;ARS Algarve;All;4317;27132;1;31450;252559;229086;27;481672;61648;229086;290734;0,576658219;0,523063224;0,140758499;0,523063224;0,663821723;NA;NA
61;REGIONAL;26/07/21;2021;30;ARS Algarve;All;3952;24655;3;28610;256511;253741;30;510282;45576;253741;299317;0,585681668;0,579357034;0,104061922;0,579357034;0,683418956;NA;NA
62;REGIONAL;02/08/21;2021;31;ARS Algarve;All;3901;22523;1;26425;260412;276264;31;536707;30906;276264;307170;0,59458867;0,63078293;0,070566477;0,63078293;0,701349407;NA;NA
63;REGIONAL;04/01/21;2021;1;ARS Centro;All;9012;7;0;9019;15622;8;0;15630;15615;8;15623;0,009422872;4,83E-06;0,009418649;4,82544E-06;0,009423475;NA;NA
64;REGIONAL;11/01/21;2021;2;ARS Centro;All;12610;22;1;12633;28232;30;1;28263;28203;30;28233;0,017028966;1,81E-05;0,017011474;1,80954E-05;0,01702957;NA;NA
65;REGIONAL;18/01/21;2021;3;ARS Centro;All;36720;6311;2;43033;64952;6341;3;71296;58612;6341;64953;0,039177721;0,003824762;0,035353563;0,003824762;0,039178325;NA;NA
66;REGIONAL;25/01/21;2021;4;ARS Centro;All;4850;8535;3;13388;69802;14876;6;84684;54927;14876;69803;0,042103143;0,0089729;0,033130846;0,0089729;0,042103746;NA;NA
67;REGIONAL;01/02/21;2021;5;ARS Centro;All;2696;9151;0;11847;72498;24027;6;96531;48472;24027;72499;0,043729315;0,014492596;0,029237322;0,014492596;0,043729918;NA;NA
68;REGIONAL;08/02/21;2021;6;ARS Centro;All;7522;27105;4;34631;80020;51132;10;131162;28889;51132;80021;0,048266432;0,030841779;0,017425255;0,030841779;0,048267035;NA;NA
69;REGIONAL;15/02/21;2021;7;ARS Centro;All;25507;9987;3;35497;105527;61119;13;166659;44409;61119;105528;0,063651734;0,036865734;0,026786603;0,036865734;0,063652337;NA;NA
70;REGIONAL;22/02/21;2021;8;ARS Centro;All;38394;3112;2;41508;143921;64231;15;208167;79691;64231;143922;0,086810211;0,038742829;0,048067986;0,038742829;0,086810815;NA;NA
71;REGIONAL;01/03/21;2021;9;ARS Centro;All;28482;5917;1;34400;172403;70148;16;242567;102264;70148;172412;0,103989973;0,042311843;0,061683559;0,042311843;0,103995401;NA;NA
72;REGIONAL;08/03/21;2021;10;ARS Centro;All;17668;13518;0;31186;190071;83666;16;273753;106420;83666;190086;0,11464695;0,050465624;0,064190373;0,050465624;0,114655998;NA;NA
73;REGIONAL;15/03/21;2021;11;ARS Centro;All;16642;24168;2;40812;206713;107834;18;314565;98901;107834;206735;0,124685065;0,065043269;0,059655066;0,065043269;0,124698335;NA;NA
74;REGIONAL;22/03/21;2021;12;ARS Centro;All;47805;4334;0;52139;254518;112168;18;366704;142377;112168;254545;0,153520066;0,067657449;0,085878902;0,067657449;0,153536352;NA;NA
75;REGIONAL;29/03/21;2021;13;ARS Centro;All;24343;16742;2;41087;278861;128910;20;407791;149988;128910;278898;0,168203267;0,077755882;0,090469702;0,077755882;0,168225584;NA;NA
76;REGIONAL;05/04/21;2021;14;ARS Centro;All;49852;10193;0;60045;328713;139103;20;467836;189657;139103;328760;0,198272976;0,083904092;0,114397234;0,083904092;0,198301326;NA;NA
77;REGIONAL;12/04/21;2021;15;ARS Centro;All;77612;12011;2;89625;406325;151114;22;557461;255261;151114;406375;0,245086951;0,091148882;0,153968228;0,091148882;0,24511711;NA;NA
78;REGIONAL;19/04/21;2021;16;ARS Centro;All;29993;24154;6;54153;436318;175268;28;611614;261100;175268;436368;0,263178117;0,105718082;0,157490194;0,105718082;0,263208276;NA;NA
79;REGIONAL;26/04/21;2021;17;ARS Centro;All;56537;17913;3;74453;492855;193181;31;686067;300998;193181;494179;0,297280082;0,116522838;0,181555854;0,116522838;0,298078692;NA;NA
80;REGIONAL;03/05/21;2021;18;ARS Centro;All;59911;49104;2;109017;552766;242285;33;795084;317646;242285;559931;0,333417175;0,14614137;0,191597588;0,14614137;0,337738957;NA;NA
81;REGIONAL;10/05/21;2021;19;ARS Centro;All;50581;55698;0;106279;603347;297983;33;901363;318555;297983;616538;0,363926603;0,179737267;0,192145878;0,179737267;0,371883145;NA;NA
82;REGIONAL;17/05/21;2021;20;ARS Centro;All;44782;41685;4;86471;648129;339668;37;987834;329403;339668;669071;0,390938192;0,204880809;0,19868917;0,204880809;0,403569979;NA;NA
83;REGIONAL;24/05/21;2021;21;ARS Centro;All;24110;56189;12;80311;672239;395857;49;1068145;305647;395857;701504;0,405480852;0,238772867;0,184360035;0,238772867;0,423132903;NA;NA
84;REGIONAL;31/05/21;2021;22;ARS Centro;All;44171;37679;1;81851;716410;433536;50;1149996;314490;433536;748026;0,432123898;0,261500071;0,189693953;0,261500071;0,451194024;NA;NA
85;REGIONAL;07/06/21;2021;23;ARS Centro;All;58221;40739;2;98962;774631;474275;52;1248958;333733;474275;808008;0,467241617;0,286073005;0,201300938;0,286073005;0,487373943;NA;NA
86;REGIONAL;14/06/21;2021;24;ARS Centro;All;51867;65628;8;117503;826498;539903;60;1366461;325860;539903;865763;0,498526734;0,325658476;0,196552105;0,325658476;0,522210581;NA;NA
87;REGIONAL;21/06/21;2021;25;ARS Centro;All;59448;47590;3;107041;885946;587493;63;1473502;344023;587493;931516;0,534384555;0,354363793;0,207507656;0,354363793;0,561871449;NA;NA
88;REGIONAL;28/06/21;2021;26;ARS Centro;All;49797;76945;2;126744;935743;664438;65;1600246;319076;664438;983514;0,564421089;0,400775448;0,192460134;0,400775448;0,593235582;NA;NA
89;REGIONAL;05/07/21;2021;27;ARS Centro;All;59373;104681;9;164063;995116;769119;74;1764309;281764;769119;1050883;0,600233672;0,463916892;0,169954297;0,463916892;0,633871189;NA;NA
90;REGIONAL;12/07/21;2021;28;ARS Centro;All;28373;81849;8;110230;1023489;850968;82;1874539;242638;850968;1093606;0,617347687;0,513286539;0,146354292;0,513286539;0,659640831;NA;NA
91;REGIONAL;19/07/21;2021;29;ARS Centro;All;16775;80446;16;97237;1040264;931414;98;1971776;194459;931414;1125873;0,627466024;0,561809925;0,117293702;0,561809925;0,679103627;NA;NA
92;REGIONAL;26/07/21;2021;30;ARS Centro;All;14298;68725;5;83028;1054562;1000139;103;2054804;153065;1000139;1153204;0,636090286;0,603263443;0,092325686;0,603263443;0,695589129;NA;NA
93;REGIONAL;02/08/21;2021;31;ARS Centro;All;19159;74776;5;93940;1073721;1074915;108;2148744;116471;1074915;1191386;0,647646604;0,648366801;0,070252931;0,648366801;0,718619732;NA;NA
94;REGIONAL;04/01/21;2021;1;ARS Lisboa e Vale do Tejo;All;12692;22;0;12714;23402;23;0;23425;23379;23;23402;0,006352752;6,24E-06;0,006346508;6,24362E-06;0,006352752;NA;NA
95;REGIONAL;11/01/21;2021;2;ARS Lisboa e Vale do Tejo;All;13184;1106;0;14290;36586;1129;0;37715;35457;1129;36586;0,009931706;0,000306481;0,009625225;0,000306481;0,009931706;NA;NA
96;REGIONAL;18/01/21;2021;3;ARS Lisboa e Vale do Tejo;All;37716;9059;0;46775;74302;10188;0;84490;64115;10188;74303;0,020170163;0,002765654;0,017404781;0,002765654;0,020170435;NA;NA
97;REGIONAL;25/01/21;2021;4;ARS Lisboa e Vale do Tejo;All;17237;11882;10;29129;91539;22070;10;113619;69471;22070;91541;0,024849352;0,005991164;0,018858731;0,005991164;0,024849895;NA;NA
98;REGIONAL;01/02/21;2021;5;ARS Lisboa e Vale do Tejo;All;8665;8925;0;17590;100204;30995;10;131209;69212;30995;100207;0,02720157;0,008413962;0,018788422;0,008413962;0,027202384;NA;NA
99;REGIONAL;08/02/21;2021;6;ARS Lisboa e Vale do Tejo;All;14331;30370;0;44701;114535;61365;10;175910;53173;61365;114538;0,03109189;0,01665826;0,014434444;0,01665826;0,031092705;NA;NA
100;REGIONAL;15/02/21;2021;7;ARS Lisboa e Vale do Tejo;All;32951;19047;3;52001;147486;80412;13;227911;67077;80412;147489;0,040036832;0,021828795;0,018208851;0,021828795;0,040037646;NA;NA
101;REGIONAL;22/02/21;2021;8;ARS Lisboa e Vale do Tejo;All;49287;6659;0;55946;196773;87071;13;283857;109705;87071;196776;0,053416375;0,02363646;0,029780729;0,02363646;0,05341719;NA;NA
102;REGIONAL;01/03/21;2021;9;ARS Lisboa e Vale do Tejo;All;45029;12792;1;57822;241802;99863;14;341679;141947;99863;241810;0,065640034;0,027109001;0,038533204;0,027109001;0,065642206;NA;NA
103;REGIONAL;08/03/21;2021;10;ARS Lisboa e Vale do Tejo;All;33654;16539;0;50193;275456;116402;14;391872;159072;116402;275474;0,074775813;0,03159871;0,04318199;0,03159871;0,074780699;NA;NA
104;REGIONAL;15/03/21;2021;11;ARS Lisboa e Vale do Tejo;All;25954;28966;3;54923;301410;145368;17;446795;156066;145368;301434;0,081821336;0,039461876;0,042365975;0,039461876;0,081827851;NA;NA
105;REGIONAL;22/03/21;2021;12;ARS Lisboa e Vale do Tejo;All;89199;7562;2;96763;390609;152930;19;543558;237709;152930;390639;0,106035467;0,041514671;0,06452894;0,041514671;0,106043611;NA;NA
106;REGIONAL;29/03/21;2021;13;ARS Lisboa e Vale do Tejo;All;45500;23822;3;69325;436109;176752;22;612883;259396;176752;436148;0,118386984;0,047981436;0,070416135;0,047981436;0,118397571;NA;NA
107;REGIONAL;05/04/21;2021;14;ARS Lisboa e Vale do Tejo;All;87354;19584;2;106940;523463;196336;24;719823;327211;196336;523547;0,142100268;0,053297746;0,088825325;0,053297746;0,142123071;NA;NA
108;REGIONAL;12/04/21;2021;15;ARS Lisboa e Vale do Tejo;All;163550;14247;2;177799;687013;210583;26;897622;476522;210583;687105;0,186497864;0,057165264;0,129357575;0,057165264;0,186522839;NA;NA
109;REGIONAL;19/04/21;2021;16;ARS Lisboa e Vale do Tejo;All;79157;53611;6;132774;766170;264194;32;1030396;502070;264194;766264;0,207985975;0,071718609;0,136292884;0,071718609;0,208011493;NA;NA
110;REGIONAL;26/04/21;2021;17;ARS Lisboa e Vale do Tejo;All;107522;25534;5;133061;873692;289728;37;1163457;584086;289728;873814;0,237174103;0,078650118;0,158557104;0,078650118;0,237207222;NA;NA
111;REGIONAL;03/05/21;2021;18;ARS Lisboa e Vale do Tejo;All;107674;65259;8;172941;981366;354987;45;1336398;629199;354987;984186;0,266403493;0,096365451;0,170803565;0,096365451;0,267169016;NA;NA
112;REGIONAL;10/05/21;2021;19;ARS Lisboa e Vale do Tejo;All;90343;112882;12;203237;1071709;467869;57;1539635;609237;467869;1077106;0,290928177;0,127008615;0,165384643;0,127008615;0,292393257;NA;NA
113;REGIONAL;17/05/21;2021;20;ARS Lisboa e Vale do Tejo;All;109826;70958;3;180787;1181535;538827;60;1720422;650725;538827;1189552;0,320741753;0,146271009;0,176647054;0,146271009;0,322918064;NA;NA
114;REGIONAL;24/05/21;2021;21;ARS Lisboa e Vale do Tejo;All;110521;88625;43;199189;1292056;627452;103;1919611;685639;627452;1313091;0,350743996;0,170329321;0,186124876;0,170329321;0,356454197;NA;NA
115;REGIONAL;31/05/21;2021;22;ARS Lisboa e Vale do Tejo;All;92019;86538;20;178577;1384075;713990;123;2098188;711850;713990;1425840;0,37572365;0,193821092;0,193240164;0,193821092;0,387061256;NA;NA
116;REGIONAL;07/06/21;2021;23;ARS Lisboa e Vale do Tejo;All;151754;53695;9;205458;1535829;767685;132;2303646;824428;767685;1592113;0,416919081;0,20839724;0,223800803;0,20839724;0,432198043;NA;NA
117;REGIONAL;14/06/21;2021;24;ARS Lisboa e Vale do Tejo;All;147296;120977;11;268284;1683125;888662;143;2571930;859849;888662;1748511;0,456904335;0,241237888;0,233416256;0,241237888;0,474654144;NA;NA
118;REGIONAL;21/06/21;2021;25;ARS Lisboa e Vale do Tejo;All;119697;153286;22;273005;1802822;1041948;165;2844935;840781;1041948;1882729;0,489397512;0,282849199;0,22824002;0,282849199;0,511089219;NA;NA
119;REGIONAL;28/06/21;2021;26;ARS Lisboa e Vale do Tejo;All;130092;166044;15;296151;1932914;1207992;180;3141086;815849;1207992;2023841;0,524712535;0,327923821;0,221471932;0,327923821;0,549395753;NA;NA
120;REGIONAL;05/07/21;2021;27;ARS Lisboa e Vale do Tejo;All;143461;272816;12;416289;2076375;1480808;192;3557375;698016;1480808;2178824;0,563656733;0,401982975;0,18948476;0,401982975;0,591467735;NA;NA
121;REGIONAL;12/07/21;2021;28;ARS Lisboa e Vale do Tejo;All;79301;214879;21;294201;2155676;1695687;213;3851576;600783;1695687;2296470;0,585183934;0,46031444;0,163089704;0,46031444;0,623404143;NA;NA
122;REGIONAL;19/07/21;2021;29;ARS Lisboa e Vale do Tejo;All;56709;184771;13;241493;2212385;1880458;226;4093069;523604;1880458;2404062;0,600578268;0,510472729;0,142138544;0,510472729;0,652611274;NA;NA
123;REGIONAL;26/07/21;2021;30;ARS Lisboa e Vale do Tejo;All;36113;179594;26;215733;2248498;2060052;252;4308802;417916;2060052;2477968;0,610381572;0,55922566;0,113448278;0,55922566;0,672673938;NA;NA
124;REGIONAL;02/08/21;2021;31;ARS Lisboa e Vale do Tejo;All;45183;177320;17;222520;2293681;2237372;269;4531322;328902;2237372;2566274;0,622647036;0,607361287;0,089284367;0,607361287;0,696645654;NA;NA
125;REGIONAL;04/01/21;2021;1;ARS Norte;All;16606;21;0;16627;29923;24;0;29947;29904;24;29928;0,008405453;6,74E-06;0,008400116;6,74167E-06;0,008406857;NA;NA
126;REGIONAL;11/01/21;2021;2;ARS Norte;All;15318;31;0;15349;45241;55;0;45296;45191;55;45246;0,012708321;1,54E-05;0,012694276;1,54497E-05;0,012709725;NA;NA
127;REGIONAL;18/01/21;2021;3;ARS Norte;All;32399;12734;1;45134;77640;12789;1;90430;64856;12789;77645;0,021809289;0,003592465;0,018218228;0,003592465;0,021810693;NA;NA
128;REGIONAL;25/01/21;2021;4;ARS Norte;All;14360;15708;6;30074;92000;28497;7;120504;63508;28497;92005;0,025843052;0,008004885;0,017839571;0,008004885;0,025844457;NA;NA
129;REGIONAL;01/02/21;2021;5;ARS Norte;All;5633;12279;1;17913;97633;40776;8;138417;56866;40776;97642;0,027425377;0,01145409;0,015973815;0,01145409;0,027427906;NA;NA
130;REGIONAL;08/02/21;2021;6;ARS Norte;All;8905;28933;6;37844;106538;69709;14;176261;36838;69709;106547;0,029926816;0,019581449;0,010347895;0,019581449;0,029929345;NA;NA
131;REGIONAL;15/02/21;2021;7;ARS Norte;All;33009;15194;3;48206;139547;84903;17;224467;54653;84903;139556;0,039199135;0,023849486;0,015352178;0,023849486;0,039201663;NA;NA
132;REGIONAL;22/02/21;2021;8;ARS Norte;All;64805;4337;1;69143;204352;89240;18;293610;115121;89240;204361;0,057403037;0,025067761;0,032337805;0,025067761;0,057405565;NA;NA
133;REGIONAL;01/03/21;2021;9;ARS Norte;All;48018;7082;2;55102;252370;96322;20;348712;156062;96322;252384;0,070891425;0,027057114;0,043838244;0,027057114;0,070895358;NA;NA
134;REGIONAL;08/03/21;2021;10;ARS Norte;All;25631;14157;0;39788;278001;110479;20;388500;167546;110479;278025;0,078091243;0,031033854;0,047064131;0,031033854;0,078097985;NA;NA
135;REGIONAL;15/03/21;2021;11;ARS Norte;All;26851;42337;4;69192;304852;152816;24;457692;152063;152816;304879;0,085633763;0,042926434;0,042714914;0,042926434;0,085641347;NA;NA
136;REGIONAL;22/03/21;2021;12;ARS Norte;All;89023;2334;0;91357;393875;155150;24;549049;238758;155150;393908;0,110640568;0,043582061;0,067067777;0,043582061;0,110649838;NA;NA
137;REGIONAL;29/03/21;2021;13;ARS Norte;All;54118;32662;1;86781;447993;187812;25;635830;260235;187812;448047;0,125842462;0,052756906;0,073100725;0,052756906;0,125857631;NA;NA
138;REGIONAL;05/04/21;2021;14;ARS Norte;All;82428;13631;5;96064;530421;201443;30;731894;329069;201443;530512;0,148996714;0,056585891;0,092436385;0,056585891;0,149022276;NA;NA
139;REGIONAL;12/04/21;2021;15;ARS Norte;All;135991;19156;3;155150;666412;220599;33;887044;445911;220599;666510;0,187196959;0,061966864;0,125257623;0,061966864;0,187224487;NA;NA
140;REGIONAL;19/04/21;2021;16;ARS Norte;All;65193;46427;2;111622;731605;267026;35;998666;464679;267026;731705;0,205509851;0,075008336;0,130529606;0,075008336;0,205537941;NA;NA
141;REGIONAL;26/04/21;2021;17;ARS Norte;All;126771;36715;2;163488;858376;303741;37;1162154;554757;303741;858498;0,241120173;0,08532168;0,155832763;0,08532168;0,241154443;NA;NA
142;REGIONAL;03/05/21;2021;18;ARS Norte;All;155559;73205;4;228768;1013935;376946;41;1390922;637322;376946;1014268;0,284817122;0,105885165;0,179025498;0,105885165;0,284910663;NA;NA
143;REGIONAL;10/05/21;2021;19;ARS Norte;All;99898;100947;8;200853;1113833;477893;49;1591775;643025;477893;1120918;0,312878745;0,134241454;0,180627486;0,134241454;0,314868941;NA;NA
144;REGIONAL;17/05/21;2021;20;ARS Norte;All;110868;71067;5;181940;1224701;548960;54;1773715;690453;548960;1239413;0,34402187;0,15420437;0,193950141;0,15420437;0,348154511;NA;NA
145;REGIONAL;24/05/21;2021;21;ARS Norte;All;73007;129031;20;202058;1297708;677991;74;1975773;654579;677991;1332570;0,364529737;0,190449531;0,183873036;0,190449531;0,374322568;NA;NA
146;REGIONAL;31/05/21;2021;22;ARS Norte;All;54895;172418;34;227347;1352603;850409;108;2203120;561301;850409;1411710;0,379949893;0,238882221;0,15767099;0,238882221;0,396553211;NA;NA
147;REGIONAL;07/06/21;2021;23;ARS Norte;All;106663;106498;12;213173;1459266;956907;120;2416293;569171;956907;1526078;0,409911822;0,268797801;0,159881695;0,268797801;0,428679496;NA;NA
148;REGIONAL;14/06/21;2021;24;ARS Norte;All;105010;152304;15;257329;1564276;1109211;135;2673622;537540;1109211;1646751;0,439409419;0,311580412;0,15099646;0,311580412;0,462576873;NA;NA
149;REGIONAL;21/06/21;2021;25;ARS Norte;All;146158;105250;6;251414;1710434;1214461;141;2925036;594989;1214461;1809450;0,480465602;0,341145426;0,167134042;0,341145426;0,508279468;NA;NA
150;REGIONAL;28/06/21;2021;26;ARS Norte;All;163574;117083;13;280670;1874008;1331544;154;3205706;647888;1331544;1979432;0,526413987;0,374034362;0,181993516;0,374034362;0,556027878;NA;NA
151;REGIONAL;05/07/21;2021;27;ARS Norte;All;175896;157716;18;333630;2049904;1489260;172;3539336;680307;1489260;2169567;0,575823656;0,418337219;0,191100102;0,418337219;0,609437321;NA;NA
152;REGIONAL;12/07/21;2021;28;ARS Norte;All;104783;156590;19;261392;2154687;1645850;191;3800728;677878;1645850;2323728;0,605257488;0,462323779;0,190417789;0,462323779;0,652741569;NA;NA
153;REGIONAL;19/07/21;2021;29;ARS Norte;All;51461;189187;11;240659;2206148;1835037;202;4041387;591850;1835037;2426887;0,619713024;0,515466926;0,166252288;0,515466926;0,681719215;NA;NA
154;REGIONAL;26/07/21;2021;30;ARS Norte;All;35120;185035;18;220173;2241268;2020072;220;4261560;477533;2020072;2497605;0,629578328;0,567443765;0,134140329;0,567443765;0,701584095;NA;NA
155;REGIONAL;02/08/21;2021;31;ARS Norte;All;41572;189510;24;231106;2282840;2209582;244;4492666;367954;2209582;2577536;0,641256017;0,620677644;0,103359288;0,620677644;0,724036932;NA;NA
156;REGIONAL;04/01/21;2021;1;Outro;All;0;0;0;0;0;0;0;0;0;0;0;NA;NA;NA;NA;NA;NA;NA
157;REGIONAL;11/01/21;2021;2;Outro;All;0;0;0;0;0;0;0;0;0;0;0;NA;NA;NA;NA;NA;NA;NA
158;REGIONAL;18/01/21;2021;3;Outro;All;0;0;0;0;0;0;0;0;0;0;0;NA;NA;NA;NA;NA;NA;NA
159;REGIONAL;25/01/21;2021;4;Outro;All;0;0;0;0;0;0;0;0;0;0;0;NA;NA;NA;NA;NA;NA;NA
160;REGIONAL;01/02/21;2021;5;Outro;All;0;0;0;0;0;0;0;0;0;0;0;NA;NA;NA;NA;NA;NA;NA
161;REGIONAL;08/02/21;2021;6;Outro;All;0;0;0;0;0;0;0;0;0;0;0;NA;NA;NA;NA;NA;NA;NA
162;REGIONAL;15/02/21;2021;7;Outro;All;0;0;0;0;0;0;0;0;0;0;0;NA;NA;NA;NA;NA;NA;NA
163;REGIONAL;22/02/21;2021;8;Outro;All;0;0;0;0;0;0;0;0;0;0;0;NA;NA;NA;NA;NA;NA;NA
164;REGIONAL;01/03/21;2021;9;Outro;All;0;0;0;0;0;0;0;0;0;0;0;NA;NA;NA;NA;NA;NA;NA
165;REGIONAL;08/03/21;2021;10;Outro;All;0;0;0;0;0;0;0;0;0;0;0;NA;NA;NA;NA;NA;NA;NA
166;REGIONAL;15/03/21;2021;11;Outro;All;0;0;0;0;0;0;0;0;0;0;0;NA;NA;NA;NA;NA;NA;NA
167;REGIONAL;22/03/21;2021;12;Outro;All;0;0;0;0;0;0;0;0;0;0;0;NA;NA;NA;NA;NA;NA;NA
168;REGIONAL;29/03/21;2021;13;Outro;All;0;0;0;0;0;0;0;0;0;0;0;NA;NA;NA;NA;NA;NA;NA
169;REGIONAL;05/04/21;2021;14;Outro;All;0;0;0;0;0;0;0;0;0;0;0;NA;NA;NA;NA;NA;NA;NA
170;REGIONAL;12/04/21;2021;15;Outro;All;0;0;0;0;0;0;0;0;0;0;0;NA;NA;NA;NA;NA;NA;NA
171;REGIONAL;19/04/21;2021;16;Outro;All;0;0;0;0;0;0;0;0;0;0;0;NA;NA;NA;NA;NA;NA;NA
172;REGIONAL;26/04/21;2021;17;Outro;All;0;0;0;0;0;0;0;0;0;0;0;NA;NA;NA;NA;NA;NA;NA
173;REGIONAL;03/05/21;2021;18;Outro;All;0;0;0;0;0;0;0;0;0;0;0;NA;NA;NA;NA;NA;NA;NA
174;REGIONAL;10/05/21;2021;19;Outro;All;0;0;0;0;0;0;0;0;0;0;0;NA;NA;NA;NA;NA;NA;NA
175;REGIONAL;17/05/21;2021;20;Outro;All;0;0;0;0;0;0;0;0;0;0;0;NA;NA;NA;NA;NA;NA;NA
176;REGIONAL;24/05/21;2021;21;Outro;All;0;0;0;0;0;0;0;0;0;0;0;NA;NA;NA;NA;NA;NA;NA
177;REGIONAL;31/05/21;2021;22;Outro;All;0;0;0;0;0;0;0;0;0;0;0;NA;NA;NA;NA;NA;NA;NA
178;REGIONAL;07/06/21;2021;23;Outro;All;0;0;0;0;0;0;0;0;0;0;0;NA;NA;NA;NA;NA;NA;NA
179;REGIONAL;14/06/21;2021;24;Outro;All;0;0;0;0;0;0;0;0;0;0;0;NA;NA;NA;NA;NA;NA;NA
180;REGIONAL;21/06/21;2021;25;Outro;All;0;0;0;0;0;0;0;0;0;0;0;NA;NA;NA;NA;NA;NA;NA
181;REGIONAL;28/06/21;2021;26;Outro;All;0;0;0;0;0;0;0;0;0;0;0;NA;NA;NA;NA;NA;NA;NA
182;REGIONAL;05/07/21;2021;27;Outro;All;0;0;0;0;0;0;0;0;0;0;0;NA;NA;NA;NA;NA;NA;NA
183;REGIONAL;12/07/21;2021;28;Outro;All;0;0;0;0;0;0;0;0;0;0;0;NA;NA;NA;NA;NA;NA;NA
184;REGIONAL;19/07/21;2021;29;Outro;All;0;0;0;0;0;0;0;0;0;0;0;NA;NA;NA;NA;NA;NA;NA
185;REGIONAL;26/07/21;2021;30;Outro;All;0;0;0;0;0;0;0;0;0;0;0;NA;NA;NA;NA;NA;NA;NA
186;REGIONAL;02/08/21;2021;31;Outro;All;0;0;0;0;0;0;0;0;0;0;0;NA;NA;NA;NA;NA;NA;NA
187;REGIONAL;04/01/21;2021;1;RA_Madeira;All;1727;0;0;1727;2367;0;0;2367;2367;0;2367;0,009321724;0;0,009321724;0;0,009321724;NA;NA
188;REGIONAL;11/01/21;2021;2;RA_Madeira;All;1763;0;0;1763;4130;0;0;4130;4130;0;4130;0,016264773;0;0,016264773;0;0,016264773;NA;NA
189;REGIONAL;18/01/21;2021;3;RA_Madeira;All;1082;539;0;1621;5212;539;0;5751;4673;539;5212;0,020525907;0,002122691;0,018403217;0,002122691;0,020525907;NA;NA
190;REGIONAL;25/01/21;2021;4;RA_Madeira;All;413;1632;0;2045;5625;2171;0;7796;3454;2171;5625;0,022152385;0,008549836;0,013602549;0,008549836;0,022152385;NA;NA
191;REGIONAL;01/02/21;2021;5;RA_Madeira;All;2238;1521;0;3759;7863;3692;0;11555;4171;3692;7863;0,03096608;0,014539841;0,016426239;0,014539841;0,03096608;NA;NA
192;REGIONAL;08/02/21;2021;6;RA_Madeira;All;3166;1088;0;4254;11029;4780;0;15809;6249;4780;11029;0,043434427;0,018824604;0,024609823;0,018824604;0,043434427;NA;NA
193;REGIONAL;15/02/21;2021;7;RA_Madeira;All;2505;639;0;3144;13534;5419;0;18953;8115;5419;13534;0,053299622;0,021341115;0,031958507;0,021341115;0,053299622;NA;NA
194;REGIONAL;22/02/21;2021;8;RA_Madeira;All;2264;2158;0;4422;15798;7577;0;23375;8221;7577;15798;0,062215711;0,029839755;0,032375956;0,029839755;0,062215711;NA;NA
195;REGIONAL;01/03/21;2021;9;RA_Madeira;All;1439;3121;0;4560;17237;10698;0;27935;6540;10698;17238;0,067882783;0,042130882;0,025755839;0,042130882;0,067886722;NA;NA
196;REGIONAL;08/03/21;2021;10;RA_Madeira;All;4908;2399;0;7307;22145;13097;0;35242;9049;13097;22146;0,087211477;0,051578628;0,035636788;0,051578628;0,087215416;NA;NA
197;REGIONAL;15/03/21;2021;11;RA_Madeira;All;3124;2354;0;5478;25269;15451;0;40720;9819;15451;25270;0,09951442;0,060849155;0,038669203;0,060849155;0,099518358;NA;NA
198;REGIONAL;22/03/21;2021;12;RA_Madeira;All;5300;184;0;5484;30569;15635;0;46204;14935;15635;30570;0,120386889;0,061573784;0,058817043;0,061573784;0,120390827;NA;NA
199;REGIONAL;29/03/21;2021;13;RA_Madeira;All;1214;1265;0;2479;31783;16900;0;48683;14884;16900;31784;0,125167866;0,066555609;0,058616195;0,066555609;0,125171804;NA;NA
200;REGIONAL;05/04/21;2021;14;RA_Madeira;All;10228;1304;0;11532;42011;18204;0;60215;23808;18204;42012;0,165447793;0,071691024;0,093760707;0,071691024;0,165451731;NA;NA
201;REGIONAL;12/04/21;2021;15;RA_Madeira;All;8445;1307;0;9752;50456;19511;0;69967;30947;19511;50458;0,198705907;0,076838254;0,121875529;0,076838254;0,198713783;NA;NA
202;REGIONAL;19/04/21;2021;16;RA_Madeira;All;9839;2136;0;11975;60295;21647;0;81942;38651;21647;60298;0,237453874;0,085250253;0,152215435;0,085250253;0,237465688;NA;NA
203;REGIONAL;26/04/21;2021;17;RA_Madeira;All;8837;808;0;9645;69132;22455;0;91587;46681;22455;69136;0,272255763;0,08843232;0,183839195;0,08843232;0,272271515;NA;NA
204;REGIONAL;03/05/21;2021;18;RA_Madeira;All;7628;5297;0;12925;76760;27752;0;104512;49013;27752;76765;0,302296365;0,109292975;0,193023082;0,109292975;0,302316056;NA;NA
205;REGIONAL;10/05/21;2021;19;RA_Madeira;All;11618;6446;0;18064;88378;34198;0;122576;54187;34198;88385;0,348050393;0,134678623;0,213399338;0,134678623;0,348077961;NA;NA
206;REGIONAL;17/05/21;2021;20;RA_Madeira;All;2351;7623;0;9974;90729;41821;0;132550;48915;41821;90736;0,357309106;0,164699535;0,192637138;0,164699535;0,357336673;NA;NA
207;REGIONAL;24/05/21;2021;21;RA_Madeira;All;3462;8988;0;12450;94191;50809;0;145000;43391;50809;94200;0,37094316;0,200096092;0,170882512;0,200096092;0,370978604;NA;NA
208;REGIONAL;31/05/21;2021;22;RA_Madeira;All;7578;10940;0;18518;101769;61749;0;163518;40339;61749;102088;0,400786853;0,243180019;0,15886312;0,243180019;0,402043139;NA;NA
209;REGIONAL;07/06/21;2021;23;RA_Madeira;All;3622;15312;0;18934;105391;77061;0;182452;30748;77061;107809;0,415051019;0,303481764;0,121091827;0,303481764;0,424573591;NA;NA
210;REGIONAL;14/06/21;2021;24;RA_Madeira;All;3521;8110;0;11631;108912;85171;0;194083;28679;85171;113850;0,428917428;0,33542058;0,112943688;0,33542058;0,448364268;NA;NA
211;REGIONAL;21/06/21;2021;25;RA_Madeira;All;12577;3703;0;16280;121489;88874;0;210363;37697;88874;126571;0,478448191;0,350003741;0,148458391;0,350003741;0,498462132;NA;NA
212;REGIONAL;28/06/21;2021;26;RA_Madeira;All;9998;12287;0;22285;131487;101161;0;232648;35583;101161;136744;0,517822332;0,398392426;0,140133032;0,398392426;0,538525459;NA;NA
213;REGIONAL;05/07/21;2021;27;RA_Madeira;All;12484;6890;0;19374;143971;108051;0;252022;41558;108051;149609;0,566986842;0,425526636;0,163663788;0,425526636;0,589190424;NA;NA
214;REGIONAL;12/07/21;2021;28;RA_Madeira;All;10378;5562;0;15940;154349;113613;0;267962;47614;113613;161227;0,6078575;0,447430914;0,187513538;0,447430914;0,634944452;NA;NA
215;REGIONAL;19/07/21;2021;29;RA_Madeira;All;4159;14648;0;18807;158508;128261;0;286769;39493;128261;167754;0,624236481;0,505117693;0,155531401;0,505117693;0,660649094;NA;NA
216;REGIONAL;26/07/21;2021;30;RA_Madeira;All;5509;13627;0;19136;164017;141888;0;305905;34609;141888;176497;0,645932035;0,558783568;0,136297224;0,558783568;0,695080792;NA;NA
217;REGIONAL;02/08/21;2021;31;RA_Madeira;All;4369;14137;0;18506;168386;156025;0;324411;26907;156025;182932;0,663138038;0,614457926;0,105965194;0,614457926;0,72042312;NA;NA
218;REGIONAL;04/01/21;2021;1;RA_Acores;All;3644;2;0;3646;5629;2;0;5631;5627;2;5629;0,023241027;8,26E-06;0,023232769;8,2576E-06;0,023241027;NA;NA
219;REGIONAL;11/01/21;2021;2;RA_Acores;All;1;0;0;1;5630;2;0;5632;5628;2;5630;0,023245156;8,26E-06;0,023236898;8,2576E-06;0,023245156;NA;NA
220;REGIONAL;18/01/21;2021;3;RA_Acores;All;28;1924;7;1959;5658;1926;7;7591;3732;1926;5658;0,023360762;0,007952073;0,015408689;0,007952073;0,023360762;NA;NA
221;REGIONAL;25/01/21;2021;4;RA_Acores;All;279;3499;47;3825;5937;5425;54;11416;512;5425;5937;0,024512698;0,022398751;0,002113947;0,022398751;0,024512698;NA;NA
222;REGIONAL;01/02/21;2021;5;RA_Acores;All;1879;17;0;1896;7816;5442;54;13312;2374;5442;7816;0,032270717;0,022468941;0,009801776;0,022468941;0,032270717;NA;NA
223;REGIONAL;08/02/21;2021;6;RA_Acores;All;1059;3;0;1062;8875;5445;54;14374;3430;5445;8875;0,036643119;0,022481327;0,014161791;0,022481327;0,036643119;NA;NA
224;REGIONAL;15/02/21;2021;7;RA_Acores;All;2078;322;3;2403;10953;5767;57;16777;5186;5767;10953;0,04522277;0,023810802;0,021411968;0,023810802;0,04522277;NA;NA
225;REGIONAL;22/02/21;2021;8;RA_Acores;All;1481;1612;13;3106;12434;7379;70;19883;5055;7379;12434;0,051337525;0,030466431;0,020871095;0,030466431;0,051337525;NA;NA
226;REGIONAL;01/03/21;2021;9;RA_Acores;All;757;1157;8;1922;13191;8536;78;21805;4655;8536;13191;0,054463029;0,035243455;0,019219574;0,035243455;0,054463029;NA;NA
227;REGIONAL;08/03/21;2021;10;RA_Acores;All;2619;2062;9;4690;15810;10598;87;26495;5212;10598;15810;0,065276361;0,043757045;0,021519317;0,043757045;0,065276361;NA;NA
228;REGIONAL;15/03/21;2021;11;RA_Acores;All;2537;1439;8;3984;18347;12037;95;30479;6311;12037;18348;0,075751132;0,049698391;0,02605687;0,049698391;0,075755261;NA;NA
229;REGIONAL;22/03/21;2021;12;RA_Acores;All;4115;735;0;4850;22462;12772;95;35329;9692;12772;22464;0,092741153;0,052733061;0,04001635;0,052733061;0,092749411;NA;NA
230;REGIONAL;29/03/21;2021;13;RA_Acores;All;1950;764;0;2714;24412;13536;95;38043;10879;13536;24415;0,100792317;0,055887465;0,044917238;0,055887465;0,100804704;NA;NA
231;REGIONAL;05/04/21;2021;14;RA_Acores;All;3891;2364;1;6256;28303;15900;96;44299;12410;15900;28310;0,116857486;0,065647954;0,051238434;0,065647954;0,116886388;NA;NA
232;REGIONAL;12/04/21;2021;15;RA_Acores;All;4245;2407;0;6652;32548;18307;96;50951;14248;18307;32555;0,134384251;0,07558598;0,058827172;0,07558598;0,134413153;NA;NA
233;REGIONAL;19/04/21;2021;16;RA_Acores;All;7996;1061;0;9057;40544;19368;96;60008;21183;19368;40551;0,167398153;0,079966639;0,087460415;0,079966639;0,167427054;NA;NA
234;REGIONAL;26/04/21;2021;17;RA_Acores;All;9277;2965;1;12243;49821;22333;97;72251;27497;22333;49830;0,20570105;0,092208538;0,113529672;0,092208538;0,205738209;NA;NA
235;REGIONAL;03/05/21;2021;18;RA_Acores;All;9755;2834;0;12589;59576;25167;97;84840;34420;25167;59587;0,245977515;0,103909563;0,142113369;0,103909563;0,246022931;NA;NA
236;REGIONAL;10/05/21;2021;19;RA_Acores;All;9466;2312;1;11779;69042;27479;98;96619;41574;27479;69053;0,285060755;0,113455353;0,171650819;0,113455353;0,285106172;NA;NA
237;REGIONAL;17/05/21;2021;20;RA_Acores;All;12175;5091;0;17266;81217;32570;98;113885;48662;32570;81232;0,335328921;0,134475085;0,200915768;0,134475085;0,335390853;NA;NA
238;REGIONAL;24/05/21;2021;21;RA_Acores;All;5676;8206;0;13882;86893;40776;98;127767;46132;40776;86908;0,358764002;0,168356035;0,190469899;0,168356035;0,358825934;NA;NA
239;REGIONAL;31/05/21;2021;22;RA_Acores;All;5495;10146;0;15641;92388;50922;98;143408;41483;50922;92405;0,381451769;0,210246861;0,171275098;0,210246861;0,381521959;NA;NA
240;REGIONAL;07/06/21;2021;23;RA_Acores;All;7917;12005;4;19926;100305;62927;102;163334;37395;62927;100322;0,414139496;0,25981313;0,154396555;0,25981313;0,414209685;NA;NA
241;REGIONAL;14/06/21;2021;24;RA_Acores;All;9312;7717;2;17031;109617;70644;104;180365;39466;70644;110110;0,452586901;0,291675096;0,162947304;0,291675096;0,4546224;NA;NA
242;REGIONAL;21/06/21;2021;25;RA_Acores;All;7550;10144;2;17696;117167;80788;106;198061;39688;80788;120476;0,483759357;0,333557665;0,163863898;0,333557665;0,497421563;NA;NA
243;REGIONAL;28/06/21;2021;26;RA_Acores;All;6713;12529;7;19249;123880;93317;113;217310;35420;93317;128737;0,511476005;0,385287427;0,146242171;0,385287427;0,531529597;NA;NA
244;REGIONAL;05/07/21;2021;27;RA_Acores;All;6163;16154;7;22324;130043;109471;120;239634;27163;109471;136634;0,536921813;0,451984096;0,112150652;0,451984096;0,564134748;NA;NA
245;REGIONAL;12/07/21;2021;28;RA_Acores;All;2831;11747;3;14581;132874;121218;123;254215;19873;121218;141091;0,548610452;0,500485134;0,082051684;0,500485134;0,582536819;NA;NA
246;REGIONAL;19/07/21;2021;29;RA_Acores;All;5709;8949;3;14661;138583;130167;126;268876;18424;130167;148591;0,572181783;0,537433784;0,07606905;0,537433784;0,613502834;NA;NA
247;REGIONAL;26/07/21;2021;30;RA_Acores;All;7158;8878;5;16041;145741;139045;131;284917;19450;139045;158495;0,601735748;0,574089289;0,080305201;0,574089289;0,654394491;NA;NA
248;REGIONAL;02/08/21;2021;31;RA_Acores;All;9685;6483;2;16170;155426;145528;133;301087;26297;145528;171825;0,641723197;0,600856314;0,108575109;0,600856314;0,709431423;NA;NA
249;AGES;04/01/21;2021;1;All;0-17 anos;4;0;0;4;6;0;0;6;6;0;6;3,53E-06;0;3,53E-06;0;3,52591E-06;NA;NA
250;AGES;04/01/21;2021;1;All;18-24 anos;1792;2;0;1794;3149;3;0;3152;3146;3;3149;0,004031107;3,84E-06;0,004027267;3,84037E-06;0,004031107;NA;NA
251;AGES;04/01/21;2021;1;All;25-49 anos;27518;38;0;27556;51272;42;0;51314;51235;42;51277;0,015389783;1,26E-05;0,015378677;1,26067E-05;0,015391284;NA;NA
252;AGES;04/01/21;2021;1;All;50-64 anos;12982;8;0;12990;22193;8;0;22201;22186;8;22194;0,010207522;3,68E-06;0,010204302;3,67955E-06;0,010207982;NA;NA
253;AGES;04/01/21;2021;1;All;65-79 anos;2307;1;0;2308;3259;1;0;3260;3258;1;3259;0,002001771;6,14E-07;0,002001157;6,14229E-07;0,002001771;NA;NA
254;AGES;04/01/21;2021;1;All;80 ou mais anos;3796;6;0;3802;4063;6;0;4069;4057;6;4063;0,005961062;8,80E-06;0,005952259;8,80295E-06;0,005961062;NA;NA
255;AGES;04/01/21;2021;1;All;Desconhecido;1;0;0;1;1;0;0;1;1;0;1;NA;NA;NA;NA;NA;NA;NA
256;AGES;11/01/21;2021;2;All;0-17 anos;15;0;0;15;21;0;0;21;21;0;21;1,23E-05;0;1,23E-05;0;1,23407E-05;NA;NA
257;AGES;11/01/21;2021;2;All;18-24 anos;1413;56;0;1469;4562;59;0;4621;4503;59;4562;0,005839921;7,55E-05;0,005764393;7,55273E-05;0,005839921;NA;NA
258;AGES;11/01/21;2021;2;All;25-49 anos;16471;787;0;17258;67743;829;0;68572;66919;829;67748;0,020333711;0,000248832;0,02008638;0,000248832;0,020335212;NA;NA
259;AGES;11/01/21;2021;2;All;50-64 anos;11670;302;0;11972;33863;310;0;34173;33554;310;33864;0,01557506;0,000142582;0,015432938;0,000142582;0,01557552;NA;NA
260;AGES;11/01/21;2021;2;All;65-79 anos;5531;27;0;5558;8790;28;0;8818;8762;28;8790;0,005399071;1,72E-05;0,005381872;1,71984E-05;0,005399071;NA;NA
261;AGES;11/01/21;2021;2;All;80 ou mais anos;14479;0;1;14480;18542;6;1;18549;18536;6;18542;0,027204038;8,80E-06;0,027195235;8,80295E-06;0,027204038;NA;NA
262;AGES;11/01/21;2021;2;All;Desconhecido;0;0;0;0;1;0;0;1;1;0;1;NA;NA;NA;NA;NA;NA;NA
263;AGES;18/01/21;2021;3;All;0-17 anos;69;1;0;70;90;1;0;91;89;1;90;5,29E-05;5,88E-07;5,23E-05;5,87652E-07;5,28887E-05;NA;NA
264;AGES;18/01/21;2021;3;All;18-24 anos;3818;1195;0;5013;8380;1254;0;9634;7126;1254;8380;0,01072743;0,001605274;0,009122156;0,001605274;0,01072743;NA;NA
265;AGES;18/01/21;2021;3;All;25-49 anos;37396;21708;5;59109;105139;22537;5;127681;82608;22537;105145;0,03155848;0,006764697;0,024795584;0,006764697;0,031560281;NA;NA
266;AGES;18/01/21;2021;3;All;50-64 anos;27392;8573;2;35967;61255;8883;2;70140;52373;8883;61256;0,028173827;0,004085676;0,024088611;0,004085676;0,028174287;NA;NA
267;AGES;18/01/21;2021;3;All;65-79 anos;14073;910;1;14984;22863;938;1;23802;21925;938;22863;0,014043111;0,000576147;0,013466965;0,000576147;0,014043111;NA;NA
268;AGES;18/01/21;2021;3;All;80 ou mais anos;39011;258;2;39271;57553;264;3;57820;57289;264;57553;0,084439326;0,00038733;0,084051996;0,00038733;0,084439326;NA;NA
269;AGES;18/01/21;2021;3;All;Desconhecido;0;0;0;0;1;0;0;1;1;0;1;NA;NA;NA;NA;NA;NA;NA
270;AGES;25/01/21;2021;4;All;0-17 anos;14;3;0;17;104;4;0;108;100;4;104;6,11E-05;2,35E-06;5,88E-05;2,35061E-06;6,11158E-05;NA;NA
271;AGES;25/01/21;2021;4;All;18-24 anos;1371;1625;1;2997;9751;2879;1;12631;6873;2879;9752;0,012482478;0,003685474;0,008798285;0,003685474;0,012483758;NA;NA
272;AGES;25/01/21;2021;4;All;25-49 anos;15573;26064;17;41654;120712;48601;22;169335;72117;48601;120718;0,036232865;0,014588056;0,02164661;0,014588056;0,036234666;NA;NA
273;AGES;25/01/21;2021;4;All;50-64 anos;10748;12403;11;23162;72003;21286;13;93302;50718;21286;72004;0,033117298;0,009790353;0,023327405;0,009790353;0,033117758;NA;NA
274;AGES;25/01/21;2021;4;All;65-79 anos;6502;2139;14;8655;29365;3077;15;32457;26288;3077;29365;0,018036827;0,001889982;0,016146845;0,001889982;0,018036827;NA;NA
275;AGES;25/01/21;2021;4;All;80 ou mais anos;7360;3370;23;10753;64913;3634;26;68573;61279;3634;64913;0,095237606;0,005331651;0,089905955;0,005331651;0,095237606;NA;NA
276;AGES;25/01/21;2021;4;All;Desconhecido;0;0;0;0;1;0;0;1;1;0;1;NA;NA;NA;NA;NA;NA;NA
277;AGES;01/02/21;2021;5;All;0-17 anos;35;4;0;39;139;8;0;147;131;8;139;8,17E-05;4,70E-06;7,70E-05;4,70122E-06;8,16836E-05;NA;NA
278;AGES;01/02/21;2021;5;All;18-24 anos;976;940;0;1916;10727;3819;1;14547;6910;3819;10729;0,013731878;0,004888789;0,008845649;0,004888789;0,013734439;NA;NA
279;AGES;01/02/21;2021;5;All;25-49 anos;9982;12515;1;22498;130694;61116;23;191833;69588;61116;130704;0,039229058;0,018344554;0,020887506;0,018344554;0,03923206;NA;NA
280;AGES;01/02/21;2021;5;All;50-64 anos;5524;9206;0;14730;77527;30492;13;108032;47037;30492;77529;0,035658025;0,014024591;0,021634353;0,014024591;0,035658945;NA;NA
281;AGES;01/02/21;2021;5;All;65-79 anos;2730;4168;0;6898;32095;7245;15;39355;24850;7245;32095;0,019713671;0,004450087;0,015263584;0,004450087;0,019713671;NA;NA
282;AGES;01/02/21;2021;5;All;80 ou mais anos;4524;10640;0;15164;69437;14274;26;83737;55163;14274;69437;0,101875028;0,020942209;0,080932819;0,020942209;0,101875028;NA;NA
283;AGES;01/02/21;2021;5;All;Desconhecido;0;0;0;0;1;0;0;1;1;0;1;NA;NA;NA;NA;NA;NA;NA
284;AGES;08/02/21;2021;6;All;0-17 anos;37;67;0;104;176;75;0;251;101;75;176;0,000103427;4,41E-05;5,94E-05;4,40739E-05;0,000103427;NA;NA
285;AGES;08/02/21;2021;6;All;18-24 anos;1457;3049;0;4506;12184;6868;1;19053;5318;6868;12186;0,015597017;0,008791884;0,006807694;0,008791884;0,015599578;NA;NA
286;AGES;08/02/21;2021;6;All;25-49 anos;13798;30776;3;44577;144492;91892;26;236410;52610;91892;144502;0,04337066;0,027582265;0,015791396;0,027582265;0,043373662;NA;NA
287;AGES;08/02/21;2021;6;All;50-64 anos;6866;22262;3;29131;84393;52754;16;137163;31641;52754;84395;0,038815996;0,024263849;0,014553066;0,024263849;0,038816915;NA;NA
288;AGES;08/02/21;2021;6;All;65-79 anos;3721;11499;2;15222;35816;18744;17;54577;17072;18744;35816;0,021999216;0,011513103;0,010486113;0,011513103;0,021999216;NA;NA
289;AGES;08/02/21;2021;6;All;80 ou mais anos;14833;31520;2;46355;84270;45794;28;130092;38476;45794;84270;0,123637377;0,067187019;0,056450359;0,067187019;0,123637377;NA;NA
290;AGES;08/02/21;2021;6;All;Desconhecido;1;0;0;1;2;0;0;2;2;0;2;NA;NA;NA;NA;NA;NA;NA
291;AGES;15/02/21;2021;7;All;0-17 anos;32;16;0;48;208;91;0;299;117;91;208;0,000122232;5,35E-05;6,88E-05;5,34763E-05;0,000122232;NA;NA
292;AGES;15/02/21;2021;7;All;18-24 anos;2291;1731;0;4022;14475;8599;1;23075;5878;8599;14477;0,018529779;0,011007777;0,007524562;0,011007777;0,018532339;NA;NA
293;AGES;15/02/21;2021;7;All;25-49 anos;22234;18957;7;41198;166726;110849;33;277608;55887;110849;166736;0,050044409;0,033272391;0,016775019;0,033272391;0,05004741;NA;NA
294;AGES;15/02/21;2021;7;All;50-64 anos;25061;12943;2;38006;109454;65697;18;175169;43759;65697;109456;0,050342635;0,030216895;0,020126659;0,030216895;0,050343555;NA;NA
295;AGES;15/02/21;2021;7;All;65-79 anos;5072;7221;1;12294;40888;25965;18;66871;14923;25965;40888;0,025114584;0,015948449;0,009166135;0,015948449;0,025114584;NA;NA
296;AGES;15/02/21;2021;7;All;80 ou mais anos;48607;9245;2;57854;132877;55039;30;187946;77838;55039;132877;0,19495151;0,080750891;0,114200619;0,080750891;0,19495151;NA;NA
297;AGES;15/02/21;2021;7;All;Desconhecido;0;0;0;0;2;0;0;2;2;0;2;NA;NA;NA;NA;NA;NA;NA
298;AGES;22/02/21;2021;8;All;0-17 anos;22;32;0;54;230;123;0;353;107;123;230;0,00013516;7,23E-05;6,29E-05;7,22812E-05;0,00013516;NA;NA
299;AGES;22/02/21;2021;8;All;18-24 anos;1295;697;1;1993;15770;9296;2;25068;6476;9296;15772;0,020187538;0,011900022;0,008290076;0,011900022;0,020190098;NA;NA
300;AGES;22/02/21;2021;8;All;25-49 anos;11514;7276;7;18797;178240;118125;40;296405;60125;118125;178250;0,053500446;0,035456352;0,018047096;0,035456352;0,053503448;NA;NA
301;AGES;22/02/21;2021;8;All;50-64 anos;49762;4955;2;54719;159216;70652;20;229888;88566;70652;159218;0,073230334;0,032495915;0,040735339;0,032495915;0,073231254;NA;NA
302;AGES;22/02/21;2021;8;All;65-79 anos;11630;2447;2;14079;52518;28412;20;80950;24106;28412;52518;0,032258065;0,017451467;0,014806598;0,017451467;0,032258065;NA;NA
303;AGES;22/02/21;2021;8;All;80 ou mais anos;102540;5187;4;107731;235417;60226;34;295677;175191;60226;235417;0,345393858;0,088361038;0,25703282;0,088361038;0,345393858;NA;NA
304;AGES;22/02/21;2021;8;All;Desconhecido;0;0;0;0;2;0;0;2;2;0;2;NA;NA;NA;NA;NA;NA;NA
305;AGES;01/03/21;2021;9;All;0-17 anos;11;30;0;41;241;153;0;394;88;153;241;0,000141624;8,99E-05;5,17E-05;8,99108E-05;0,000141624;NA;NA
306;AGES;01/03/21;2021;9;All;18-24 anos;902;1026;1;1929;16672;10322;3;26997;6353;10322;16675;0,021342209;0,013213428;0,008132621;0,013213428;0,021346049;NA;NA
307;AGES;01/03/21;2021;9;All;25-49 anos;7474;9937;4;17415;185714;128062;44;313820;57672;128062;185734;0,055743839;0,038439038;0,017310804;0,038439038;0,055749842;NA;NA
308;AGES;01/03/21;2021;9;All;50-64 anos;30076;5956;4;36036;189292;76608;24;265924;112689;76608;189297;0,087063589;0,035235337;0,051830551;0,035235337;0,087065888;NA;NA
309;AGES;01/03/21;2021;9;All;65-79 anos;13190;3771;2;16963;65708;32183;22;97913;33530;32183;65713;0,040359741;0,019767723;0,020595089;0,019767723;0,040362813;NA;NA
310;AGES;01/03/21;2021;9;All;80 ou mais anos;87171;12739;2;99912;322588;72965;36;395589;249623;72965;322588;0,47328746;0,10705116;0,3662363;0,10705116;0,47328746;NA;NA
311;AGES;01/03/21;2021;9;All;Desconhecido;0;0;0;0;2;0;0;2;2;0;2;NA;NA;NA;NA;NA;NA;NA
312;AGES;08/03/21;2021;10;All;0-17 anos;16;25;0;41;257;178;0;435;79;178;257;0,000151027;0,000104602;4,64E-05;0,000104602;0,000151027;NA;NA
313;AGES;08/03/21;2021;10;All;18-24 anos;1337;640;1;1978;18009;10962;4;28975;7053;10962;18015;0,023053733;0,014032707;0,009028707;0,014032707;0,023061414;NA;NA
314;AGES;08/03/21;2021;10;All;25-49 anos;16129;6162;7;22298;201843;134224;51;336118;67652;134224;201876;0,060585113;0,040288621;0,020306397;0,040288621;0,060595018;NA;NA
315;AGES;08/03/21;2021;10;All;50-64 anos;22053;4271;1;26325;211345;80879;25;292249;130477;80879;211356;0,097206718;0,037199755;0,060012023;0,037199755;0,097211778;NA;NA
316;AGES;08/03/21;2021;10;All;65-79 anos;15772;3527;0;19299;81480;35710;22;117212;45779;35710;81489;0,050047357;0,021934108;0,028118777;0,021934108;0,050052885;NA;NA
317;AGES;08/03/21;2021;10;All;80 ou mais anos;40117;37263;0;77380;362705;110228;36;472969;252477;110228;362705;0,532145425;0,161721856;0,370423568;0,161721856;0,532145425;NA;NA
318;AGES;08/03/21;2021;10;All;Desconhecido;0;0;0;0;2;0;0;2;2;0;2;NA;NA;NA;NA;NA;NA;NA
319;AGES;15/03/21;2021;11;All;0-17 anos;3;23;0;26;260;201;0;461;59;201;260;0,00015279;0,000118118;3,47E-05;0,000118118;0,00015279;NA;NA
320;AGES;15/03/21;2021;11;All;18-24 anos;256;385;1;642;18265;11347;5;29617;6925;11347;18272;0,023381445;0,014525554;0,008864851;0,014525554;0,023390405;NA;NA
321;AGES;15/03/21;2021;11;All;25-49 anos;4479;3149;1;7629;206322;137373;52;343747;68988;137373;206361;0,061929528;0,041233824;0,02070741;0,041233824;0,061941234;NA;NA
322;AGES;15/03/21;2021;11;All;50-64 anos;4360;2287;3;6650;215705;83166;28;298899;132557;83166;215723;0,099212071;0,038251645;0,060968705;0,038251645;0,09922035;NA;NA
323;AGES;15/03/21;2021;11;All;65-79 anos;18049;6806;4;24859;99529;42516;26;142071;57026;42516;99542;0,061133571;0,026114549;0,035027008;0,026114549;0,061141556;NA;NA
324;AGES;15/03/21;2021;11;All;80 ou mais anos;54353;97349;8;151710;417058;207577;44;624679;209481;207577;417058;0,611889846;0,304548189;0,307341657;0,304548189;0,611889846;NA;NA
325;AGES;15/03/21;2021;11;All;Desconhecido;0;0;0;0;2;0;0;2;2;0;2;NA;NA;NA;NA;NA;NA;NA
326;AGES;22/03/21;2021;12;All;0-17 anos;27;11;0;38;287;212;0;499;75;212;287;0,000168656;0,000124582;4,41E-05;0,000124582;0,000168656;NA;NA
327;AGES;22/03/21;2021;12;All;18-24 anos;3130;135;0;3265;21395;11482;5;32882;9921;11482;21403;0,027388229;0,014698371;0,012700099;0,014698371;0,02739847;NA;NA
328;AGES;22/03/21;2021;12;All;25-49 anos;41986;1437;1;43424;248308;138810;53;387171;109542;138810;248352;0,074532029;0,041665153;0,032880082;0,041665153;0,074545236;NA;NA
329;AGES;22/03/21;2021;12;All;50-64 anos;34377;941;0;35318;250082;84107;28;334217;165999;84107;250106;0,115023542;0,038684452;0,076350129;0,038684452;0,115034581;NA;NA
330;AGES;22/03/21;2021;12;All;65-79 anos;52712;2149;0;54861;152241;44665;26;196932;107596;44665;152261;0,093510796;0,027434526;0,066088555;0,027434526;0,093523081;NA;NA
331;AGES;22/03/21;2021;12;All;80 ou mais anos;124529;16881;1;141411;541587;224458;45;766090;317129;224458;541587;0,794593524;0,329315278;0,465278246;0,329315278;0,794593524;NA;NA
332;AGES;22/03/21;2021;12;All;Desconhecido;0;0;0;0;2;0;0;2;2;0;2;NA;NA;NA;NA;NA;NA;NA
333;AGES;29/03/21;2021;13;All;0-17 anos;13;14;0;27;300;226;0;526;74;226;300;0,000176296;0,000132809;4,35E-05;0,000132809;0,000176296;NA;NA
334;AGES;29/03/21;2021;13;All;18-24 anos;543;82;1;626;21938;11564;6;33508;10384;11564;21948;0,028083336;0,014803341;0,013292796;0,014803341;0,028096137;NA;NA
335;AGES;29/03/21;2021;13;All;25-49 anos;4422;954;1;5377;252730;139764;54;392548;113033;139764;252797;0,075859334;0,041951506;0,033927939;0,041951506;0,075879445;NA;NA
336;AGES;29/03/21;2021;13;All;50-64 anos;7640;717;1;8358;257722;84824;29;342575;172932;84824;257756;0,118537509;0,039014231;0,079538916;0,039014231;0,118553147;NA;NA
337;AGES;29/03/21;2021;13;All;65-79 anos;88151;7309;0;95460;240392;51974;26;292392;188445;51974;240419;0,147655673;0,031923924;0,115748333;0,031923924;0,147672257;NA;NA
338;AGES;29/03/21;2021;13;All;80 ou mais anos;36733;75373;3;112109;578320;299831;48;878199;278489;299831;578320;0,848486627;0,439899353;0,408587274;0,439899353;0,848486627;NA;NA
339;AGES;29/03/21;2021;13;All;Desconhecido;0;0;0;0;2;0;0;2;2;0;2;NA;NA;NA;NA;NA;NA;NA
340;AGES;05/04/21;2021;14;All;0-17 anos;26;2;0;28;326;228;0;554;98;228;326;0,000191575;0,000133985;5,76E-05;0,000133985;0,000191575;NA;NA
341;AGES;05/04/21;2021;14;All;18-24 anos;772;146;0;918;22710;11710;6;34426;11020;11710;22730;0,029071591;0,014990239;0,014106954;0,014990239;0,029097193;NA;NA
342;AGES;05/04/21;2021;14;All;25-49 anos;8945;1100;0;10045;261675;140864;54;402593;120930;140864;261794;0,078544262;0,042281681;0,0362983;0,042281681;0,078579981;NA;NA
343;AGES;05/04/21;2021;14;All;50-64 anos;15081;869;0;15950;272803;85693;29;358525;187172;85693;272865;0,125473914;0,039413922;0,086088509;0,039413922;0,125502431;NA;NA
344;AGES;05/04/21;2021;14;All;65-79 anos;201273;5260;2;206535;441665;57234;28;498927;384469;57234;441703;0,271283333;0,035154767;0,236151906;0,035154767;0,271306673;NA;NA
345;AGES;05/04/21;2021;14;All;80 ou mais anos;30366;45794;6;76166;608686;345625;54;954365;263061;345625;608686;0,893038337;0,507086372;0,385951965;0,507086372;0,893038337;NA;NA
346;AGES;05/04/21;2021;14;All;Desconhecido;0;0;0;0;2;0;0;2;2;0;2;NA;NA;NA;NA;NA;NA;NA
347;AGES;12/04/21;2021;15;All;0-17 anos;45;4;0;49;371;232;0;603;139;232;371;0,000218019;0,000136335;8,17E-05;0,000136335;0,000218019;NA;NA
348;AGES;12/04/21;2021;15;All;18-24 anos;4269;88;0;4357;26979;11798;6;38783;15208;11798;27006;0,034536435;0,01510289;0,019468109;0,01510289;0,034570999;NA;NA
349;AGES;12/04/21;2021;15;All;25-49 anos;88948;676;1;89625;350623;141540;55;492218;209206;141540;350746;0,105242858;0,042484589;0,062795188;0,042484589;0,105279777;NA;NA
350;AGES;12/04/21;2021;15;All;50-64 anos;87891;515;0;88406;360694;86208;29;446931;274555;86208;360763;0,165898791;0,039650793;0,126279735;0,039650793;0,165930527;NA;NA
351;AGES;12/04/21;2021;15;All;65-79 anos;233737;3516;2;237255;675402;60750;30;736182;614691;60750;675441;0,414851314;0,037314395;0,377560873;0,037314395;0,414875269;NA;NA
352;AGES;12/04/21;2021;15;All;80 ou mais anos;10515;49447;4;59966;619201;395072;58;1014331;224129;395072;619201;0,9084655;0,579632917;0,328832583;0,579632917;0,9084655;NA;NA
353;AGES;12/04/21;2021;15;All;Desconhecido;0;0;0;0;2;0;0;2;2;0;2;NA;NA;NA;NA;NA;NA;NA
354;AGES;19/04/21;2021;16;All;0-17 anos;32;9;0;41;403;241;0;644;162;241;403;0,000236824;0,000141624;9,52E-05;0,000141624;0,000236824;NA;NA
355;AGES;19/04/21;2021;16;All;18-24 anos;1288;83;0;1371;28267;11881;6;40154;16413;11881;28294;0,036185234;0,01520914;0,021010657;0,01520914;0,036219797;NA;NA
356;AGES;19/04/21;2021;16;All;25-49 anos;10889;724;1;11614;361512;142264;56;503832;219374;142264;361638;0,108511295;0,042701905;0,065847211;0,042701905;0,108549116;NA;NA
357;AGES;19/04/21;2021;16;All;50-64 anos;14336;1708;2;16046;375030;87916;31;462977;287184;87916;375100;0,172492539;0,040436376;0,132088359;0,040436376;0,172524735;NA;NA
358;AGES;19/04/21;2021;16;All;65-79 anos;175826;13166;2;188994;851228;73916;32;925176;777353;73916;851269;0,522848695;0,045401331;0,477472547;0,045401331;0,522873878;NA;NA
359;AGES;19/04/21;2021;16;All;80 ou mais anos;8422;123161;10;131593;627623;518233;68;1145924;109390;518233;627623;0,920821902;0,760329524;0,160492378;0,760329524;0,920821902;NA;NA
360;AGES;19/04/21;2021;16;All;Desconhecido;0;0;0;0;2;0;0;2;2;0;2;NA;NA;NA;NA;NA;NA;NA
361;AGES;26/04/21;2021;17;All;0-17 anos;48;25;0;73;451;266;0;717;185;266;451;0,000265031;0,000156315;0,000108716;0,000156315;0,000265031;NA;NA
362;AGES;26/04/21;2021;17;All;18-24 anos;2601;150;1;2752;30868;12031;7;42906;18885;12031;30916;0,039514833;0,015401159;0,024175121;0,015401159;0,039576279;NA;NA
363;AGES;26/04/21;2021;17;All;25-49 anos;10733;836;4;11573;372245;143100;60;515405;229315;143100;372415;0,111732908;0,042952838;0,068831097;0,042952838;0,111783936;NA;NA
364;AGES;26/04/21;2021;17;All;50-64 anos;32812;2884;1;35697;407842;90800;32;498674;317374;90800;408174;0,187584198;0,041762852;0,145974047;0,041762852;0,1877369;NA;NA
365;AGES;26/04/21;2021;17;All;65-79 anos;293192;46297;3;339492;1144420;120213;35;1264668;1025246;120213;1145459;0,702935645;0,073838278;0,62973555;0,073838278;0,703573828;NA;NA
366;AGES;26/04/21;2021;17;All;80 ou mais anos;6141;39763;2;45906;633764;557996;70;1191830;75779;557996;633775;0,929831717;0,818668114;0,111179741;0,818668114;0,929847856;NA;NA
367;AGES;26/04/21;2021;17;All;Desconhecido;1;0;0;1;3;0;0;3;3;0;3;NA;NA;NA;NA;NA;NA;NA
368;AGES;03/05/21;2021;18;All;0-17 anos;104;14;1;119;555;280;1;836;275;280;555;0,000326147;0,000164543;0,000161604;0,000164543;0,000326147;NA;NA
369;AGES;03/05/21;2021;18;All;18-24 anos;1802;784;2;2588;32670;12815;9;45494;19929;12815;32744;0,041821615;0,016404775;0,025511569;0,016404775;0,041916344;NA;NA
370;AGES;03/05/21;2021;18;All;25-49 anos;9983;7868;2;17853;382228;150968;62;533258;231496;150968;382464;0,114729402;0,045314494;0,069485746;0,045314494;0,114800239;NA;NA
371;AGES;03/05/21;2021;18;All;50-64 anos;151352;14551;4;165907;559194;105351;36;664581;459823;105351;565174;0,257197538;0,048455487;0,211492511;0,048455487;0,259947999;NA;NA
372;AGES;03/05/21;2021;18;All;65-79 anos;202397;163951;4;366352;1346817;284164;39;1631020;1070217;284164;1354381;0,827253697;0,174541693;0,65735803;0,174541693;0,831899723;NA;NA
373;AGES;03/05/21;2021;18;All;80 ou mais anos;5103;31770;4;36877;638867;589766;74;1228707;49260;589766;639026;0,937318623;0,865279714;0,072272187;0,865279714;0,937551901;NA;NA
374;AGES;03/05/21;2021;18;All;Desconhecido;1;0;0;1;4;0;0;4;4;0;4;NA;NA;NA;NA;NA;NA;NA
375;AGES;10/05/21;2021;19;All;0-17 anos;156;42;0;198;711;322;1;1034;389;322;711;0,000417821;0,000189224;0,000228597;0,000189224;0,000417821;NA;NA
376;AGES;10/05/21;2021;19;All;18-24 anos;2193;5351;1;7545;34863;18166;10;53039;16785;18166;34951;0,044628924;0,023254712;0,021486863;0,023254712;0,044741575;NA;NA
377;AGES;10/05/21;2021;19;All;25-49 anos;24798;99938;5;124741;407026;250906;67;657999;156443;250906;407349;0,122172759;0,075311843;0,046957867;0,075311843;0,122269711;NA;NA
378;AGES;10/05/21;2021;19;All;50-64 anos;166561;109457;8;276026;725755;214808;44;940607;526634;214808;741442;0,333806155;0,098799502;0,242221784;0,098799502;0,341021286;NA;NA
379;AGES;10/05/21;2021;19;All;65-79 anos;91555;80077;5;171637;1438372;364241;44;1802657;1089512;364241;1453753;0,883489409;0,223727287;0,669209574;0,223727287;0,892936861;NA;NA
380;AGES;10/05/21;2021;19;All;80 ou mais anos;3780;9962;2;13744;642647;599728;76;1242451;43279;599728;643007;0,942864479;0,879895538;0,063497117;0,879895538;0,943392655;NA;NA
381;AGES;10/05/21;2021;19;All;Desconhecido;0;1;0;1;4;1;0;5;3;1;4;NA;NA;NA;NA;NA;NA;NA
382;AGES;17/05/21;2021;20;All;0-17 anos;311;24;0;335;1022;346;1;1369;676;346;1022;0,00060058;0,000203328;0,000397253;0,000203328;0,00060058;NA;NA
383;AGES;17/05/21;2021;20;All;18-24 anos;2039;2394;2;4435;36902;20560;12;57474;16433;20560;36993;0,047239095;0,026319327;0,021036259;0,026319327;0,047355586;NA;NA
384;AGES;17/05/21;2021;20;All;25-49 anos;32199;21713;2;53914;439225;272619;69;711913;167046;272619;439665;0,131837598;0,081829209;0,05014046;0,081829209;0,131969668;NA;NA
385;AGES;17/05/21;2021;20;All;50-64 anos;224632;75484;3;300119;950387;290292;47;1240726;693991;290292;984283;0,43712414;0,133517863;0,319196516;0,133517863;0,452714378;NA;NA
386;AGES;17/05/21;2021;20;All;65-79 anos;41275;111539;7;152821;1479647;475780;51;1955478;1024422;475780;1500202;0,9088417;0,292237746;0,629229425;0,292237746;0,921467171;NA;NA
387;AGES;17/05/21;2021;20;All;80 ou mais anos;4746;8356;1;13103;647393;608084;77;1255554;40103;608084;648187;0,949827609;0,892155108;0,058837424;0,892155108;0,950992532;NA;NA
388;AGES;17/05/21;2021;20;All;Desconhecido;0;0;0;0;4;1;0;5;3;1;4;NA;NA;NA;NA;NA;NA;NA
389;AGES;24/05/21;2021;21;All;0-17 anos;288;39;0;327;1310;385;1;1696;925;385;1310;0,000769824;0,000226246;0,000543578;0,000226246;0,000769824;NA;NA
390;AGES;24/05/21;2021;21;All;18-24 anos;2202;3201;5;5408;39104;23761;17;62882;15451;23761;39212;0,050057926;0,030417;0,019779179;0,030417;0,050196179;NA;NA
391;AGES;24/05/21;2021;21;All;25-49 anos;25885;18132;25;44042;465110;290751;94;755955;175052;290751;465803;0,139607229;0,087271702;0,052543537;0,087271702;0,13981524;NA;NA
392;AGES;24/05/21;2021;21;All;50-64 anos;175131;98229;37;273397;1125518;388521;84;1514123;814922;388521;1203443;0,517674471;0,178697634;0,37481792;0,178697634;0,553515554;NA;NA
393;AGES;24/05/21;2021;21;All;65-79 anos;23599;202381;18;225998;1503246;678161;69;2181476;850261;678161;1528422;0,923336884;0,416545971;0,522254735;0,416545971;0,938800706;NA;NA
394;AGES;24/05/21;2021;21;All;80 ou mais anos;4446;6340;0;10786;651839;614424;77;1266340;38684;614424;653108;0,956350592;0,901456888;0,056755528;0,901456888;0,958212415;NA;NA
395;AGES;24/05/21;2021;21;All;Desconhecido;0;1;0;1;4;2;0;6;2;2;4;NA;NA;NA;NA;NA;NA;NA
396;AGES;31/05/21;2021;22;All;0-17 anos;266;106;0;372;1576;491;1;2068;1085;491;1576;0,00092614;0,000288537;0,000637603;0,000288537;0,00092614;NA;NA
397;AGES;31/05/21;2021;22;All;18-24 anos;2247;2555;2;4804;41351;26316;19;67686;15149;26316;41465;0,052934362;0,033687714;0,019392582;0,033687714;0,053080296;NA;NA
398;AGES;31/05/21;2021;22;All;25-49 anos;41983;23390;15;65388;507093;314141;109;821343;193991;314141;508132;0,152208829;0,094292435;0,05822826;0,094292435;0,152520695;NA;NA
399;AGES;31/05/21;2021;22;All;50-64 anos;163537;168345;12;331894;1289055;556866;96;1846017;859950;556866;1416816;0,59289222;0,25612679;0,395528247;0,25612679;0,651655037;NA;NA
400;AGES;31/05/21;2021;22;All;65-79 anos;18607;137292;24;155923;1521853;815453;93;2337399;737253;815453;1552706;0,934765838;0,500874662;0,452841975;0,500874662;0,953716637;NA;NA
401;AGES;31/05/21;2021;22;All;80 ou mais anos;3046;6036;4;9086;654885;620460;81;1275426;36293;620460;656753;0,960819554;0,910312651;0,053247554;0,910312651;0,963560205;NA;NA
402;AGES;31/05/21;2021;22;All;Desconhecido;0;0;0;0;4;2;0;6;2;2;4;NA;NA;NA;NA;NA;NA;NA
403;AGES;07/06/21;2021;23;All;0-17 anos;386;158;0;544;1962;649;1;2612;1314;649;1963;0,001152973;0,000381386;0,000772175;0,000381386;0,001153561;NA;NA
404;AGES;07/06/21;2021;23;All;18-24 anos;2734;2836;0;5570;44085;29152;19;73256;15070;29152;44222;0,056434218;0,037318143;0,019291452;0,037318143;0,056609595;NA;NA
405;AGES;07/06/21;2021;23;All;25-49 anos;127483;31660;7;159150;634576;345801;116;980493;291870;345801;637671;0,190474075;0,103795488;0,087607581;0,103795488;0,191403069;NA;NA
406;AGES;07/06/21;2021;23;All;50-64 anos;209580;138855;12;348447;1498635;695721;108;2194464;954171;695721;1649892;0,689287138;0,319992218;0,438864566;0,319992218;0,758856783;NA;NA
407;AGES;07/06/21;2021;23;All;65-79 anos;16048;71490;7;87545;1537901;886943;100;2424944;683923;886943;1570866;0,94462298;0,544785874;0,420085157;0,544785874;0,96487103;NA;NA
408;AGES;07/06/21;2021;23;All;80 ou mais anos;2750;4809;1;7560;657635;625269;82;1282986;34612;625269;659881;0,964854238;0,917368213;0,050781261;0,917368213;0,968149474;NA;NA
409;AGES;07/06/21;2021;23;All;Desconhecido;0;0;0;0;4;2;0;6;2;2;4;NA;NA;NA;NA;NA;NA;NA
410;AGES;07/06/21;2021;23;All;NA;1;0;0;1;1;0;0;1;1;0;1;NA;NA;NA;NA;NA;NA;NA
411;AGES;14/06/21;2021;24;All;0-17 anos;559;326;0;885;2521;975;1;3497;1548;975;2523;0,001481471;0,000572961;0,000909686;0,000572961;0,001482646;NA;NA
412;AGES;14/06/21;2021;24;All;18-24 anos;2812;4445;2;7259;46897;33597;21;80515;13703;33597;47300;0,060033923;0,043008289;0,017541524;0,043008289;0,060549813;NA;NA
413;AGES;14/06/21;2021;24;All;25-49 anos;239585;84828;11;324424;874161;430629;127;1304917;463791;430629;894420;0,262387812;0,129257426;0,139211319;0,129257426;0,268468745;NA;NA
414;AGES;14/06/21;2021;24;All;50-64 anos;86086;230574;20;316680;1584721;926295;128;2511144;826163;926295;1752458;0,728881818;0,426043186;0,379988143;0,426043186;0,806031329;NA;NA
415;AGES;14/06/21;2021;24;All;65-79 anos;10871;62410;5;73286;1548772;949353;105;2498230;633741;949353;1583094;0,951300261;0,583119889;0,38926193;0,583119889;0,972381819;NA;NA
416;AGES;14/06/21;2021;24;All;80 ou mais anos;2624;4764;0;7388;660259;630033;82;1290374;32744;630033;662777;0,96870406;0,924357752;0,048040611;0,924357752;0,972398363;NA;NA
417;AGES;14/06/21;2021;24;All;Desconhecido;0;0;0;0;4;2;0;6;2;2;4;NA;NA;NA;NA;NA;NA;NA
418;AGES;14/06/21;2021;24;All;NA;0;0;0;0;1;0;0;1;1;0;1;NA;NA;NA;NA;NA;NA;NA
419;AGES;21/06/21;2021;25;All;0-17 anos;391;283;2;676;2912;1258;3;4173;1662;1258;2920;0,001711243;0,000739266;0,000976678;0,000739266;0,001715944;NA;NA
420;AGES;21/06/21;2021;25;All;18-24 anos;2541;2906;1;5448;49438;36503;22;85963;13840;36503;50343;0,063286716;0,046728326;0,017716901;0,046728326;0,064445227;NA;NA
421;AGES;21/06/21;2021;25;All;25-49 anos;272252;55921;7;328180;1146413;486550;134;1633097;705661;486550;1192211;0,344106862;0,146042651;0,21181092;0,146042651;0,357853571;NA;NA
422;AGES;21/06/21;2021;25;All;50-64 anos;86411;183464;15;269890;1671132;1109759;143;2781034;745167;1109759;1854926;0,768625979;0,510426225;0,342734575;0,510426225;0,853160799;NA;NA
423;AGES;21/06/21;2021;25;All;65-79 anos;10296;96948;9;107253;1559068;1046301;114;2605483;548997;1046301;1595298;0,95762436;0,642668136;0,337209731;0,642668136;0,979877867;NA;NA
424;AGES;21/06/21;2021;25;All;80 ou mais anos;3396;4771;2;8169;663655;634804;84;1298543;31814;634804;666618;0,973686527;0,931357561;0,046676154;0,931357561;0,978033715;NA;NA
425;AGES;21/06/21;2021;25;All;Desconhecido;0;0;0;0;4;2;0;6;2;2;4;NA;NA;NA;NA;NA;NA;NA
426;AGES;21/06/21;2021;25;All;NA;0;0;0;0;1;0;0;1;1;0;1;NA;NA;NA;NA;NA;NA;NA
427;AGES;28/06/21;2021;26;All;0-17 anos;182;269;0;451;3094;1527;3;4624;1575;1527;3102;0,001818196;0,000897345;0,000925552;0,000897345;0,001822897;NA;NA
428;AGES;28/06/21;2021;26;All;18-24 anos;1876;2993;2;4871;51314;39496;24;90834;13201;39496;52697;0,065688226;0,050559734;0,016898902;0,050559734;0,067458636;NA;NA
429;AGES;28/06/21;2021;26;All;25-49 anos;314648;60947;19;375614;1461061;547497;153;2008711;976042;547497;1523539;0,438551478;0,164336478;0,292968371;0,164336478;0,457304849;NA;NA
430;AGES;28/06/21;2021;26;All;50-64 anos;59259;178430;13;237702;1730391;1288189;156;3018736;632935;1288189;1921124;0,79588176;0,592493909;0,291114217;0,592493909;0,883608126;NA;NA
431;AGES;28/06/21;2021;26;All;65-79 anos;9055;181954;12;191021;1568123;1228255;126;2796504;377478;1228255;1605733;0,963186201;0,75442951;0,231857833;0,75442951;0,986287344;NA;NA
432;AGES;28/06/21;2021;26;All;80 ou mais anos;3264;5397;1;8662;666919;640201;85;1307205;30100;640201;670301;0,97847533;0,939275811;0,044161446;0,939275811;0,983437257;NA;NA
433;AGES;28/06/21;2021;26;All;Desconhecido;1;0;0;1;5;2;0;7;3;2;5;NA;NA;NA;NA;NA;NA;NA
434;AGES;28/06/21;2021;26;All;NA;0;0;0;0;1;0;0;1;1;0;1;NA;NA;NA;NA;NA;NA;NA
435;AGES;05/07/21;2021;27;All;0-17 anos;402;650;0;1052;3496;2177;3;5676;1327;2177;3504;0,002054432;0,001279319;0,000779814;0,001279319;0,002059133;NA;NA
436;AGES;05/07/21;2021;27;All;18-24 anos;11617;4844;3;16464;62931;44340;27;107298;21435;44340;65775;0,080559414;0,056760649;0,027439434;0,056760649;0,084200083;NA;NA
437;AGES;05/07/21;2021;27;All;25-49 anos;367684;146061;8;513753;1828745;693558;161;2522464;1225626;693558;1919184;0,548915358;0,208178088;0,367883404;0,208178088;0,576061492;NA;NA
438;AGES;05/07/21;2021;27;All;50-64 anos;41311;257310;19;298640;1771702;1545499;175;3317376;423889;1545499;1969388;0,814882478;0,710841922;0,194964909;0,710841922;0,90580683;NA;NA
439;AGES;05/07/21;2021;27;All;65-79 anos;8160;203557;16;211733;1576283;1431812;142;3008237;183173;1431812;1614985;0,968198307;0,879460068;0,112510119;0,879460068;0,991970188;NA;NA
440;AGES;05/07/21;2021;27;All;80 ou mais anos;2677;5224;2;7903;669596;645425;87;1315108;27882;645425;673307;0,982402911;0,946940243;0,04090729;0,946940243;0,987847533;NA;NA
441;AGES;05/07/21;2021;27;All;Desconhecido;0;1;0;1;5;3;0;8;2;3;5;NA;NA;NA;NA;NA;NA;NA
442;AGES;05/07/21;2021;27;All;NA;0;0;0;0;1;0;0;1;1;0;1;NA;NA;NA;NA;NA;NA;NA
443;AGES;12/07/21;2021;28;All;0-17 anos;232;300;0;532;3728;2477;3;6208;1274;2477;3751;0,002190767;0,001455614;0,000748669;0,001455614;0,002204283;NA;NA
444;AGES;12/07/21;2021;28;All;18-24 anos;13897;7660;3;21560;76828;52000;30;128858;33731;52000;85731;0,098349282;0,06656639;0,043179825;0,06656639;0,109746216;NA;NA
445;AGES;12/07/21;2021;28;All;25-49 anos;206517;314703;35;521255;2035262;1008261;196;3043719;1212422;1008261;2220683;0,610903417;0,302639213;0,363920096;0,302639213;0,66655931;NA;NA
446;AGES;12/07/21;2021;28;All;50-64 anos;15286;133991;12;149289;1786988;1679490;187;3466665;316256;1679490;1995746;0,821913171;0,772470185;0,145459831;0,772470185;0,917930016;NA;NA
447;AGES;12/07/21;2021;28;All;65-79 anos;5465;57601;5;63071;1581748;1489413;147;3071308;133305;1489413;1622718;0,971555067;0,914840258;0,081879761;0,914840258;0,996720019;NA;NA
448;AGES;12/07/21;2021;28;All;80 ou mais anos;2103;3530;2;5635;671699;648955;89;1320743;26951;648955;675906;0,985488343;0,952119309;0,039541367;0,952119309;0,991660676;NA;NA
449;AGES;12/07/21;2021;28;All;Desconhecido;0;2;0;2;5;5;0;10;0;5;5;NA;NA;NA;NA;NA;NA;NA
450;AGES;12/07/21;2021;28;All;NA;0;0;0;0;1;0;0;1;1;0;1;NA;NA;NA;NA;NA;NA;NA
451;AGES;19/07/21;2021;29;All;0-17 anos;222;237;0;459;3950;2714;3;6667;1270;2714;3984;0,002321226;0,001594888;0,000746318;0,001594888;0,002341206;NA;NA
452;AGES;19/07/21;2021;29;All;18-24 anos;19265;19401;0;38666;96093;71401;30;167524;50798;71401;122199;0,123010849;0,091402055;0,065027683;0,091402055;0,156429737;NA;NA
453;AGES;19/07/21;2021;29;All;25-49 anos;102933;341963;19;444915;2138195;1350224;215;3488634;1066754;1350224;2416978;0,641799745;0,405282689;0,320196448;0,405282689;0,725479137;NA;NA
454;AGES;19/07/21;2021;29;All;50-64 anos;10876;114646;19;125541;1797864;1794136;206;3592206;230905;1794136;2025041;0,826915514;0,825200846;0,106203209;0,825200846;0,931404055;NA;NA
455;AGES;19/07/21;2021;29;All;65-79 anos;7130;42476;7;49613;1588878;1531889;154;3120921;100683;1531889;1632572;0,975934518;0,940930237;0,061842391;0,940930237;1,000000000;NA;NA
456;AGES;19/07/21;2021;29;All;80 ou mais anos;2194;3074;1;5269;673893;652029;90;1326012;26666;652029;678695;0,988707287;0,956629352;0,039123227;0,956629352;0,995752579;NA;NA
457;AGES;19/07/21;2021;29;All;Desconhecido;0;0;0;0;5;5;0;10;0;5;5;NA;NA;NA;NA;NA;NA;NA
458;AGES;19/07/21;2021;29;All;NA;0;0;0;0;1;0;0;1;1;0;1;NA;NA;NA;NA;NA;NA;NA
459;AGES;26/07/21;2021;30;All;0-17 anos;1593;366;0;1959;5543;3080;3;8626;2506;3080;5586;0,003257356;0,001809969;0,001472656;0,001809969;0,003282625;NA;NA
460;AGES;26/07/21;2021;30;All;18-24 anos;20773;22315;5;43093;116866;93716;35;210617;68583;93716;162299;0,149602842;0,119967997;0,087794668;0,119967997;0,207762665;NA;NA
461;AGES;26/07/21;2021;30;All;25-49 anos;61025;352063;31;413119;2199220;1702287;246;3901753;838640;1702287;2540927;0,660116984;0,510957776;0,251725843;0,510957776;0,762683619;NA;NA
462;AGES;26/07/21;2021;30;All;50-64 anos;9794;87034;16;96844;1807658;1881170;222;3689050;170327;1881170;2051497;0,831420199;0,865231552;0,078340764;0,865231552;0,943572315;NA;NA
463;AGES;26/07/21;2021;30;All;65-79 anos;8611;32305;5;40921;1597489;1564194;159;3161842;79196;1564194;1643390;0,981223642;0,960772896;0,048644459;0,960772896;1,000000000;NA;NA
464;AGES;26/07/21;2021;30;All;80 ou mais anos;2581;2870;0;5451;676474;654899;90;1331463;26879;654899;681778;0,992494021;0,960840094;0,039435731;0,960840094;1,000000000;NA;NA
465;AGES;26/07/21;2021;30;All;Desconhecido;0;2;0;2;5;7;0;12;0;7;6;NA;NA;NA;NA;NA;NA;NA
466;AGES;26/07/21;2021;30;All;NA;0;0;0;0;1;0;0;1;1;0;1;NA;NA;NA;NA;NA;NA;NA
467;AGES;02/08/21;2021;31;All;0-17 anos;4562;193;0;4755;10105;3273;3;13381;6905;3273;10178;0,005938225;0,001923385;0,004057738;0,001923385;0,005981123;NA;NA
468;AGES;02/08/21;2021;31;All;18-24 anos;53506;55991;4;109501;170372;149707;39;320118;113889;149707;263596;0,218097097;0,191643358;0,145791916;0,191643358;0,337435274;NA;NA
469;AGES;02/08/21;2021;31;All;25-49 anos;52185;381055;40;433280;2251405;2083342;286;4335033;561394;2083342;2644736;0,675780813;0,625335091;0,168507796;0,625335091;0,793842886;NA;NA
470;AGES;02/08/21;2021;31;All;50-64 anos;8544;53642;14;62200;1816202;1934812;236;3751250;139763;1934812;2074575;0,835349955;0,88990383;0,064283056;0,88990383;0,954186887;NA;NA
471;AGES;02/08/21;2021;31;All;65-79 anos;7562;11650;3;19215;1605051;1575844;162;3181057;76904;1575844;1652748;0,98586844;0,967928661;0,047236646;0,967928661;1,000000000;NA;NA
472;AGES;02/08/21;2021;31;All;80 ou mais anos;2437;2103;1;4541;678911;657002;91;1336004;27663;657002;684665;0,996069485;0,963925527;0,040585983;0,963925527;1,000000000;NA;NA
473;AGES;02/08/21;2021;31;All;Desconhecido;0;0;0;0;5;7;0;12;0;7;6;NA;NA;NA;NA;NA;NA;NA
474;AGES;02/08/21;2021;31;All;NA;0;0;0;0;1;0;0;1;1;0;1;NA;NA;NA;NA;NA;NA;NA
475;GENERAL;04/01/21;2021;1;All;All;48400;55;0;48455;83943;60;0;84003;83889;60;83949;0,008151189;5,83E-06;0,008145946;5,83E-06;0,008151772;NA;NA
476;GENERAL;11/01/21;2021;2;All;All;49579;1172;1;50752;133522;1232;1;134755;132296;1232;133528;0,012965501;0,000119632;0,012846452;0,000119632;0,012966084;NA;NA
477;GENERAL;18/01/21;2021;3;All;All;121759;32645;10;154414;255281;33877;11;289169;221411;33877;255288;0,02478877;0,003289587;0,021499862;0,003289587;0,02478945;NA;NA
478;GENERAL;25/01/21;2021;4;All;All;41568;45604;66;87238;296849;79481;77;376407;217376;79481;296857;0,028825183;0,007717912;0,021108048;0,007717912;0,02882596;NA;NA
479;GENERAL;01/02/21;2021;5;All;All;23771;37473;1;61245;320620;116954;78;437652;203680;116954;320634;0,031133439;0,011356685;0,019778114;0,011356685;0,031134798;NA;NA
480;GENERAL;08/02/21;2021;6;All;All;40713;99173;10;139896;361333;216127;88;577548;145220;216127;361347;0,035086828;0,020986766;0,014101422;0,020986766;0,035088188;NA;NA
481;GENERAL;15/02/21;2021;7;All;All;103297;50113;12;153422;464630;266240;100;730970;198404;266240;464644;0,045117366;0,025852931;0,019265794;0,025852931;0,045118725;651900;571981
482;GENERAL;22/02/21;2021;8;All;All;176763;20594;16;197373;641393;286834;116;928343;354573;286834;641407;0,062281735;0,027852688;0,034430406;0,027852688;0,062283094;830730;718143
483;GENERAL;01/03/21;2021;9;All;All;138824;33459;13;172296;780217;320293;129;1100639;459957;320293;780250;0,075762081;0,031101686;0,044663599;0,031101686;0,075765285;1002999;933847
484;GENERAL;08/03/21;2021;10;All;All;95424;51888;9;147321;875641;372181;138;1247960;503519;372181;875700;0,085028119;0,036140211;0,048893637;0,036140211;0,085033848;1186389;1095103
485;GENERAL;15/03/21;2021;11;All;All;81500;109999;17;191516;957141;482180;155;1439476;475038;482180;957218;0,092942084;0,046821538;0,046128023;0,046821538;0,092949561;1468929;1264093
486;GENERAL;22/03/21;2021;12;All;All;256761;21554;2;278317;1213902;503734;157;1717793;710264;503734;1213998;0,117874567;0,048914515;0,068969375;0,048914515;0,117883889;1713540;1462079
487;GENERAL;29/03/21;2021;13;All;All;137502;84449;6;221957;1351404;588183;163;1939750;763359;588183;1351542;0,131226542;0,057114839;0,074125104;0,057114839;0,131239942;1883850;1753999
488;GENERAL;05/04/21;2021;14;All;All;256463;53171;8;309642;1607867;641354;171;2249392;966752;641354;1608106;0,156130089;0,062277948;0,093875349;0,062277948;0,156153297;2344530;1996561
489;GENERAL;12/04/21;2021;15;All;All;425405;54246;7;479658;2033272;695600;178;2729050;1337930;695600;2033530;0,197438556;0,067545444;0,129918165;0,067545444;0,197463608;2684460;2360167
490;GENERAL;19/04/21;2021;16;All;All;210793;138851;15;349659;2244065;834451;193;3078709;1409878;834451;2244329;0,217907369;0,081028411;0,136904593;0,081028411;0,217933005;2983590;2679813
491;GENERAL;26/04/21;2021;17;All;All;345528;89955;11;435494;2589593;924406;204;3514203;1666787;924406;2591193;0,251459471;0,089763389;0,161851448;0,089763389;0,251614837;3400260;3039329
492;GENERAL;03/05/21;2021;18;All;All;370742;218938;17;589697;2960335;1143344;221;4103900;1831004;1143344;2974348;0,28745995;0,111023113;0,177797552;0,111023113;0,288820666;4128420;3581288
493;GENERAL;10/05/21;2021;19;All;All;289043;304828;21;593892;3249378;1448172;242;4697792;1833045;1448172;3281217;0,31552714;0,140623088;0,177995741;0,140623088;0,31861883;4655370;4171038
494;GENERAL;17/05/21;2021;20;All;All;305202;219510;15;524727;3554580;1667682;257;5222519;1942674;1667682;3610356;0,345163432;0,161938356;0,18864114;0,161938356;0,350579496;5197920;4686071
495;GENERAL;24/05/21;2021;21;All;All;231551;328323;85;559959;3786131;1996005;342;5782478;1895297;1996005;3891302;0,367647927;0,193819786;0,184040651;0,193819786;0,377860437;5728470;5126418
496;GENERAL;31/05/21;2021;22;All;All;229686;337724;57;567467;4015817;2333729;399;6349945;1843723;2333729;4177452;0,389951324;0,226614089;0,179032616;0,226614089;0,405646706;6254220;5644760
497;GENERAL;07/06/21;2021;23;All;All;358982;249808;27;608817;4374799;2583537;426;6958762;1980963;2583537;4564500;0,424809861;0,25087141;0,19235915;0,25087141;0,44323056;7263540;6299315
498;GENERAL;14/06/21;2021;24;All;All;342537;387347;38;729922;4717336;2970884;464;7688684;1971693;2970884;4942577;0,458071525;0,288484298;0,191458997;0,288484298;0,479943295;7880400;6896272
499;GENERAL;21/06/21;2021;25;All;All;375287;344293;36;719616;5092623;3315177;500;8408300;2047144;3315177;5362321;0,494513341;0,321916477;0,19878558;0,321916477;0,520702057;8604606;7566600
500;GENERAL;28/06/21;2021;26;All;All;388285;429990;47;818322;5480908;3745167;547;9226622;2031335;3745167;5776502;0,532217312;0,363670165;0,197250465;0,363670165;0,56092063;9519240;8357319
501;GENERAL;05/07/21;2021;27;All;All;431851;617647;48;1049546;5912759;4362814;595;10276168;1883335;4362814;6246149;0,57415171;0,423646071;0,182879094;0,423646071;0,606525166;11510810;10694447
502;GENERAL;12/07/21;2021;28;All;All;243500;517787;57;761344;6156259;4880601;652;11037512;1723940;4880601;6604541;0,5977965;0,473925187;0,167401225;0,473925187;0,641326412;12300690;11385656
503;GENERAL;19/07/21;2021;29;All;All;142620;521797;46;664463;6298879;5402398;698;11701975;1477077;5402398;6879475;0,611645452;0,524593688;0,143429875;0,524593688;0,668023564;12886770;12043017
504;GENERAL;26/07/21;2021;30;All;All;104377;496955;57;601389;6403256;5899353;755;12303364;1186131;5899353;7085484;0,621780861;0,572849936;0,115177896;0,572849936;0,688027832;13644850;12597147
505;GENERAL;02/08/21;2021;31;All;All;128796;504634;62;633492;6532052;6403987;817;12936856;926518;6403987;7330505;0,63428745;0,621851844;0,089968472;0,621851844;0,711820317;14398170;13236664