;TYPE;DATE;YEAR;WEEK;REGION;AGEGROUP;TOTAL_VAC_1;TOTAL_VAC_2;TOTAL_VAC_UNK;TOTAL;CUMUL_VAC_1;CUMUL_VAC_2;CUMUL_VAC_UNK;CUMUL;COVER_1_VAC;COVER;RECEIVED;DISTRIBUTED
1;REGIONAL;08/02/2021;2021;6;Outro;All;69;119;0;188;692;443;1;1136;NA;NA;NA;NA
2;REGIONAL;15/02/2021;2021;7;Outro;All;146;106;1;253;838;549;2;1389;NA;NA;NA;NA
3;REGIONAL;22/02/2021;2021;8;Outro;All;73;19;0;92;911;568;2;1481;NA;NA;NA;NA
4;REGIONAL;01/03/2021;2021;9;Outro;All;55;41;0;96;966;609;2;1577;NA;NA;NA;NA
5;REGIONAL;08/03/2021;2021;10;Outro;All;277;13;0;290;1243;622;2;1867;NA;NA;NA;NA
6;REGIONAL;15/03/2021;2021;11;Outro;All;19;27;0;46;1262;649;2;1913;NA;NA;NA;NA
7;REGIONAL;22/03/2021;2021;12;Outro;All;312;4;0;316;1574;653;2;2229;NA;NA;NA;NA
8;REGIONAL;29/03/2021;2021;13;Outro;All;317;11;0;328;1891;664;2;2557;NA;NA;NA;NA
9;REGIONAL;05/04/2021;2021;14;Outro;All;57;16;0;73;1948;680;2;2630;NA;NA;NA;NA
10;REGIONAL;12/04/2021;2021;15;Outro;All;248;8;0;256;2196;688;2;2886;NA;NA;NA;NA
11;REGIONAL;19/04/2021;2021;16;Outro;All;85;24;0;109;2281;712;2;2995;NA;NA;NA;NA
12;REGIONAL;26/04/2021;2021;17;Outro;All;177;15;0;192;2458;727;2;3187;NA;NA;NA;NA
13;REGIONAL;03/05/2021;2021;18;Outro;All;110;66;0;176;2568;793;2;3363;NA;NA;NA;NA
14;REGIONAL;10/05/2021;2021;19;Outro;All;121;271;0;392;2689;1064;2;3755;NA;NA;NA;NA
15;REGIONAL;08/02/2021;2021;6;ARS Alentejo;All;3336;8776;1;12113;27554;17361;1;44916;0,059041334;0,037200283;NA;NA
16;REGIONAL;15/02/2021;2021;7;ARS Alentejo;All;4052;2807;0;6859;31606;20168;1;51775;0,067723757;0,043214982;NA;NA
17;REGIONAL;22/02/2021;2021;8;ARS Alentejo;All;12011;1647;0;13658;43617;21815;1;65433;0,093460327;0,046744091;NA;NA
18;REGIONAL;01/03/2021;2021;9;ARS Alentejo;All;10411;2827;0;13238;54028;24642;1;78671;0,115768497;0,052801646;NA;NA
19;REGIONAL;08/03/2021;2021;10;ARS Alentejo;All;5790;1671;0;7461;59818;26313;1;86132;0,12817502;0,056382181;NA;NA
20;REGIONAL;15/03/2021;2021;11;ARS Alentejo;All;3679;7720;0;11399;63497;34033;1;97531;0,136058197;0,072924211;NA;NA
21;REGIONAL;22/03/2021;2021;12;ARS Alentejo;All;11857;2098;0;13955;75354;36131;1;111486;0,161464784;0,0774197;NA;NA
22;REGIONAL;29/03/2021;2021;13;ARS Alentejo;All;6116;6262;0;12378;81470;42393;1;123864;0,174569843;0,090837601;NA;NA
23;REGIONAL;05/04/2021;2021;14;ARS Alentejo;All;14021;4286;0;18307;95491;46679;1;142171;0,204613341;0,100021428;NA;NA
24;REGIONAL;12/04/2021;2021;15;ARS Alentejo;All;21830;2950;0;24780;117321;49629;1;166951;0,251389573;0,10634254;NA;NA
25;REGIONAL;19/04/2021;2021;16;ARS Alentejo;All;11263;5941;2;17206;128584;55570;3;184157;0,275523367;0,119072618;NA;NA
26;REGIONAL;26/04/2021;2021;17;ARS Alentejo;All;20070;2758;0;22828;148654;58328;3;206985;0,318528359;0,124982322;NA;NA
27;REGIONAL;03/05/2021;2021;18;ARS Alentejo;All;13591;14214;2;27807;162245;72542;5;234792;0,347650475;0,155439371;NA;NA
28;REGIONAL;10/05/2021;2021;19;ARS Alentejo;All;17314;15193;0;32507;179559;87735;5;267299;0,384750048;0,187994172;NA;NA
29;REGIONAL;08/02/2021;2021;6;ARS Algarve;All;2380;2896;1;5277;12740;6305;1;19046;0,029059821;0,014381646;NA;NA
30;REGIONAL;15/02/2021;2021;7;ARS Algarve;All;3173;2111;0;5284;15913;8416;1;24330;0,036297405;0,019196818;NA;NA
31;REGIONAL;22/02/2021;2021;8;ARS Algarve;All;8444;1065;0;9509;24357;9481;1;33839;0,05555809;0,021626073;NA;NA
32;REGIONAL;01/03/2021;2021;9;ARS Algarve;All;4600;549;0;5149;28957;10030;1;38988;0,066050647;0,022878337;NA;NA
33;REGIONAL;08/03/2021;2021;10;ARS Algarve;All;5054;1535;0;6589;34011;11565;1;45577;0,077578774;0,026379657;NA;NA
34;REGIONAL;15/03/2021;2021;11;ARS Algarve;All;2642;2993;0;5635;36653;14558;1;51212;0,083605151;0,033206662;NA;NA
35;REGIONAL;22/03/2021;2021;12;ARS Algarve;All;9351;4283;0;13634;46004;18841;1;64846;0,104934695;0,042976145;NA;NA
36;REGIONAL;29/03/2021;2021;13;ARS Algarve;All;4187;2905;0;7092;50191;21746;1;71938;0,114485203;0,049602423;NA;NA
37;REGIONAL;05/04/2021;2021;14;ARS Algarve;All;8604;1761;0;10365;58795;23507;1;82303;0,134110847;0,053619248;NA;NA
38;REGIONAL;12/04/2021;2021;15;ARS Algarve;All;13567;2140;0;15707;72362;25647;1;98010;0,165057048;0,058500568;NA;NA
39;REGIONAL;19/04/2021;2021;16;ARS Algarve;All;7139;5479;0;12618;79501;31126;1;110628;0,18134104;0,070998116;NA;NA
40;REGIONAL;26/04/2021;2021;17;ARS Algarve;All;16261;3221;0;19482;95762;34347;1;130110;0,218432229;0,078345187;NA;NA
41;REGIONAL;03/05/2021;2021;18;ARS Algarve;All;16415;8883;1;25299;112177;43230;2;155409;0,255874691;0,098607227;NA;NA
42;REGIONAL;10/05/2021;2021;19;ARS Algarve;All;9633;11256;0;20889;121810;54486;2;176298;0,277847475;0,124282058;NA;NA
43;REGIONAL;08/02/2021;2021;6;ARS Centro;All;7480;27101;4;34585;79888;51021;8;130917;0,049131883;0,031378402;NA;NA
44;REGIONAL;15/02/2021;2021;7;ARS Centro;All;25444;9947;3;35394;105332;60968;11;166311;0,064780186;0,037495902;NA;NA
45;REGIONAL;22/02/2021;2021;8;ARS Centro;All;38231;3074;1;41306;143563;64042;12;207617;0,088292617;0,039386442;NA;NA
46;REGIONAL;01/03/2021;2021;9;ARS Centro;All;28317;5883;1;34201;171880;69925;13;241818;0,105707842;0,043004543;NA;NA
47;REGIONAL;08/03/2021;2021;10;ARS Centro;All;17449;13460;0;30909;189329;83385;13;272727;0,116439144;0,051282572;NA;NA
48;REGIONAL;15/03/2021;2021;11;ARS Centro;All;16463;24082;2;40547;205792;107467;15;313274;0,126564046;0,066093232;NA;NA
49;REGIONAL;22/03/2021;2021;12;ARS Centro;All;47541;4244;0;51785;253333;111711;15;365059;0,155802215;0,068703332;NA;NA
50;REGIONAL;29/03/2021;2021;13;ARS Centro;All;24167;16619;2;40788;277500;128330;17;405847;0,170665151;0,078924176;NA;NA
51;REGIONAL;05/04/2021;2021;14;ARS Centro;All;49730;10090;0;59820;327230;138420;17;465667;0,201249576;0,085129622;NA;NA
52;REGIONAL;12/04/2021;2021;15;ARS Centro;All;77448;11894;1;89343;404678;150314;18;555010;0,248880836;0,092444546;NA;NA
53;REGIONAL;19/04/2021;2021;16;ARS Centro;All;29817;24067;6;53890;434495;174381;24;608900;0,267218576;0,107245981;NA;NA
54;REGIONAL;26/04/2021;2021;17;ARS Centro;All;56333;17808;0;74141;490828;192189;24;683041;0,301863909;0,118198071;NA;NA
55;REGIONAL;03/05/2021;2021;18;ARS Centro;All;59723;48946;1;108670;550551;241135;25;791711;0,338594125;0,148300329;NA;NA
56;REGIONAL;10/05/2021;2021;19;ARS Centro;All;50400;55382;1;105783;600951;296517;26;897494;0,369590607;0,182360788;NA;NA
57;REGIONAL;08/02/2021;2021;6;ARS Lisboa e Vale do Tejo;All;14278;30286;1;44565;114762;60730;2;175494;0,031080312;0,016447146;NA;NA
58;REGIONAL;15/02/2021;2021;7;ARS Lisboa e Vale do Tejo;All;32862;18986;2;51850;147624;79716;4;227344;0,039980132;0,021589011;NA;NA
59;REGIONAL;22/02/2021;2021;8;ARS Lisboa e Vale do Tejo;All;48921;6655;0;55576;196545;86371;4;282920;0,053229117;0,023391346;NA;NA
60;REGIONAL;01/03/2021;2021;9;ARS Lisboa e Vale do Tejo;All;44674;12711;1;57386;241219;99082;5;340306;0,065327911;0,02683379;NA;NA
61;REGIONAL;08/03/2021;2021;10;ARS Lisboa e Vale do Tejo;All;32844;16447;2;49293;274063;115529;7;389599;0,074222857;0,031288034;NA;NA
62;REGIONAL;15/03/2021;2021;11;ARS Lisboa e Vale do Tejo;All;25469;28851;1;54321;299532;144380;8;443920;0,081120475;0,039101579;NA;NA
63;REGIONAL;22/03/2021;2021;12;ARS Lisboa e Vale do Tejo;All;88239;7409;1;95649;387771;151789;9;539569;0,10501772;0,041108115;NA;NA
64;REGIONAL;29/03/2021;2021;13;ARS Lisboa e Vale do Tejo;All;45055;23642;4;68701;432826;175431;13;608270;0,117219698;0,047510937;NA;NA
65;REGIONAL;05/04/2021;2021;14;ARS Lisboa e Vale do Tejo;All;86783;19337;1;106121;519609;194768;14;714391;0,140722624;0,052747862;NA;NA
66;REGIONAL;12/04/2021;2021;15;ARS Lisboa e Vale do Tejo;All;162791;14021;0;176812;682400;208789;14;891203;0,184810345;0,056545087;NA;NA
67;REGIONAL;19/04/2021;2021;16;ARS Lisboa e Vale do Tejo;All;78131;53293;3;131427;760531;262082;17;1022630;0,2059701;0,070978114;NA;NA
68;REGIONAL;26/04/2021;2021;17;ARS Lisboa e Vale do Tejo;All;106303;25239;3;131545;866834;287321;20;1154175;0,234759511;0,077813442;NA;NA
69;REGIONAL;03/05/2021;2021;18;ARS Lisboa e Vale do Tejo;All;106456;64523;4;170983;973290;351844;24;1325158;0,263590358;0,095287824;NA;NA
70;REGIONAL;10/05/2021;2021;19;ARS Lisboa e Vale do Tejo;All;89214;111976;7;201197;1062504;463820;31;1526355;0,287751656;0,12561362;NA;NA
71;REGIONAL;08/02/2021;2021;6;ARS Norte;All;8666;28597;6;37269;105245;68854;7;174106;0,029436378;0,019258039;NA;NA
72;REGIONAL;15/02/2021;2021;7;ARS Norte;All;32854;15012;3;47869;138099;83866;10;221975;0,038625439;0,023456803;NA;NA
73;REGIONAL;22/02/2021;2021;8;ARS Norte;All;64468;4218;1;68687;202567;88084;11;290662;0,056656741;0,024636552;NA;NA
74;REGIONAL;01/03/2021;2021;9;ARS Norte;All;47634;6934;0;54568;250201;95018;11;345230;0,069979677;0,026575949;NA;NA
75;REGIONAL;08/03/2021;2021;10;ARS Norte;All;25100;13841;0;38941;275301;108859;11;384171;0,076999993;0,030447191;NA;NA
76;REGIONAL;15/03/2021;2021;11;ARS Norte;All;26507;42149;4;68660;301808;151008;15;452831;0,084413837;0,042236007;NA;NA
77;REGIONAL;22/03/2021;2021;12;ARS Norte;All;88331;2148;0;90479;390139;153156;15;543310;0,109119473;0,042836789;NA;NA
78;REGIONAL;29/03/2021;2021;13;ARS Norte;All;53683;32459;1;86143;443822;185615;16;629453;0,124134278;0,051915371;NA;NA
79;REGIONAL;05/04/2021;2021;14;ARS Norte;All;81938;13416;2;95356;525760;199031;18;724809;0,147051831;0,055667744;NA;NA
80;REGIONAL;12/04/2021;2021;15;ARS Norte;All;135208;18963;1;154172;660968;217994;19;878981;0,184868675;0,060971578;NA;NA
81;REGIONAL;19/04/2021;2021;16;ARS Norte;All;64275;46176;0;110451;725243;264170;19;989432;0,202845997;0,073886721;NA;NA
82;REGIONAL;26/04/2021;2021;17;ARS Norte;All;125100;36450;0;161550;850343;300620;19;1150982;0,237835696;0,084081561;NA;NA
83;REGIONAL;03/05/2021;2021;18;ARS Norte;All;153415;72606;2;226023;1003758;373226;21;1377005;0,280744925;0,104389012;NA;NA
84;REGIONAL;10/05/2021;2021;19;ARS Norte;All;98535;100165;4;198704;1102293;473391;25;1575709;0,308304557;0,132404545;NA;NA
85;REGIONAL;08/02/2021;2021;6;RA_Madeira;All;3158;1086;0;4244;10994;4775;0;15769;0,043240224;0,018780432;NA;NA
86;REGIONAL;15/02/2021;2021;7;RA_Madeira;All;2494;638;0;3132;13488;5413;0;18901;0,053049313;0,021289734;NA;NA
87;REGIONAL;22/02/2021;2021;8;RA_Madeira;All;2256;2155;0;4411;15744;7568;0;23312;0,06192233;0,02976551;NA;NA
88;REGIONAL;01/03/2021;2021;9;RA_Madeira;All;1431;3116;0;4547;17175;10684;0;27859;0,06755056;0,042020971;NA;NA
89;REGIONAL;08/03/2021;2021;10;RA_Madeira;All;4883;2399;0;7282;22058;13083;0;35141;0,086755764;0,051456418;NA;NA
90;REGIONAL;15/03/2021;2021;11;RA_Madeira;All;3102;2347;0;5449;25160;15430;0;40590;0,098956162;0,060687344;NA;NA
91;REGIONAL;22/03/2021;2021;12;RA_Madeira;All;5275;181;0;5456;30435;15611;0;46046;0,119703132;0,061399231;NA;NA
92;REGIONAL;29/03/2021;2021;13;RA_Madeira;All;1205;1260;0;2465;31640;16871;0;48511;0,124442487;0,066354905;NA;NA
93;REGIONAL;05/04/2021;2021;14;RA_Madeira;All;10213;1299;0;11512;41853;18170;0;60023;0,16461098;0,071463969;NA;NA
94;REGIONAL;12/04/2021;2021;15;RA_Madeira;All;8428;1299;0;9727;50281;19469;0;69750;0,197758934;0,076573033;NA;NA
95;REGIONAL;19/04/2021;2021;16;RA_Madeira;All;9805;2128;0;11933;60086;21597;0;81683;0,236322732;0,084942616;NA;NA
96;REGIONAL;26/04/2021;2021;17;RA_Madeira;All;8817;800;0;9617;68903;22397;0;91300;0,271000653;0,088089076;NA;NA
97;REGIONAL;03/05/2021;2021;18;RA_Madeira;All;7601;5287;0;12888;76504;27684;0;104188;0,300895954;0,108883243;NA;NA
98;REGIONAL;10/05/2021;2021;19;RA_Madeira;All;11597;6431;0;18028;88101;34115;0;122216;0,346507823;0,134176847;NA;NA
99;REGIONAL;08/02/2021;2021;6;RA_Acores;All;1051;1;0;1052;8652;5333;0;13985;0,035634854;0,021964942;NA;NA
100;REGIONAL;15/02/2021;2021;7;RA_Acores;All;2056;322;0;2378;10708;5655;0;16363;0,044102868;0,023291158;NA;NA
101;REGIONAL;22/02/2021;2021;8;RA_Acores;All;1464;1611;8;3083;12172;7266;8;19446;0,050132622;0,029926358;NA;NA
102;REGIONAL;01/03/2021;2021;9;RA_Acores;All;753;1155;14;1922;12925;8421;22;21368;0,053233991;0,034683438;NA;NA
103;REGIONAL;08/03/2021;2021;10;RA_Acores;All;2558;2051;0;4609;15483;10472;22;25977;0,063769584;0,043130859;NA;NA
104;REGIONAL;15/03/2021;2021;11;RA_Acores;All;2517;1437;0;3954;18000;11909;22;29931;0,074136312;0,049049408;NA;NA
105;REGIONAL;22/03/2021;2021;12;RA_Acores;All;4083;725;0;4808;22083;12634;22;34739;0,090952899;0,052035454;NA;NA
106;REGIONAL;29/03/2021;2021;13;RA_Acores;All;1947;758;0;2705;24030;13392;22;37444;0,098971976;0,055157416;NA;NA
107;REGIONAL;05/04/2021;2021;14;RA_Acores;All;3834;2323;0;6157;27864;15715;22;43601;0,114763011;0,064725119;NA;NA
108;REGIONAL;12/04/2021;2021;15;RA_Acores;All;4212;2402;0;6614;32076;18117;22;50215;0,132110908;0,074618198;NA;NA
109;REGIONAL;19/04/2021;2021;16;RA_Acores;All;7816;1051;0;8867;39892;19168;22;59082;0,164302542;0,078946935;NA;NA
110;REGIONAL;26/04/2021;2021;17;RA_Acores;All;9040;2450;1;11491;48932;21618;23;70573;0,201535445;0,089037711;NA;NA
111;REGIONAL;03/05/2021;2021;18;RA_Acores;All;8915;2648;1;11564;57847;24266;24;82137;0,238253513;0,099943986;NA;NA
112;REGIONAL;10/05/2021;2021;19;RA_Acores;All;8210;2042;0;10252;66057;26308;24;92389;0,272067909;0,108354339;NA;NA
113;AGES;08/02/2021;2021;6;All;0-17 anos;37;67;0;104;172;71;0;243;0,000100172;4,13E-05;NA;NA
114;AGES;08/02/2021;2021;6;All;18-24 anos;1454;3038;0;4492;12176;6784;0;18960;0,01569677;0,008745638;NA;NA
115;AGES;08/02/2021;2021;6;All;25-49 anos;13698;30691;6;44395;144290;91256;11;235557;0,042935108;0,027154247;NA;NA
116;AGES;08/02/2021;2021;6;All;50-64 anos;6784;22163;1;28948;84273;52325;3;136601;0,038977726;0,024201221;NA;NA
117;AGES;08/02/2021;2021;6;All;65-79 anos;3626;11430;3;15059;35461;18645;3;54109;0,022100126;0,011620001;NA;NA
118;AGES;08/02/2021;2021;6;All;80 ou mais anos;14819;31473;3;46295;84154;45741;3;129898;0,1245134;0,067677917;NA;NA
119;AGES;08/02/2021;2021;6;All;Desconhecido;0;0;0;0;0;0;0;0;NA;NA;NA;NA
120;AGES;15/02/2021;2021;7;All;0-17 anos;30;16;0;46;202;87;0;289;0,000117644;5,07E-05;NA;NA
121;AGES;15/02/2021;2021;7;All;18-24 anos;2305;1726;0;4031;14481;8510;0;22991;0,018668276;0,010970722;NA;NA
122;AGES;15/02/2021;2021;7;All;25-49 anos;22162;18901;4;41067;166452;110157;15;276624;0,04952966;0,032778451;NA;NA
123;AGES;15/02/2021;2021;7;All;50-64 anos;24993;12884;1;37878;109266;65209;4;174479;0,050537422;0,030160295;NA;NA
124;AGES;15/02/2021;2021;7;All;65-79 anos;4989;7175;2;12166;40450;25820;5;66275;0,025209387;0,016091629;NA;NA
125;AGES;15/02/2021;2021;7;All;80 ou mais anos;48602;9227;2;57831;132756;54968;5;187729;0,196424423;0,081330092;NA;NA
126;AGES;15/02/2021;2021;7;All;Desconhecido;0;0;0;0;0;0;0;0;NA;NA;NA;NA
127;AGES;22/02/2021;2021;8;All;0-17 anos;21;32;0;53;223;119;0;342;0,000129874;6,93E-05;NA;NA
128;AGES;22/02/2021;2021;8;All;18-24 anos;1257;691;0;1948;15738;9201;0;24939;0,020288745;0,011861529;NA;NA
129;AGES;22/02/2021;2021;8;All;25-49 anos;11223;7223;7;18453;177675;117380;22;295077;0,052869189;0,034927736;NA;NA
130;AGES;22/02/2021;2021;8;All;50-64 anos;49339;4916;3;54258;158605;70125;7;228737;0,073357566;0,03243403;NA;NA
131;AGES;22/02/2021;2021;8;All;65-79 anos;11519;2401;0;13920;51969;28221;5;80195;0,032388298;0,017587988;NA;NA
132;AGES;22/02/2021;2021;8;All;80 ou mais anos;102509;5181;0;107690;235265;60149;5;295419;0,348095694;0,088995847;NA;NA
133;AGES;22/02/2021;2021;8;All;Desconhecido;0;0;0;0;0;0;0;0;NA;NA;NA;NA
134;AGES;01/03/2021;2021;9;All;0-17 anos;8;28;0;36;231;147;0;378;0,000134533;8,56E-05;NA;NA
135;AGES;01/03/2021;2021;9;All;18-24 anos;878;1019;0;1897;16616;10220;0;26836;0,021420625;0,01317518;NA;NA
136;AGES;01/03/2021;2021;9;All;25-49 anos;7164;9827;8;16999;184839;127207;30;312076;0,055000918;0,03785187;NA;NA
137;AGES;01/03/2021;2021;9;All;50-64 anos;29715;5898;5;35618;188320;76023;12;264355;0,08710127;0,035161957;NA;NA
138;AGES;01/03/2021;2021;9;All;65-79 anos;12980;3708;2;16690;64949;31929;7;96885;0,040477738;0,019898901;NA;NA
139;AGES;01/03/2021;2021;9;All;80 ou mais anos;87130;12736;1;99867;322395;72885;6;395286;0,477012353;0,107839902;NA;NA
140;AGES;01/03/2021;2021;9;All;Desconhecido;0;0;0;0;0;0;0;0;NA;NA;NA;NA
141;AGES;08/03/2021;2021;10;All;0-17 anos;12;24;0;36;243;171;0;414;0,000141522;9,96E-05;NA;NA
142;AGES;08/03/2021;2021;10;All;18-24 anos;1289;626;0;1915;17905;10846;0;28751;0,023082347;0,013982192;NA;NA
143;AGES;08/03/2021;2021;10;All;25-49 anos;15611;5917;0;21528;200450;133124;30;333604;0,059646146;0,03961254;NA;NA
144;AGES;08/03/2021;2021;10;All;50-64 anos;21584;4162;0;25746;209904;80185;12;290101;0,097084244;0,037086955;NA;NA
145;AGES;08/03/2021;2021;10;All;65-79 anos;15398;3456;0;18854;80347;35385;7;115739;0,050074132;0,022052761;NA;NA
146;AGES;08/03/2021;2021;10;All;80 ou mais anos;40061;37232;2;77295;362456;110117;8;472581;0,5362862;0,16292799;NA;NA
147;AGES;08/03/2021;2021;10;All;Desconhecido;0;0;0;0;0;0;0;0;NA;NA;NA;NA
148;AGES;15/03/2021;2021;11;All;0-17 anos;1;23;0;24;244;194;0;438;0,000142104;0,000112984;NA;NA
149;AGES;15/03/2021;2021;11;All;18-24 anos;226;367;1;594;18131;11213;1;29345;0,023373697;0,014455312;NA;NA
150;AGES;15/03/2021;2021;11;All;25-49 anos;4040;2948;0;6988;204490;136072;30;340592;0,060848293;0,04048975;NA;NA
151;AGES;15/03/2021;2021;11;All;50-64 anos;3976;2233;0;6209;213880;82418;12;296310;0,098923213;0,038119756;NA;NA
152;AGES;15/03/2021;2021;11;All;65-79 anos;17832;6730;2;24564;98179;42115;9;140303;0,061187453;0,026247054;NA;NA
153;AGES;15/03/2021;2021;11;All;80 ou mais anos;54321;97305;4;151630;416777;207422;12;624211;0,616658997;0,306899475;NA;NA
154;AGES;15/03/2021;2021;11;All;Desconhecido;2;0;0;2;3;0;0;3;NA;NA;NA;NA
155;AGES;22/03/2021;2021;12;All;0-17 anos;24;7;0;31;268;201;0;469;0,000156082;0,000117061;NA;NA
156;AGES;22/03/2021;2021;12;All;18-24 anos;3101;112;0;3213;21232;11325;1;32558;0,027371371;0,014599698;NA;NA
157;AGES;22/03/2021;2021;12;All;25-49 anos;41365;1188;0;42553;245855;137260;30;383145;0,073156913;0,040843253;NA;NA
158;AGES;22/03/2021;2021;12;All;50-64 anos;33688;864;0;34552;247568;83282;12;330862;0,114504498;0,038519371;NA;NA
159;AGES;22/03/2021;2021;12;All;65-79 anos;52310;2071;0;54381;150489;44186;9;194684;0,09378827;0,02753775;NA;NA
160;AGES;22/03/2021;2021;12;All;80 ou mais anos;124501;16850;1;141352;541278;224272;13;765563;0,800869407;0,331830563;NA;NA
161;AGES;22/03/2021;2021;12;All;Desconhecido;0;0;0;0;0;0;0;0;NA;NA;NA;NA
162;AGES;29/03/2021;2021;13;All;0-17 anos;6;12;0;18;274;213;0;487;0,000159576;0,00012405;NA;NA
163;AGES;29/03/2021;2021;13;All;18-24 anos;615;64;1;680;21847;11389;2;33238;0,028164202;0,014682204;NA;NA
164;AGES;29/03/2021;2021;13;All;25-49 anos;4171;729;1;4901;250026;137989;31;388046;0,074398041;0,041060175;NA;NA
165;AGES;29/03/2021;2021;13;All;50-64 anos;7412;637;1;8050;254980;83919;13;338912;0,117932677;0,038813994;NA;NA
166;AGES;29/03/2021;2021;13;All;65-79 anos;87757;7196;1;94954;238246;51382;10;289638;0,148480488;0,032022466;NA;NA
167;AGES;29/03/2021;2021;13;All;80 ou mais anos;36716;75278;3;111997;577994;299550;16;877560;0,855194026;0,443211124;NA;NA
168;AGES;29/03/2021;2021;13;All;Desconhecido;0;0;0;0;0;0;0;0;NA;NA;NA;NA
169;AGES;05/04/2021;2021;14;All;0-17 anos;14;1;0;15;288;214;0;502;0,00016773;0,000124632;NA;NA
170;AGES;05/04/2021;2021;14;All;18-24 anos;706;105;0;811;22553;11494;2;34049;0,029074347;0,014817565;NA;NA
171;AGES;05/04/2021;2021;14;All;25-49 anos;8443;836;0;9279;258469;138825;31;397325;0,07691035;0,041308936;NA;NA
172;AGES;05/04/2021;2021;14;All;50-64 anos;14797;730;0;15527;269777;84649;13;354439;0,124776546;0,039151632;NA;NA
173;AGES;05/04/2021;2021;14;All;65-79 anos;200869;5131;0;206000;439115;56513;10;495638;0,273666754;0,035220225;NA;NA
174;AGES;05/04/2021;2021;14;All;80 ou mais anos;30350;45725;3;76078;608344;345275;19;953638;0,900099576;0,510865368;NA;NA
175;AGES;05/04/2021;2021;14;All;Desconhecido;1;0;0;1;4;0;0;4;NA;NA;NA;NA
176;AGES;12/04/2021;2021;15;All;0-17 anos;37;2;0;39;325;216;0;541;0,000189278;0,000125797;NA;NA
177;AGES;12/04/2021;2021;15;All;18-24 anos;4234;55;0;4289;26787;11549;2;38338;0,034532636;0,014888469;NA;NA
178;AGES;12/04/2021;2021;15;All;25-49 anos;88668;468;0;89136;347137;139293;31;486461;0,103294509;0,041448195;NA;NA
179;AGES;12/04/2021;2021;15;All;50-64 anos;87518;382;0;87900;357295;85031;13;442339;0,165255141;0,039328314;NA;NA
180;AGES;12/04/2021;2021;15;All;65-79 anos;232792;3390;1;236183;671907;59903;11;731821;0,418748181;0,037332953;NA;NA
181;AGES;12/04/2021;2021;15;All;80 ou mais anos;10483;49380;1;59864;618827;394655;20;1013502;0,915610116;0,583927512;NA;NA
182;AGES;12/04/2021;2021;15;All;Desconhecido;0;0;0;0;0;0;0;0;NA;NA;NA;NA
183;AGES;19/04/2021;2021;16;All;0-17 anos;20;3;0;23;345;219;0;564;0,000200926;0,000127544;NA;NA
184;AGES;19/04/2021;2021;16;All;18-24 anos;1245;54;0;1299;28032;11603;2;39637;0,036137636;0,014958083;NA;NA
185;AGES;19/04/2021;2021;16;All;25-49 anos;10214;495;0;10709;357351;139788;31;497170;0,106333799;0,041595488;NA;NA
186;AGES;19/04/2021;2021;16;All;50-64 anos;13786;1554;0;15340;371081;86585;13;457679;0,171631405;0,040047066;NA;NA
187;AGES;19/04/2021;2021;16;All;65-79 anos;174692;13059;2;187753;846599;72962;13;919574;0,527620327;0,045471627;NA;NA
188;AGES;19/04/2021;2021;16;All;80 ou mais anos;8373;122994;9;131376;627200;517649;29;1144878;0,927998722;0,76590818;NA;NA
189;AGES;19/04/2021;2021;16;All;Desconhecido;1;0;0;1;5;0;0;5;NA;NA;NA;NA
190;AGES;26/04/2021;2021;17;All;0-17 anos;42;13;0;55;387;232;0;619;0,000225387;0,000135115;NA;NA
191;AGES;26/04/2021;2021;17;All;18-24 anos;2587;75;0;2662;30619;11678;2;42299;0,039472683;0,01505477;NA;NA
192;AGES;26/04/2021;2021;17;All;25-49 anos;9822;589;1;10412;367173;140377;32;507582;0,109256445;0,041770751;NA;NA
193;AGES;26/04/2021;2021;17;All;50-64 anos;31990;2591;0;34581;403071;89176;13;492260;0,186427336;0,041245448;NA;NA
194;AGES;26/04/2021;2021;17;All;65-79 anos;291595;45850;0;337445;1138194;118812;13;1257019;0,709349162;0,074046421;NA;NA
195;AGES;26/04/2021;2021;17;All;80 ou mais anos;6065;39623;3;45691;633265;557272;32;1190569;0,936972434;0,824533966;NA;NA
196;AGES;26/04/2021;2021;17;All;Desconhecido;0;0;0;0;0;0;0;0;NA;NA;NA;NA
197;AGES;03/05/2021;2021;18;All;0-17 anos;98;8;0;106;485;240;0;725;0,000282461;0,000139775;NA;NA
198;AGES;03/05/2021;2021;18;All;18-24 anos;1687;703;0;2390;32306;12381;2;44689;0,04164749;0,015961047;NA;NA
199;AGES;03/05/2021;2021;18;All;25-49 anos;8866;7309;1;16176;376039;147686;33;523758;0,111894623;0,043945626;NA;NA
200;AGES;03/05/2021;2021;18;All;50-64 anos;149673;14170;0;163843;552744;103346;13;656103;0,255653697;0,047799319;NA;NA
201;AGES;03/05/2021;2021;18;All;65-79 anos;200854;163284;7;364145;1339048;282096;20;1621164;0,834526079;0,175808835;NA;NA
202;AGES;03/05/2021;2021;18;All;80 ou mais anos;5048;31699;3;36750;638313;588971;35;1227319;0,944441403;0,871435483;NA;NA
203;AGES;03/05/2021;2021;18;All;Desconhecido;0;0;0;0;0;0;0;0;NA;NA;NA;NA
204;AGES;10/05/2021;2021;19;All;0-17 anos;129;31;0;160;614;271;0;885;0,00035759;0,000157829;NA;NA
205;AGES;10/05/2021;2021;19;All;18-24 anos;2060;5295;1;7356;34366;17676;3;52045;0,044303153;0,022787131;NA;NA
206;AGES;10/05/2021;2021;19;All;25-49 anos;23439;99224;3;122666;399478;246910;36;646424;0,11886916;0,07347084;NA;NA
207;AGES;10/05/2021;2021;19;All;50-64 anos;164843;108730;5;273578;717587;212076;18;929681;0,331896446;0,098088832;NA;NA
208;AGES;10/05/2021;2021;19;All;65-79 anos;90852;79555;3;170410;1429900;361651;23;1791574;0,891147174;0,225389374;NA;NA
209;AGES;10/05/2021;2021;19;All;80 ou mais anos;3700;9881;0;13581;642013;598852;35;1240900;0,949915885;0,88605531;NA;NA
210;AGES;10/05/2021;2021;19;All;Desconhecido;1;0;0;1;6;0;0;6;NA;NA;NA;NA
211;GENERAL;08/02/2021;2021;6;All;All;40418;98862;13;139293;360527;214822;20;575369;0,035016529;0,020864792;651900;571981
212;GENERAL;15/02/2021;2021;7;All;All;103081;49929;9;153019;463608;264751;29;728388;0,04502837;0,025714194;830730;718143
213;GENERAL;22/02/2021;2021;8;All;All;175868;20444;10;196322;639476;285195;39;924710;0,062109718;0,027699837;1002999;933847
214;GENERAL;01/03/2021;2021;9;All;All;137875;33216;16;171107;777351;318411;55;1095817;0,075500959;0,030925973;1186389;1095103
215;GENERAL;08/03/2021;2021;10;All;All;93955;51417;2;145374;871306;369828;57;1241191;0,084626428;0,035919898;1468929;1264093
216;GENERAL;15/03/2021;2021;11;All;All;80398;109606;7;190011;951704;479434;64;1431202;0,09243516;0,046565485;1713540;1462079
217;GENERAL;22/03/2021;2021;12;All;All;254989;21092;1;276082;1206693;500526;65;1707284;0,117201211;0,048614066;1883850;1753999
218;GENERAL;29/03/2021;2021;13;All;All;136677;83916;7;220600;1343370;584442;72;1927884;0,130476095;0,056764488;2344530;1996561
219;GENERAL;05/04/2021;2021;14;All;All;255180;52528;3;307711;1598550;636970;75;2235595;0,155260696;0,06186632;2684460;2360167
220;GENERAL;12/04/2021;2021;15;All;All;423732;53677;2;477411;2022282;690647;77;2713006;0,196416072;0,06707975;2983590;2679813
221;GENERAL;19/04/2021;2021;16;All;All;208331;138159;11;346501;2230613;828806;88;3059507;0,216650419;0,080498575;3400260;3039329
222;GENERAL;26/04/2021;2021;17;All;All;342101;88741;4;430846;2572714;917547;92;3490353;0,249877306;0,089117629;4128420;3581288
223;GENERAL;03/05/2021;2021;18;All;All;366226;217173;11;583410;2938940;1134720;103;4073763;0,285447356;0,110210764;4655370;4171038
224;GENERAL;10/05/2021;2021;19;All;All;285024;302716;12;587752;3223964;1437436;115;4661515;0,313130584;0,139612345;5197920;4686071
