;TYPE;DATE;YEAR;WEEK;REGION;AGEGROUP;TOTAL_VAC_1;TOTAL_VAC_2;TOTAL_VAC_UNK;TOTAL;CUMUL_VAC_1;CUMUL_VAC_2;CUMUL_VAC_UNK;CUMUL;CUMUL_VAC_INIT;CUMUL_VAC_COMPLETE;CUMUL_VAC_LEAST;COVER_1_VAC;COVER_INIT;COVER_COMPLETE;COVER_LEAST
1;REGIONAL;04/01/21;2021;1;ARS Alentejo;All;3484;1;0;3485;4713;1;0;4714;4712;1;4713;0,010053285;0,010051152;0,000002133;0,010053285
2;REGIONAL;11/01/21;2021;2;ARS Alentejo;All;5361;12;0;5373;10074;13;0;10087;10060;14;10074;0,021488816;0,021458953;0,000029863;0,021488816
3;REGIONAL;18/01/21;2021;3;ARS Alentejo;All;10435;1133;0;11568;20509;1146;0;21655;19358;1151;20509;0,043747680;0,041292486;0,002455194;0,043747680
4;REGIONAL;25/01/21;2021;4;ARS Alentejo;All;2302;3122;0;5424;22811;4268;0;27079;18535;4276;22811;0,048658069;0,039536947;0,009121121;0,048658069
5;REGIONAL;01/02/21;2021;5;ARS Alentejo;All;1456;4347;0;5803;24267;8615;0;32882;15643;8624;24267;0,051763858;0,033368032;0,018395826;0,051763858
6;REGIONAL;08/02/21;2021;6;ARS Alentejo;All;3335;8787;0;12122;27602;17402;0;45004;10187;17415;27602;0,058877735;0,021729856;0,037147879;0,058877735
7;REGIONAL;15/02/21;2021;7;ARS Alentejo;All;4065;2814;0;6879;31667;20216;0;51883;11438;20229;31667;0,067548773;0,024398360;0,043150413;0,067548773
8;REGIONAL;22/02/21;2021;8;ARS Alentejo;All;12041;1653;0;13694;43708;21869;0;65577;21822;21886;43708;0,093233391;0,046548436;0,046684954;0,093233391
9;REGIONAL;01/03/21;2021;9;ARS Alentejo;All;10468;2837;1;13306;54176;24706;1;78883;29448;24728;54176;0,115562647;0,062815432;0,052747215;0,115562647
10;REGIONAL;08/03/21;2021;10;ARS Alentejo;All;5841;1675;0;7516;60017;26381;1;86399;33605;26412;60017;0,128022065;0,071682715;0,056339350;0,128022065
11;REGIONAL;15/03/21;2021;11;ARS Alentejo;All;3716;7745;0;11461;63733;34126;1;97860;29576;34158;63734;0,135948652;0,063088468;0,072862317;0,135950785
12;REGIONAL;22/03/21;2021;12;ARS Alentejo;All;11918;2117;0;14035;75651;36243;1;111895;39376;36277;75653;0,161370899;0,083992816;0,077382349;0,161375165
13;REGIONAL;29/03/21;2021;13;ARS Alentejo;All;6159;6301;0;12460;81810;42544;1;124355;39231;42581;81812;0,174508641;0,083683517;0,090829391;0,174512907
14;REGIONAL;05/04/21;2021;14;ARS Alentejo;All;14057;4320;0;18377;95867;46864;1;142732;48965;46906;95871;0,204493582;0,104447080;0,100055034;0,204502114
15;REGIONAL;12/04/21;2021;15;ARS Alentejo;All;21913;2975;0;24888;117780;49839;1;167620;67900;49885;117785;0,251236130;0,144837266;0,106409529;0,251246795
16;REGIONAL;19/04/21;2021;16;ARS Alentejo;All;11377;5974;1;17352;129157;55813;2;184972;73300;55862;129162;0,275504371;0,156355988;0,119159048;0,275515036
17;REGIONAL;26/04/21;2021;17;ARS Alentejo;All;20228;2788;0;23016;149385;58601;2;207988;90743;58653;149396;0,318652651;0,193563594;0,125112521;0,318676115
18;REGIONAL;03/05/21;2021;18;ARS Alentejo;All;13685;14342;1;28028;163070;72943;3;236016;93189;73007;166196;0,347844079;0,198781149;0,155730991;0,354512139
19;REGIONAL;10/05/21;2021;19;ARS Alentejo;All;17439;15293;0;32732;180509;88236;3;268748;95822;88319;184141;0,385043153;0,204397592;0,188392968;0,392790560
20;REGIONAL;17/05/21;2021;20;ARS Alentejo;All;13225;12238;1;25464;193734;100474;4;294212;100106;100674;200780;0,413253356;0,213535778;0,214747377;0,428283156
21;REGIONAL;24/05/21;2021;21;ARS Alentejo;All;7203;18553;0;25756;200937;119027;4;319968;90431;119681;210112;0,428618052;0,192898068;0,255291146;0,448189214
22;REGIONAL;31/05/21;2021;22;ARS Alentejo;All;17405;7322;0;24727;218342;126349;4;344695;100102;127757;227859;0,465744600;0,213527246;0,272518035;0,486045281
23;REGIONAL;07/06/21;2021;23;ARS Alentejo;All;13827;15291;0;29118;232169;141640;4;373813;98673;143648;242321;0,495238928;0,210479051;0,306415075;0,516894126
24;REGIONAL;14/06/21;2021;24;ARS Alentejo;All;10243;19266;1;29510;242412;160906;5;403323;90856;163384;254240;0,517088238;0,193804634;0,348513872;0,542318505
25;REGIONAL;21/06/21;2021;25;ARS Alentejo;All;10559;14202;1;24762;252971;175108;6;428085;89288;178285;267573;0,539611606;0,190459938;0,380299145;0,570759084
26;REGIONAL;28/06/21;2021;26;ARS Alentejo;All;10993;28799;3;39795;263964;203907;9;467880;72922;207742;280664;0,563060738;0,155549678;0,443133775;0,598683453
27;REGIONAL;05/07/21;2021;27;ARS Alentejo;All;15351;27868;1;43220;279315;231775;10;511100;59724;236997;296721;0,595805905;0,127397067;0,505537519;0,632934586
28;REGIONAL;12/07/21;2021;28;ARS Alentejo;All;8196;20340;1;28537;287511;252115;11;539637;49581;258820;308401;0,613288766;0,105761068;0,552088088;0,657849156
29;REGIONAL;19/07/21;2021;29;ARS Alentejo;All;3521;16753;3;20277;291032;268868;14;559914;39415;276848;316263;0,620799399;0,084076007;0,590543556;0,674619562
30;REGIONAL;26/07/21;2021;30;ARS Alentejo;All;2252;16525;0;18777;293284;285393;14;578691;28741;294395;323136;0,625603133;0,061307332;0,627973004;0,689280336
31;REGIONAL;02/08/21;2021;31;ARS Alentejo;All;4958;20003;13;24974;298242;305396;27;603665;18662;315521;334183;0,636179027;0,039807851;0,673036804;0,712844655
32;REGIONAL;09/08/21;2021;32;ARS Alentejo;All;14864;14431;0;29295;313106;319827;27;632960;24738;331613;356351;0,667885376;0,052768546;0,707362597;0,760131143
33;REGIONAL;16/08/21;2021;33;ARS Alentejo;All;22207;6579;0;28786;335313;326406;27;661746;41982;340394;382376;0,715255054;0,089551666;0,726093319;0,815644984
34;REGIONAL;23/08/21;2021;34;ARS Alentejo;All;12964;4599;0;17563;348277;331005;27;679309;51058;346416;397474;0,742908520;0,108911651;0,738938827;0,847850478
35;REGIONAL;30/08/21;2021;35;ARS Alentejo;All;4732;15824;2;20558;353009;346829;29;699867;40647;363187;403834;0,753002334;0,086703982;0,774712992;0,861416973
36;REGIONAL;06/09/21;2021;36;ARS Alentejo;All;2587;15178;8;17773;355596;362007;37;717640;27648;378858;406506;0,758520655;0,058975858;0,808140750;0,867116608
37;REGIONAL;13/09/21;2021;37;ARS Alentejo;All;1780;15800;7;17587;357376;377807;44;735227;13415;394900;408315;0,762317567;0,028615492;0,842359888;0,870975380
38;REGIONAL;04/01/21;2021;1;ARS Algarve;All;1260;3;0;1263;2330;3;0;2333;2326;4;2330;0,004984011;0,004975454;0,000008556;0,004984011
39;REGIONAL;11/01/21;2021;2;ARS Algarve;All;1364;5;0;1369;3694;8;0;3702;3683;11;3694;0,007901689;0,007878159;0,000023530;0,007901689
40;REGIONAL;18/01/21;2021;3;ARS Algarve;All;3404;946;0;4350;7098;954;0;8052;6141;957;7098;0,015183050;0,013135969;0,002047081;0,015183050
41;REGIONAL;25/01/21;2021;4;ARS Algarve;All;2156;1233;0;3389;9254;2187;0;11441;7064;2190;9254;0,019794864;0,015110322;0,004684542;0,019794864
42;REGIONAL;01/02/21;2021;5;ARS Algarve;All;1228;1249;0;2477;10482;3436;0;13918;7044;3439;10483;0,022421630;0,015067541;0,007356228;0,022423769
43;REGIONAL;08/02/21;2021;6;ARS Algarve;All;2412;2900;0;5312;12894;6336;0;19230;6554;6341;12895;0,027581044;0,014019401;0,013563781;0,027583183
44;REGIONAL;15/02/21;2021;7;ARS Algarve;All;3215;2119;0;5334;16109;8455;0;24564;7647;8463;16110;0,034458123;0,016357394;0,018102867;0,034460262
45;REGIONAL;22/02/21;2021;8;ARS Algarve;All;8520;1067;1;9588;24629;9522;1;34152;15090;9540;24630;0,052682916;0,032278420;0,020406635;0,052685055
46;REGIONAL;01/03/21;2021;9;ARS Algarve;All;4670;563;0;5233;29299;10085;1;39385;19191;10110;29301;0,062672328;0,041050706;0,021625900;0,062676606
47;REGIONAL;08/03/21;2021;10;ARS Algarve;All;5146;1555;0;6701;34445;11640;1;46086;22783;11665;34448;0,073679932;0,048734211;0,024952139;0,073686350
48;REGIONAL;15/03/21;2021;11;ARS Algarve;All;2726;3020;0;5746;37171;14660;1;51832;22489;14685;37174;0,079511011;0,048105327;0,031412101;0,079517428
49;REGIONAL;22/03/21;2021;12;ARS Algarve;All;9452;4321;0;13773;46623;18981;1;65605;27615;19011;46626;0,099729409;0,059070150;0,040665676;0,099735826
50;REGIONAL;29/03/21;2021;13;ARS Algarve;All;4240;2935;0;7175;50863;21916;1;72780;28921;21946;50867;0,108799025;0,061863763;0,046943818;0,108807581
51;REGIONAL;05/04/21;2021;14;ARS Algarve;All;8681;1816;0;10497;59544;23732;1;83277;35789;23764;59553;0,127368207;0,076554829;0,050832629;0,127387459
52;REGIONAL;12/04/21;2021;15;ARS Algarve;All;13686;2178;0;15864;73230;25910;1;99141;47297;25942;73239;0,156643387;0,101171136;0,055491503;0,156662638
53;REGIONAL;19/04/21;2021;16;ARS Algarve;All;7276;5530;0;12806;80506;31440;1;111947;49040;31476;80516;0,172207189;0,104899518;0,067329062;0,172228580
54;REGIONAL;26/04/21;2021;17;ARS Algarve;All;16404;3277;0;19681;96910;34717;1;131628;62156;34769;96925;0,207296335;0,132955433;0,074372988;0,207328421
55;REGIONAL;03/05/21;2021;18;ARS Algarve;All;16581;8968;2;25551;113491;43685;3;157179;70309;43749;114058;0,242764094;0,150395191;0,093581750;0,243976941
56;REGIONAL;10/05/21;2021;19;ARS Algarve;All;9743;11340;0;21083;123234;55025;3;178262;70669;55097;125766;0,263604958;0,151165253;0,117855806;0,269021059
57;REGIONAL;17/05/21;2021;20;ARS Algarve;All;12039;10919;2;22960;135273;65944;5;201222;74264;66070;140334;0,289357105;0,158855175;0,141327715;0,300182890
58;REGIONAL;24/05/21;2021;21;ARS Algarve;All;7632;18822;0;26454;142905;84766;5;227676;68767;84987;153754;0,305682414;0,147096760;0,181792319;0,328889079
59;REGIONAL;31/05/21;2021;22;ARS Algarve;All;8193;12764;2;20959;151098;97530;7;248635;72596;97847;170443;0,323207735;0,155287222;0,209300634;0,364587857
60;REGIONAL;07/06/21;2021;23;ARS Algarve;All;17077;6360;0;23437;168175;103890;7;272072;84356;104518;188874;0,359736468;0,180442572;0,223570306;0,404012877
61;REGIONAL;14/06/21;2021;24;ARS Algarve;All;15378;13451;0;28829;183553;117341;7;300901;86295;118184;204479;0,392630937;0,184590210;0,252802704;0,437392913
62;REGIONAL;21/06/21;2021;25;ARS Algarve;All;19368;10233;2;29603;202921;127574;9;330504;96325;128897;225222;0,434060257;0,206044984;0,275718457;0,481763441
63;REGIONAL;28/06/21;2021;26;ARS Algarve;All;17206;16479;7;33692;220127;144053;16;364196;99108;145783;244891;0,470864929;0,211997989;0,311838629;0,523836619
64;REGIONAL;05/07/21;2021;27;ARS Algarve;All;19205;31765;1;50971;239332;175818;17;415167;87154;178192;265346;0,511945582;0,186427662;0,381163435;0,567591097
65;REGIONAL;12/07/21;2021;28;ARS Algarve;All;9826;27021;4;36851;249158;202839;21;452018;75937;205734;281671;0,532963989;0,162433823;0,440077434;0,602511257
66;REGIONAL;19/07/21;2021;29;ARS Algarve;All;4353;27237;1;31591;253511;230076;22;483609;58191;233606;291797;0,542275318;0,124474059;0,499697323;0,624171382
67;REGIONAL;26/07/21;2021;30;ARS Algarve;All;3995;24759;3;28757;257506;254835;25;512366;41443;258995;300438;0,550820864;0,088649076;0,554005925;0,642655002
68;REGIONAL;02/08/21;2021;31;ARS Algarve;All;3944;22646;1;26591;261450;277481;26;538957;26072;282300;308372;0,559257318;0,055769580;0,603856726;0,659626306
69;REGIONAL;09/08/21;2021;32;ARS Algarve;All;11462;14025;3;25490;272912;291506;29;564447;28207;297258;325465;0,583775228;0,060336474;0,635852790;0,696189264
70;REGIONAL;16/08/21;2021;33;ARS Algarve;All;16652;7776;3;24431;289564;299282;32;588878;39430;306204;345634;0,619394860;0,084343148;0,654988823;0,739331971
71;REGIONAL;23/08/21;2021;34;ARS Algarve;All;13573;5304;0;18877;303137;304586;32;607755;48197;312643;360840;0,648428325;0,103096290;0,668762233;0,771858523
72;REGIONAL;30/08/21;2021;35;ARS Algarve;All;6483;12145;4;18632;309620;316731;36;626387;42598;325909;368507;0,662295853;0,091119691;0,697139007;0,788258698
73;REGIONAL;06/09/21;2021;36;ARS Algarve;All;3294;15729;1;19024;312914;332460;37;645411;30369;342081;372450;0,669341918;0,064961123;0,731731890;0,796693013
74;REGIONAL;13/09/21;2021;37;ARS Algarve;All;2256;12060;9;14325;315170;344520;46;659736;21301;354439;375740;0,674167638;0,045564124;0,758166398;0,803730521
75;REGIONAL;04/01/21;2021;1;ARS Centro;All;9080;18;0;9098;15748;19;0;15767;15730;20;15750;0,009487319;0,009476474;0,000012049;0,009488523
76;REGIONAL;11/01/21;2021;2;ARS Centro;All;12689;25;1;12715;28437;44;1;28482;28383;56;28439;0,017131755;0,017099223;0,000033737;0,017132960
77;REGIONAL;18/01/21;2021;3;ARS Centro;All;36800;6322;2;43124;65237;6366;3;71606;58833;6406;65239;0,039301765;0,035443701;0,003859269;0,039302970
78;REGIONAL;25/01/21;2021;4;ARS Centro;All;4897;8547;3;13447;70134;14913;6;85053;55179;14957;70136;0,042251943;0,033242364;0,009010784;0,042253148
79;REGIONAL;01/02/21;2021;5;ARS Centro;All;2731;9169;0;11900;72865;24082;6;96953;48738;24130;72868;0,043897223;0,029362010;0,014537020;0,043899030
80;REGIONAL;08/02/21;2021;6;ARS Centro;All;7562;27147;5;34714;80427;51229;11;131667;29124;51306;80430;0,048452919;0,017545635;0,030909091;0,048454726
81;REGIONAL;15/02/21;2021;7;ARS Centro;All;25564;10003;3;35570;105991;61232;14;167237;44595;61399;105994;0,063853847;0,026866076;0,036989578;0,063855654
82;REGIONAL;22/02/21;2021;8;ARS Centro;All;38434;3153;1;41588;144425;64385;15;208825;79838;64590;144428;0,087008254;0,048098078;0,038911983;0,087010061
83;REGIONAL;01/03/21;2021;9;ARS Centro;All;28570;5954;1;34525;172995;70339;16;243350;102434;70575;173009;0,104220134;0,061710946;0,042517622;0,104228568
84;REGIONAL;08/03/21;2021;10;ARS Centro;All;17760;13579;0;31339;190755;83918;16;274689;106590;84194;190784;0,114919573;0,064214712;0,050722333;0,114937044
85;REGIONAL;15/03/21;2021;11;ARS Centro;All;16739;24255;2;40996;207494;108173;18;315685;99076;108460;207536;0,125003916;0,059687933;0,065341286;0,125029219
86;REGIONAL;22/03/21;2021;12;ARS Centro;All;47913;4421;1;52335;255407;112594;19;368020;142452;113005;255457;0,153868908;0,085819628;0,068079402;0,153899030
87;REGIONAL;29/03/21;2021;13;ARS Centro;All;24434;16860;2;41296;279841;129454;21;409316;150010;129899;279909;0,168589072;0,090372914;0,078257124;0,168630038
88;REGIONAL;05/04/21;2021;14;ARS Centro;All;49930;10306;1;60237;329771;139760;22;469553;189568;140288;329856;0,198669197;0,114204470;0,084515935;0,198720405
89;REGIONAL;12/04/21;2021;15;ARS Centro;All;77689;12097;2;89788;407460;151857;24;559341;254984;152568;407552;0,245472619;0,153614073;0,091913971;0,245528044
90;REGIONAL;19/04/21;2021;16;ARS Centro;All;30072;24262;7;54341;437532;176119;31;613682;260648;176979;437627;0,263589373;0,157026327;0,106620278;0,263646605
91;REGIONAL;26/04/21;2021;17;ARS Centro;All;56650;17987;0;74637;494182;194106;31;688319;300406;195148;495554;0,297717935;0,180978372;0,117566118;0,298544491
92;REGIONAL;03/05/21;2021;18;ARS Centro;All;60017;49228;1;109246;554199;243334;32;797565;316807;244610;561417;0,333874932;0,190859088;0,147364299;0,338223387
93;REGIONAL;10/05/21;2021;19;ARS Centro;All;50703;55835;1;106539;604902;299169;33;904104;317525;300630;618155;0,364420748;0,191291644;0,181113320;0,372404964
94;REGIONAL;17/05/21;2021;20;ARS Centro;All;44924;41796;3;86723;649826;340965;36;990827;327622;343226;670848;0,391485029;0,197374541;0,206775107;0,404149648
95;REGIONAL;24/05/21;2021;21;ARS Centro;All;24261;56369;6;80636;674087;397334;42;1071463;302828;400620;703448;0,406100970;0,182437496;0,241351889;0,423789385
96;REGIONAL;31/05/21;2021;22;ARS Centro;All;44336;37836;0;82172;718423;435170;42;1153635;308741;441406;750147;0,432811013;0,185999759;0,265923248;0,451923007
97;REGIONAL;07/06/21;2021;23;ARS Centro;All;58425;40946;1;99372;776848;476116;43;1253007;325431;484911;810342;0,468008916;0,196054582;0,292132659;0,488187240
98;REGIONAL;14/06/21;2021;24;ARS Centro;All;52037;65860;7;117904;828885;541976;50;1370911;315037;553245;868282;0,499358395;0,189792759;0,333300199;0,523092957
99;REGIONAL;21/06/21;2021;25;ARS Centro;All;59599;47792;3;107394;888484;589768;53;1478305;329576;604632;934208;0,535263570;0,198551720;0,364258088;0,562809808
100;REGIONAL;28/06/21;2021;26;ARS Centro;All;49948;77236;2;127186;938432;667004;55;1605491;301125;685264;986389;0,565354539;0,181411531;0,412834508;0,594246039
101;REGIONAL;05/07/21;2021;27;ARS Centro;All;59521;105026;9;164556;997953;772030;64;1770047;259219;794731;1053950;0,601212724;0,156165432;0,478782457;0,634947888
102;REGIONAL;12/07/21;2021;28;ARS Centro;All;28581;82212;8;110801;1026534;854242;72;1880848;215661;881261;1096922;0,618431231;0,129924092;0,530912103;0,660836195
103;REGIONAL;19/07/21;2021;29;ARS Centro;All;16909;80804;15;97728;1043443;935046;87;1978576;162822;966572;1129394;0,628617989;0,098091451;0,582307368;0,680398819
104;REGIONAL;26/07/21;2021;30;ARS Centro;All;14413;69042;5;83460;1057856;1004088;92;2062036;116048;1040829;1156877;0,637301042;0,069912645;0,627043195;0,696955841
105;REGIONAL;02/08/21;2021;31;ARS Centro;All;19265;75190;4;94459;1077121;1079278;96;2156495;74372;1120880;1195252;0,648907163;0,044805109;0,675269595;0,720074703
106;REGIONAL;09/08/21;2021;32;ARS Centro;All;50526;46960;5;97491;1127647;1126238;101;2253986;92642;1176566;1269208;0,679346346;0,055811796;0,708817399;0,764629195
107;REGIONAL;16/08/21;2021;33;ARS Centro;All;61340;36022;7;97369;1188987;1162260;108;2351355;131084;1220337;1351421;0,716300380;0,078971022;0,735187059;0,814158082
108;REGIONAL;23/08/21;2021;34;ARS Centro;All;51085;18407;3;69495;1240072;1180667;111;2420850;163391;1244843;1408234;0,747076330;0,098434243;0,749950599;0,848384842
109;REGIONAL;30/08/21;2021;35;ARS Centro;All;20679;48233;2;68914;1260751;1228900;113;2489764;132898;1297596;1430494;0,759534309;0,080063859;0,781731430;0,861795289
110;REGIONAL;06/09/21;2021;36;ARS Centro;All;7757;50945;15;58717;1268508;1279845;128;2548481;88745;1349981;1438726;0,764207482;0,053464064;0,813290560;0,866754624
111;REGIONAL;13/09/21;2021;37;ARS Centro;All;5836;42559;26;48421;1274344;1322404;154;2596902;51177;1393600;1444777;0,767723357;0,030831375;0,839568649;0,870400024
112;REGIONAL;04/01/21;2021;1;ARS Lisboa e Vale do Tejo;All;12770;23;0;12793;23536;26;0;23562;23511;26;23537;0,006392906;0,006386115;0,000007062;0,006393177
113;REGIONAL;11/01/21;2021;2;ARS Lisboa e Vale do Tejo;All;13272;1116;0;14388;36808;1142;0;37950;35653;1156;36809;0,009997879;0,009684155;0,000313996;0,009998150
114;REGIONAL;18/01/21;2021;3;ARS Lisboa e Vale do Tejo;All;37883;9064;0;46947;74691;10206;0;84897;64349;10344;74693;0,020287751;0,017478632;0,002809662;0,020288295
115;REGIONAL;25/01/21;2021;4;ARS Lisboa e Vale do Tejo;All;17333;11904;1;29238;92024;22110;1;114135;69713;22314;92027;0,024995783;0,018935615;0,006060983;0,024996598
116;REGIONAL;01/02/21;2021;5;ARS Lisboa e Vale do Tejo;All;8763;8940;0;17703;100787;31050;1;131838;69521;31272;100793;0,027376010;0,018883463;0,008494177;0,027377640
117;REGIONAL;08/02/21;2021;6;ARS Lisboa e Vale do Tejo;All;14434;30449;0;44883;115221;61499;1;176721;53314;61913;115227;0,031296609;0,014481279;0,016816960;0,031298238
118;REGIONAL;15/02/21;2021;7;ARS Lisboa e Vale do Tejo;All;33048;19088;0;52136;148269;80587;1;228857;67122;81153;148275;0,040273187;0,018231841;0,022042976;0,040274817
119;REGIONAL;22/02/21;2021;8;ARS Lisboa e Vale do Tejo;All;49426;6687;0;56113;197695;87274;1;284970;109548;88153;197701;0,053698398;0,029755695;0,023944333;0,053700027
120;REGIONAL;01/03/21;2021;9;ARS Lisboa e Vale do Tejo;All;45244;12857;0;58101;242939;100131;1;343071;141719;101235;242954;0,065987683;0,038494060;0,027497697;0,065991757
121;REGIONAL;08/03/21;2021;10;ARS Lisboa e Vale do Tejo;All;33984;16612;1;50597;276923;116743;2;393668;159006;117945;276951;0,075218500;0,043189597;0,032036508;0,075226105
122;REGIONAL;15/03/21;2021;11;ARS Lisboa e Vale do Tejo;All;26309;29069;1;55379;303232;145812;3;449047;156186;147085;303271;0,082364615;0,042423622;0,039951586;0,082375208
123;REGIONAL;22/03/21;2021;12;ARS Lisboa e Vale do Tejo;All;89551;7715;0;97266;392783;153527;3;546313;237762;155071;392833;0,106688675;0,064581494;0,042120763;0,106702256
124;REGIONAL;29/03/21;2021;13;ARS Lisboa e Vale do Tejo;All;45740;23986;0;69726;438523;177513;3;616039;259446;179140;438586;0,119112686;0,070471355;0,048658443;0,119129798
125;REGIONAL;05/04/21;2021;14;ARS Lisboa e Vale do Tejo;All;87585;19773;1;107359;526108;197286;4;723398;327128;199098;526226;0,142902737;0,088855304;0,054079484;0,142934788
126;REGIONAL;12/04/21;2021;15;ARS Lisboa e Vale do Tejo;All;163791;14446;1;178238;689899;211732;5;901636;476349;213685;690034;0,187392047;0,129387076;0,058041640;0,187428716
127;REGIONAL;19/04/21;2021;16;ARS Lisboa e Vale do Tejo;All;79412;53859;1;133272;769311;265591;6;1034908;501646;267803;769449;0,208962128;0,136258309;0,072741303;0,208999612
128;REGIONAL;26/04/21;2021;17;ARS Lisboa e Vale do Tejo;All;107851;25698;2;133551;877162;291289;8;1168459;583684;293646;877330;0,238256879;0,158541670;0,079760842;0,238302512
129;REGIONAL;03/05/21;2021;18;ARS Lisboa e Vale do Tejo;All;108015;65694;3;173712;985177;356983;11;1342171;628556;359502;988058;0,267596177;0,170729912;0,097648809;0,268378721
130;REGIONAL;10/05/21;2021;19;ARS Lisboa e Vale do Tejo;All;90636;113359;3;203998;1075813;470342;14;1546169;608126;473158;1081284;0,292214948;0,165180666;0,128520329;0,293700994
131;REGIONAL;17/05/21;2021;20;ARS Lisboa e Vale do Tejo;All;110193;71372;1;181566;1186006;541714;15;1727735;648574;545543;1194117;0,322145839;0,176167250;0,148181719;0,324348969
132;REGIONAL;24/05/21;2021;21;ARS Lisboa e Vale do Tejo;All;110908;89073;2;199983;1296914;630787;17;1927718;675399;642708;1318107;0,352270940;0,183453522;0,174573913;0,358027434
133;REGIONAL;31/05/21;2021;22;ARS Lisboa e Vale do Tejo;All;92421;87107;7;179535;1389335;717894;24;2107253;696548;734758;1431306;0,377374557;0,189198065;0,199576758;0,388774823
134;REGIONAL;07/06/21;2021;23;ARS Lisboa e Vale do Tejo;All;152358;54196;3;206557;1541693;772090;27;2313810;802680;795559;1598239;0,418758408;0,218025897;0,216091674;0,434117571
135;REGIONAL;14/06/21;2021;24;ARS Lisboa e Vale do Tejo;All;147868;121545;4;269417;1689561;893635;31;2583227;831497;923789;1755286;0,458922675;0,225853241;0,250921819;0,476775059
136;REGIONAL;21/06/21;2021;25;ARS Lisboa e Vale do Tejo;All;120283;153950;12;274245;1809844;1047585;43;2857472;804538;1085643;1890181;0,491594236;0,218530572;0,294884996;0,513415568
137;REGIONAL;28/06/21;2021;26;ARS Lisboa e Vale do Tejo;All;130555;166858;8;297421;1940399;1214443;51;3154893;769572;1262269;2031841;0,527055903;0,209033021;0,342860581;0,551893602
138;REGIONAL;05/07/21;2021;27;ARS Lisboa e Vale do Tejo;All;143912;273875;8;417795;2084311;1488318;59;3572688;640016;1547397;2187413;0,566145631;0,173842705;0,420307743;0,594150448
139;REGIONAL;12/07/21;2021;28;ARS Lisboa e Vale do Tejo;All;80007;215939;15;295961;2164318;1704257;74;3868649;532643;1773317;2305960;0,587877328;0,144677789;0,481672684;0,626350473
140;REGIONAL;19/07/21;2021;29;ARS Lisboa e Vale do Tejo;All;57099;185757;7;242863;2221417;1890014;81;4111512;443814;1970348;2414162;0,603386697;0,120549840;0,535190724;0,655740564
141;REGIONAL;26/07/21;2021;30;ARS Lisboa e Vale do Tejo;All;36454;180526;10;216990;2257871;2070540;91;4328502;325721;2162837;2488558;0,613288421;0,088473132;0,587475055;0,675948186
142;REGIONAL;02/08/21;2021;31;ARS Lisboa e Vale do Tejo;All;45524;178388;8;223920;2303395;2248928;99;4552422;221472;2355954;2577426;0,625653761;0,060156764;0,639929965;0,700086729
143;REGIONAL;09/08/21;2021;32;ARS Lisboa e Vale do Tejo;All;107419;111062;4;218485;2410814;2359990;103;4770907;239715;2488321;2728036;0,654831172;0,065111972;0,675883812;0,740995784
144;REGIONAL;16/08/21;2021;33;ARS Lisboa e Vale do Tejo;All;107469;90935;8;198412;2518283;2450925;111;4969319;280347;2595317;2875664;0,684022163;0,076148535;0,704946326;0,781094861
145;REGIONAL;23/08/21;2021;34;ARS Lisboa e Vale do Tejo;All;89158;60797;5;149960;2607441;2511722;116;5119279;320971;2670806;2991777;0,708239476;0,087182925;0,725450832;0,812633757
146;REGIONAL;30/08/21;2021;35;ARS Lisboa e Vale do Tejo;All;48671;100680;13;149364;2656112;2612402;129;5268643;263859;2784972;3048831;0,721459612;0,071670024;0,756460879;0,828130904
147;REGIONAL;06/09/21;2021;36;ARS Lisboa e Vale do Tejo;All;27402;91564;80;119046;2683514;2703966;209;5387689;194794;2881852;3076646;0,728902610;0,052910421;0,782775661;0,835686082
148;REGIONAL;13/09/21;2021;37;ARS Lisboa e Vale do Tejo;All;19670;81579;159;101408;2703184;2785545;368;5489097;129254;2967272;3096526;0,734245423;0,035108286;0,805977649;0,841085936
149;REGIONAL;04/01/21;2021;1;ARS Norte;All;16755;38;0;16793;30166;45;0;30211;30124;49;30173;0,008420619;0,008408895;0,000013678;0,008422573
150;REGIONAL;11/01/21;2021;2;ARS Norte;All;15467;40;0;15507;45633;85;0;45718;45526;114;45640;0,012738119;0,012708251;0,000031822;0,012740073
151;REGIONAL;18/01/21;2021;3;ARS Norte;All;32567;12753;1;45321;78200;12838;1;91039;65303;12904;78207;0,021828960;0,018228856;0,003602058;0,021830914
152;REGIONAL;25/01/21;2021;4;ARS Norte;All;14445;15743;1;30189;92645;28581;2;121228;63995;28658;92653;0,025861176;0,017863738;0,007999672;0,025863409
153;REGIONAL;01/02/21;2021;5;ARS Norte;All;5733;12299;1;18033;98378;40880;3;139261;57429;40961;98390;0,027461501;0,016030887;0,011433964;0,027464851
154;REGIONAL;08/02/21;2021;6;ARS Norte;All;8987;28982;6;37975;107365;69862;9;177236;37364;70013;107377;0,029970157;0,010429888;0,019543618;0,029973507
155;REGIONAL;15/02/21;2021;7;ARS Norte;All;33124;15232;4;48360;140489;85094;13;225596;54898;85603;140501;0,039216480;0,015324376;0,023895453;0,039219830
156;REGIONAL;22/02/21;2021;8;ARS Norte;All;64922;4386;0;69308;205411;89480;13;294904;115162;90261;205423;0,057338983;0,032146633;0,025195700;0,057342333
157;REGIONAL;01/03/21;2021;9;ARS Norte;All;48172;7153;2;55327;253583;96633;15;350231;156086;97518;253604;0,070785845;0,043570269;0,027221439;0,070791707
158;REGIONAL;08/03/21;2021;10;ARS Norte;All;25863;14248;0;40111;279446;110881;15;390342;167573;111910;279483;0,078005313;0,046776781;0,031238860;0,078015641
159;REGIONAL;15/03/21;2021;11;ARS Norte;All;27061;42485;3;69549;306507;153366;18;459891;152127;154429;306556;0,085559194;0,042465143;0,043107729;0,085572872
160;REGIONAL;22/03/21;2021;12;ARS Norte;All;89232;2506;0;91738;395739;155872;18;551629;238753;157041;395794;0,110467656;0,066646159;0,043836850;0,110483009
161;REGIONAL;29/03/21;2021;13;ARS Norte;All;54300;32839;1;87140;450039;188711;19;638769;260154;189965;450119;0,125625105;0,072620092;0,053027345;0,125647437
162;REGIONAL;05/04/21;2021;14;ARS Norte;All;82617;13831;5;96453;532656;202542;24;735222;328904;203880;532784;0,148687038;0,091811153;0,056911615;0,148722769
163;REGIONAL;12/04/21;2021;15;ARS Norte;All;136170;19294;1;155465;668826;221836;25;890687;445677;223286;668963;0,186697901;0,124407485;0,062328659;0,186736143
164;REGIONAL;19/04/21;2021;16;ARS Norte;All;65424;46608;2;112034;734250;268444;27;1002721;464084;270305;734389;0,204960533;0,129545665;0,075453670;0,204999334
165;REGIONAL;26/04/21;2021;17;ARS Norte;All;127061;36880;3;163944;861311;305324;30;1166665;554090;307388;861478;0,240428685;0,154670183;0,085805119;0,240475302
166;REGIONAL;03/05/21;2021;18;ARS Norte;All;155936;73529;3;229468;1017247;378853;33;1396133;636210;381421;1017631;0,283957082;0,177593382;0,106470891;0,284064273
167;REGIONAL;10/05/21;2021;19;ARS Norte;All;100209;101328;8;201545;1117456;480181;41;1597678;640733;483876;1124609;0,311929694;0,178855945;0,135070457;0,313926402
168;REGIONAL;17/05/21;2021;20;ARS Norte;All;111239;71423;4;182666;1228695;551604;45;1780344;678961;564545;1243506;0,342981250;0,189527012;0,157588620;0,347115632
169;REGIONAL;24/05/21;2021;21;ARS Norte;All;73365;129494;9;202868;1302060;681098;54;1983212;629734;707322;1337056;0,363460554;0,175785654;0,197443779;0,373229433
170;REGIONAL;31/05/21;2021;22;ARS Norte;All;55351;172940;10;228301;1357411;854038;64;2211513;530139;886570;1416709;0,378911383;0,147984436;0,247479551;0,395463987
171;REGIONAL;07/06/21;2021;23;ARS Norte;All;107289;106969;9;214267;1464700;961007;73;2425780;528001;1003744;1531745;0,408860325;0,147387629;0,280187818;0,427575447
172;REGIONAL;14/06/21;2021;24;ARS Norte;All;105510;152996;14;258520;1570210;1114003;87;2684300;486066;1166894;1652960;0,438312672;0,135681780;0,325729951;0,461411731
173;REGIONAL;21/06/21;2021;25;ARS Norte;All;146662;105748;5;252415;1716872;1219751;92;2936715;529950;1286263;1816213;0,479252300;0,147931678;0,359050937;0,506982615
174;REGIONAL;28/06/21;2021;26;ARS Norte;All;163995;117799;9;281803;1880867;1337550;101;3218518;566954;1419745;1986699;0,525030308;0,158261075;0,396311464;0,554572539
175;REGIONAL;05/07/21;2021;27;ARS Norte;All;176357;159010;11;335378;2057224;1496560;112;3553896;580124;1597293;2177417;0,574259078;0,161937384;0,445872694;0,607810078
176;REGIONAL;12/07/21;2021;28;ARS Norte;All;105560;157503;22;263085;2162784;1654063;134;3816981;561037;1771506;2332543;0,603725383;0,156609388;0,494502982;0,651112370
177;REGIONAL;19/07/21;2021;29;ARS Norte;All;51904;190104;12;242020;2214688;1844167;146;4059001;461328;1974990;2436318;0,618214006;0,128776347;0,551304057;0,680080404
178;REGIONAL;26/07/21;2021;30;ARS Norte;All;35460;185863;16;221339;2250148;2030030;162;4280340;335094;2172421;2507515;0,628112406;0,093539047;0,606415481;0,699954528
179;REGIONAL;02/08/21;2021;31;ARS Norte;All;41967;190355;8;232330;2292115;2220385;170;4512670;213288;2374697;2587985;0,639827188;0,059537790;0,662879351;0,722417141
180;REGIONAL;09/08/21;2021;32;ARS Norte;All;119466;148457;5;267928;2411581;2368842;175;4780598;226026;2540988;2767014;0,673175251;0,063093510;0,709298272;0,772391781
181;REGIONAL;16/08/21;2021;33;ARS Norte;All;148921;81301;8;230230;2560502;2450143;183;5010828;312276;2641959;2954235;0,714745462;0,087169568;0,737483590;0,824653158
182;REGIONAL;23/08/21;2021;34;ARS Norte;All;119249;34144;4;153397;2679751;2484287;187;5164225;384901;2691907;3076808;0,748032951;0,107442307;0,751426210;0,858868517
183;REGIONAL;30/08/21;2021;35;ARS Norte;All;44845;111485;11;156341;2724596;2595772;198;5320566;309303;2813948;3123251;0,760551106;0,086339677;0,785493065;0,871832742
184;REGIONAL;06/09/21;2021;36;ARS Norte;All;22369;129154;50;151573;2746965;2724926;248;5472139;198789;2947950;3146739;0,766795249;0,055490500;0,822898746;0,878389246
185;REGIONAL;13/09/21;2021;37;ARS Norte;All;14671;97093;123;111887;2761636;2822019;371;5584026;114673;3047603;3162276;0,770890552;0,032010132;0,850716155;0,882726286
186;REGIONAL;04/01/21;2021;1;RA Madeira;All;1831;2;0;1833;2537;2;0;2539;2535;2;2537;0,010105154;0,010097188;0,000007966;0,010105154
187;REGIONAL;11/01/21;2021;2;RA Madeira;All;1798;3;0;1801;4335;5;0;4340;4327;8;4335;0,017266789;0,017234924;0,000031865;0,017266789
188;REGIONAL;18/01/21;2021;3;RA Madeira;All;1165;598;1;1764;5500;603;1;6104;4894;606;5500;0,021907114;0,019493348;0,002413766;0,021907114
189;REGIONAL;25/01/21;2021;4;RA Madeira;All;486;1724;3;2213;5986;2327;4;8317;3656;2330;5986;0,023842906;0,014562256;0,009280650;0,023842906
190;REGIONAL;01/02/21;2021;5;RA Madeira;All;2256;1544;0;3800;8242;3871;4;12117;4368;3874;8242;0,032828806;0,017398231;0,015430574;0,032828806
191;REGIONAL;08/02/21;2021;6;RA Madeira;All;3183;1160;1;4344;11425;5031;5;16461;6391;5034;11425;0,045507050;0,025456066;0,020050984;0,045507050
192;REGIONAL;15/02/21;2021;7;RA Madeira;All;2594;711;1;3306;14019;5742;6;19767;8273;5746;14019;0,055839242;0,032952282;0,022886959;0,055839242
193;REGIONAL;22/02/21;2021;8;RA Madeira;All;2272;2161;1;4434;16291;7903;7;24201;8384;7907;16291;0,064888871;0,033394408;0,031494463;0,064888871
194;REGIONAL;01/03/21;2021;9;RA Madeira;All;1459;3131;3;4593;17750;11034;10;28794;6712;11038;17750;0,070700231;0,026734645;0,043965586;0,070700231
195;REGIONAL;08/03/21;2021;10;RA Madeira;All;4983;2391;0;7374;22733;13425;10;36168;9304;13429;22733;0,090548076;0,037058870;0,053489206;0,090548076
196;REGIONAL;15/03/21;2021;11;RA Madeira;All;3133;2329;2;5464;25866;15754;12;41632;10107;15759;25866;0,103027165;0,040257309;0,062769856;0,103027165
197;REGIONAL;22/03/21;2021;12;RA Madeira;All;5503;193;0;5696;31369;15947;12;47328;15417;15952;31369;0,124946228;0,061407632;0,063538596;0,124946228
198;REGIONAL;29/03/21;2021;13;RA Madeira;All;1227;1262;1;2490;32596;17209;13;49818;15382;17215;32597;0,129833506;0,061268223;0,068569266;0,129837489
199;REGIONAL;05/04/21;2021;14;RA Madeira;All;10222;1303;0;11525;42818;18512;13;61343;24299;18520;42819;0,170548873;0,096785629;0,073767227;0,170552856
200;REGIONAL;12/04/21;2021;15;RA Madeira;All;8534;1312;0;9846;51352;19824;13;71189;31516;19838;51354;0,204540747;0,125531745;0,079016968;0,204548713
201;REGIONAL;19/04/21;2021;16;RA Madeira;All;9834;2145;0;11979;61186;21969;13;83168;39137;22052;61189;0,243710667;0,155887039;0,087835577;0,243722616
202;REGIONAL;26/04/21;2021;17;RA Madeira;All;8824;832;1;9657;70010;22801;14;92825;47134;22897;70031;0,278857644;0,187739982;0,091201306;0,278941289
203;REGIONAL;03/05/21;2021;18;RA Madeira;All;7658;5349;0;13007;77668;28150;14;105832;49443;28267;77710;0,309360312;0,196936987;0,112590616;0,309527603
204;REGIONAL;10/05/21;2021;19;RA Madeira;All;11602;6564;5;18171;89270;34714;19;124003;54470;34843;89313;0,355572373;0,216960089;0,138783558;0,355743647
205;REGIONAL;17/05/21;2021;20;RA Madeira;All;2401;7717;7;10125;91671;42431;26;134128;49156;42566;91722;0,365135824;0,195793834;0,169545129;0,365338963
206;REGIONAL;24/05/21;2021;21;RA Madeira;All;3507;8994;3;12504;95178;51425;29;146632;43661;51577;95238;0,379104597;0,173906636;0,205436947;0,379343583
207;REGIONAL;31/05/21;2021;22;RA Madeira;All;7646;11019;5;18670;102824;62444;34;165302;40586;62637;103223;0,409559468;0,161658568;0,249490162;0,411148729
208;REGIONAL;07/06/21;2021;23;RA Madeira;All;3720;15287;5;19012;106544;77731;39;184314;31079;77962;109041;0,424376643;0,123791126;0,310531347;0,434322473
209;REGIONAL;14/06/21;2021;24;RA Madeira;All;3763;8367;5;12135;110307;86098;44;196449;28966;86367;115333;0,439365092;0,115374811;0,344009400;0,459384211
210;REGIONAL;21/06/21;2021;25;RA Madeira;All;12629;3750;14;16393;122936;89848;58;212842;37836;90259;128095;0,489667808;0,150705011;0,359511671;0,510216681
211;REGIONAL;28/06/21;2021;26;RA Madeira;All;10157;12370;21;22548;133093;102218;79;235390;35701;102744;138445;0,530124273;0,142201067;0,409240819;0,551441886
212;REGIONAL;05/07/21;2021;27;RA Madeira;All;12795;7012;10;19817;145888;109230;89;255207;41545;110107;151652;0,581088186;0,165478372;0,438568470;0,604046841
213;REGIONAL;12/07/21;2021;28;RA Madeira;All;10665;5913;9;16587;156553;115143;98;271794;47182;116613;163795;0,623568071;0,187931172;0,464482594;0,652413766
214;REGIONAL;19/07/21;2021;29;RA Madeira;All;4270;14852;7;19129;160823;129995;105;290923;38877;131719;170596;0,640575958;0,154851430;0,524651478;0,679502908
215;REGIONAL;26/07/21;2021;30;RA Madeira;All;5571;13894;5;19470;166394;143889;110;310393;33487;146030;179517;0,662765873;0,133382458;0,581653788;0,715036246
216;REGIONAL;02/08/21;2021;31;RA Madeira;All;4560;14390;1;18951;170954;158279;111;329344;25434;160777;186211;0,680928862;0,101306461;0,640392735;0,741699195
217;REGIONAL;09/08/21;2021;32;RA Madeira;All;5418;11058;4;16480;176372;169337;115;345824;21254;172088;193342;0,702509360;0,084657054;0,685445710;0,770102764
218;REGIONAL;16/08/21;2021;33;RA Madeira;All;3623;8165;4;11792;179995;177502;119;357616;17775;180461;198236;0,716940174;0,070799809;0,718796304;0,789596112
219;REGIONAL;23/08/21;2021;34;RA Madeira;All;2193;6287;2;8482;182188;183789;121;366098;14467;186923;201390;0,725675137;0,057623676;0,744535171;0,802158846
220;REGIONAL;30/08/21;2021;35;RA Madeira;All;1802;5860;2;7664;183990;189649;123;373762;11218;193012;204230;0,732852705;0,044682546;0,768788337;0,813470883
221;REGIONAL;06/09/21;2021;36;RA Madeira;All;1305;4789;2;6096;185295;194438;125;379858;8158;198021;206179;0,738050665;0,032494224;0,788739743;0,821233968
222;REGIONAL;13/09/21;2021;37;RA Madeira;All;763;2805;2;3570;186058;197243;127;383428;6322;201017;207339;0,741089779;0,025181232;0,800673146;0,825854377
223;REGIONAL;04/01/21;2021;1;RA Acores;All;3686;3;1;3690;5727;4;4;5735;5723;4;5727;0,024199580;0,024182678;0,000016902;0,024199580
224;REGIONAL;11/01/21;2021;2;RA Acores;All;25;3;0;28;5752;7;4;5763;5745;7;5752;0,024305218;0,024275639;0,000029579;0,024305218
225;REGIONAL;18/01/21;2021;3;RA Acores;All;87;1985;5;2077;5839;1992;9;7840;3847;1992;5839;0,024672839;0,016255594;0,008417245;0,024672839
226;REGIONAL;25/01/21;2021;4;RA Acores;All;315;3616;9;3940;6154;5608;18;11780;546;5608;6154;0,026003879;0,002307136;0,023696743;0,026003879
227;REGIONAL;01/02/21;2021;5;RA Acores;All;1885;35;1;1921;8039;5643;19;13701;2396;5643;8039;0,033968993;0,010124357;0,023844636;0,033968993
228;REGIONAL;08/02/21;2021;6;RA Acores;All;1065;56;1;1122;9104;5699;20;14823;3405;5699;9104;0,038469177;0,014387912;0,024081265;0,038469177
229;REGIONAL;15/02/21;2021;7;RA Acores;All;2096;369;2;2467;11200;6068;22;17290;5132;6068;11200;0,047325877;0,021685393;0,025640484;0,047325877
230;REGIONAL;22/02/21;2021;8;RA Acores;All;1500;1642;8;3150;12700;7710;30;20440;4989;7711;12700;0,053664164;0,021081143;0,032583021;0,053664164
231;REGIONAL;01/03/21;2021;9;RA Acores;All;785;1201;5;1991;13485;8911;35;22431;4573;8912;13485;0,056981201;0,019323324;0,037657876;0,056981201
232;REGIONAL;08/03/21;2021;10;RA Acores;All;2772;2073;3;4848;16257;10984;38;27279;5262;10995;16257;0,068694355;0,022234711;0,046459644;0,068694355
233;REGIONAL;15/03/21;2021;11;RA Acores;All;2531;1456;9;3996;18788;12440;47;31275;6332;12457;18789;0,079389158;0,026756022;0,052637361;0,079393384
234;REGIONAL;22/03/21;2021;12;RA Acores;All;4164;751;6;4921;22952;13191;53;36196;9735;13218;22953;0,096984243;0,041135483;0,055852986;0,096988469
235;REGIONAL;29/03/21;2021;13;RA Acores;All;2223;778;4;3005;25175;13969;57;39201;11177;14000;25177;0,106377584;0,047228690;0,059157346;0,106386035
236;REGIONAL;05/04/21;2021;14;RA Acores;All;3893;2374;15;6282;29068;16343;72;45483;12682;16392;29074;0,122827552;0,053588104;0,069264801;0,122852905
237;REGIONAL;12/04/21;2021;15;RA Acores;All;4236;2395;18;6649;33304;18738;90;52132;14507;18804;33311;0,140726875;0,061299687;0,079456767;0,140756453
238;REGIONAL;19/04/21;2021;16;RA Acores;All;7900;1071;18;8989;41204;19809;108;61121;21279;19932;41211;0,174108520;0,089914940;0,084223158;0,174138099
239;REGIONAL;26/04/21;2021;17;RA Acores;All;9303;2981;16;12300;50507;22790;124;73421;27556;22976;50532;0,213418576;0,116438559;0,097085656;0,213524214
240;REGIONAL;03/05/21;2021;18;RA Acores;All;9724;2955;20;12699;60231;25745;144;86120;34305;25984;60289;0,254507578;0,144956625;0,109796034;0,254752659
241;REGIONAL;10/05/21;2021;19;RA Acores;All;9441;2421;15;11877;69672;28166;159;97997;41295;28438;69733;0,294400757;0,174493043;0,120165472;0,294658514
242;REGIONAL;17/05/21;2021;20;RA Acores;All;12091;5182;14;17287;81763;33348;173;115284;48171;33660;81831;0,345491576;0,203547751;0,142231162;0,345778912
243;REGIONAL;24/05/21;2021;21;RA Acores;All;5600;8174;93;13867;87363;41522;266;129151;45582;41859;87441;0,369154515;0,192607867;0,176876239;0,369484106
244;REGIONAL;31/05/21;2021;22;RA Acores;All;5523;10490;31;16044;92886;52012;297;145195;40645;52386;93031;0,392492088;0,171746452;0,221358337;0,393104789
245;REGIONAL;07/06/21;2021;23;RA Acores;All;7870;12195;56;20121;100756;64207;353;165316;36292;64633;100925;0,425746967;0,153352743;0,273108338;0,426461081
246;REGIONAL;14/06/21;2021;24;RA Acores;All;9262;7853;88;17203;110018;72060;441;182519;38102;72549;110651;0,464883777;0,161000942;0,306557592;0,467558534
247;REGIONAL;21/06/21;2021;25;RA Acores;All;7554;10021;366;17941;117572;82081;807;200460;38105;82655;120760;0,496803391;0,161013619;0,349260744;0,510274363
248;REGIONAL;28/06/21;2021;26;RA Acores;All;6723;12487;195;19405;124295;94568;1002;219865;33740;95264;129004;0,525211593;0,142569204;0,402540385;0,545109589
249;REGIONAL;05/07/21;2021;27;RA Acores;All;6213;16314;65;22592;130508;110882;1067;242457;25417;111729;137146;0,551464778;0,107400161;0,472113650;0,579513811
250;REGIONAL;12/07/21;2021;28;RA Acores;All;2966;11907;56;14929;133474;122789;1123;257386;18105;123737;141842;0,563997684;0,076503125;0,522853750;0,599356875
251;REGIONAL;19/07/21;2021;29;RA Acores;All;5698;9021;42;14761;139172;131810;1165;272147;16458;132962;149420;0,588074724;0,069543686;0,561834216;0,631377901
252;REGIONAL;26/07/21;2021;30;RA Acores;All;6992;9014;30;16036;146164;140824;1195;288183;16853;142332;159185;0,617619593;0,071212768;0,601427382;0,672640150
253;REGIONAL;02/08/21;2021;31;RA Acores;All;9595;6669;24;16288;155759;147493;1219;304471;23112;149322;172434;0,658163502;0,097660327;0,630963800;0,728624127
254;REGIONAL;09/08/21;2021;32;RA Acores;All;5006;6590;33;11629;160765;154083;1252;316100;22881;156163;179044;0,679316479;0,096684231;0,659870614;0,756554845
255;REGIONAL;16/08/21;2021;33;RA Acores;All;2351;7335;35;9721;163116;161418;1287;325821;18576;163618;182194;0,689250688;0,078493347;0,691371901;0,769865248
256;REGIONAL;23/08/21;2021;34;RA Acores;All;5710;9338;14;15062;168826;170756;1301;340883;15243;173080;188323;0,713378434;0,064409673;0,731353816;0,795763489
257;REGIONAL;30/08/21;2021;35;RA Acores;All;3136;5537;13;8686;171962;176293;1314;349569;12978;178713;191691;0,726629679;0,054838860;0,755156197;0,809995056
258;REGIONAL;06/09/21;2021;36;RA Acores;All;2090;2776;15;4881;174052;179069;1329;354450;11773;182240;194013;0,735461026;0,049747102;0,770059622;0,819806725
259;REGIONAL;13/09/21;2021;37;RA Acores;All;850;5311;30;6191;174902;184380;1359;360641;7111;187857;194968;0,739052722;0,030047706;0,793794394;0,823842101
260;REGIONAL;04/01/21;2021;1;Outro;All;0;0;0;0;0;0;0;0;0;0;0;NA;NA;NA;NA
261;REGIONAL;11/01/21;2021;2;Outro;All;0;0;0;0;0;0;0;0;0;0;0;NA;NA;NA;NA
262;REGIONAL;18/01/21;2021;3;Outro;All;0;0;0;0;0;0;0;0;0;0;0;NA;NA;NA;NA
263;REGIONAL;25/01/21;2021;4;Outro;All;0;0;0;0;0;0;0;0;0;0;0;NA;NA;NA;NA
264;REGIONAL;01/02/21;2021;5;Outro;All;0;0;0;0;0;0;0;0;0;0;0;NA;NA;NA;NA
265;REGIONAL;08/02/21;2021;6;Outro;All;0;0;0;0;0;0;0;0;0;0;0;NA;NA;NA;NA
266;REGIONAL;15/02/21;2021;7;Outro;All;0;0;0;0;0;0;0;0;0;0;0;NA;NA;NA;NA
267;REGIONAL;22/02/21;2021;8;Outro;All;0;0;0;0;0;0;0;0;0;0;0;NA;NA;NA;NA
268;REGIONAL;01/03/21;2021;9;Outro;All;0;0;0;0;0;0;0;0;0;0;0;NA;NA;NA;NA
269;REGIONAL;08/03/21;2021;10;Outro;All;0;0;0;0;0;0;0;0;0;0;0;NA;NA;NA;NA
270;REGIONAL;15/03/21;2021;11;Outro;All;0;0;0;0;0;0;0;0;0;0;0;NA;NA;NA;NA
271;REGIONAL;22/03/21;2021;12;Outro;All;0;0;0;0;0;0;0;0;0;0;0;NA;NA;NA;NA
272;REGIONAL;29/03/21;2021;13;Outro;All;0;0;0;0;0;0;0;0;0;0;0;NA;NA;NA;NA
273;REGIONAL;05/04/21;2021;14;Outro;All;0;0;0;0;0;0;0;0;0;0;0;NA;NA;NA;NA
274;REGIONAL;12/04/21;2021;15;Outro;All;0;0;0;0;0;0;0;0;0;0;0;NA;NA;NA;NA
275;REGIONAL;19/04/21;2021;16;Outro;All;0;0;0;0;0;0;0;0;0;0;0;NA;NA;NA;NA
276;REGIONAL;26/04/21;2021;17;Outro;All;0;0;0;0;0;0;0;0;0;0;0;NA;NA;NA;NA
277;REGIONAL;03/05/21;2021;18;Outro;All;0;0;0;0;0;0;0;0;0;0;0;NA;NA;NA;NA
278;REGIONAL;10/05/21;2021;19;Outro;All;0;0;0;0;0;0;0;0;0;0;0;NA;NA;NA;NA
279;REGIONAL;17/05/21;2021;20;Outro;All;0;0;0;0;0;0;0;0;0;0;0;NA;NA;NA;NA
280;REGIONAL;24/05/21;2021;21;Outro;All;0;0;0;0;0;0;0;0;0;0;0;NA;NA;NA;NA
281;REGIONAL;31/05/21;2021;22;Outro;All;0;0;0;0;0;0;0;0;0;0;0;NA;NA;NA;NA
282;REGIONAL;07/06/21;2021;23;Outro;All;0;0;0;0;0;0;0;0;0;0;0;NA;NA;NA;NA
283;REGIONAL;14/06/21;2021;24;Outro;All;0;0;0;0;0;0;0;0;0;0;0;NA;NA;NA;NA
284;REGIONAL;21/06/21;2021;25;Outro;All;0;0;0;0;0;0;0;0;0;0;0;NA;NA;NA;NA
285;REGIONAL;28/06/21;2021;26;Outro;All;0;0;0;0;0;0;0;0;0;0;0;NA;NA;NA;NA
286;REGIONAL;05/07/21;2021;27;Outro;All;0;0;0;0;0;0;0;0;0;0;0;NA;NA;NA;NA
287;REGIONAL;12/07/21;2021;28;Outro;All;0;0;0;0;0;0;0;0;0;0;0;NA;NA;NA;NA
288;REGIONAL;19/07/21;2021;29;Outro;All;0;0;0;0;0;0;0;0;0;0;0;NA;NA;NA;NA
289;REGIONAL;26/07/21;2021;30;Outro;All;0;0;0;0;0;0;0;0;0;0;0;NA;NA;NA;NA
290;REGIONAL;02/08/21;2021;31;Outro;All;0;0;0;0;0;0;0;0;0;0;0;NA;NA;NA;NA
291;REGIONAL;09/08/21;2021;32;Outro;All;0;0;0;0;0;0;0;0;0;0;0;NA;NA;NA;NA
292;REGIONAL;16/08/21;2021;33;Outro;All;0;0;0;0;0;0;0;0;0;0;0;NA;NA;NA;NA
293;REGIONAL;23/08/21;2021;34;Outro;All;0;0;0;0;0;0;0;0;0;0;0;NA;NA;NA;NA
294;REGIONAL;30/08/21;2021;35;Outro;All;0;0;0;0;0;0;0;0;0;0;0;NA;NA;NA;NA
295;REGIONAL;06/09/21;2021;36;Outro;All;0;0;0;0;0;0;0;0;0;0;0;NA;NA;NA;NA
296;REGIONAL;13/09/21;2021;37;Outro;All;0;0;0;0;0;0;0;0;0;0;0;NA;NA;NA;NA
297;AGES;04/01/21;2021;1;All;12-17 anos;5;0;0;5;7;0;0;7;7;0;7;0,000011245;0,000011245;0,000000000;0,000011245
298;AGES;11/01/21;2021;2;All;12-17 anos;15;0;0;15;22;0;0;22;22;0;22;0,000035342;0,000035342;0,000000000;0,000035342
299;AGES;18/01/21;2021;3;All;12-17 anos;70;1;0;71;92;1;0;93;91;1;92;0,000147794;0,000146187;0,000001606;0,000147794
300;AGES;25/01/21;2021;4;All;12-17 anos;15;3;0;18;107;4;0;111;103;4;107;0,000171891;0,000165465;0,000006426;0,000171891
301;AGES;01/02/21;2021;5;All;12-17 anos;35;4;0;39;142;8;0;150;134;8;142;0,000228116;0,000215265;0,000012852;0,000228116
302;AGES;08/02/21;2021;6;All;12-17 anos;38;66;0;104;180;74;0;254;106;74;180;0,000289162;0,000170284;0,000118878;0,000289162
303;AGES;15/02/21;2021;7;All;12-17 anos;32;16;0;48;212;90;0;302;122;90;212;0,000340568;0,000195987;0,000144581;0,000340568
304;AGES;22/02/21;2021;8;All;12-17 anos;22;33;0;55;234;123;0;357;111;123;234;0,000375910;0,000178316;0,000197594;0,000375910
305;AGES;01/03/21;2021;9;All;12-17 anos;12;30;0;42;246;153;0;399;93;153;246;0,000395188;0,000149400;0,000245787;0,000395188
306;AGES;08/03/21;2021;10;All;12-17 anos;19;25;0;44;265;178;0;443;86;179;265;0,000425710;0,000138155;0,000287555;0,000425710
307;AGES;15/03/21;2021;11;All;12-17 anos;5;23;0;28;270;201;0;471;68;202;270;0,000433743;0,000109239;0,000324504;0,000433743
308;AGES;22/03/21;2021;12;All;12-17 anos;32;11;0;43;302;212;0;514;89;213;302;0,000485149;0,000142974;0,000342175;0,000485149
309;AGES;29/03/21;2021;13;All;12-17 anos;15;14;0;29;317;226;0;543;90;227;317;0,000509246;0,000144581;0,000364665;0,000509246
310;AGES;05/04/21;2021;14;All;12-17 anos;31;5;0;36;348;231;0;579;116;232;348;0,000559046;0,000186349;0,000372697;0,000559046
311;AGES;12/04/21;2021;15;All;12-17 anos;47;7;0;54;395;238;0;633;156;239;395;0,000634549;0,000250607;0,000383943;0,000634549
312;AGES;19/04/21;2021;16;All;12-17 anos;31;14;0;45;426;252;0;678;171;255;426;0,000684349;0,000274704;0,000409646;0,000684349
313;AGES;26/04/21;2021;17;All;12-17 anos;50;26;0;76;476;278;0;754;194;282;476;0,000764672;0,000311652;0,000453020;0,000764672
314;AGES;03/05/21;2021;18;All;12-17 anos;110;15;0;125;586;293;0;879;288;298;586;0,000941382;0,000462659;0,000478723;0,000941382
315;AGES;10/05/21;2021;19;All;12-17 anos;165;45;0;210;751;338;0;1089;408;343;751;0,001206447;0,000655433;0,000551014;0,001206447
316;AGES;17/05/21;2021;20;All;12-17 anos;315;26;0;341;1066;364;0;1430;697;369;1066;0,001712480;0,001119699;0,000592782;0,001712480
317;AGES;24/05/21;2021;21;All;12-17 anos;302;40;0;342;1368;404;0;1772;953;415;1368;0,002197629;0,001530951;0,000666678;0,002197629
318;AGES;31/05/21;2021;22;All;12-17 anos;275;114;0;389;1643;518;0;2161;1103;540;1643;0,002639404;0,001771919;0,000867485;0,002639404
319;AGES;07/06/21;2021;23;All;12-17 anos;397;165;0;562;2040;683;0;2723;1330;711;2041;0,003277166;0,002136584;0,001142189;0,003278773
320;AGES;14/06/21;2021;24;All;12-17 anos;583;333;0;916;2623;1016;0;3639;1576;1049;2625;0,004213729;0,002531772;0,001685170;0,004216942
321;AGES;21/06/21;2021;25;All;12-17 anos;406;292;2;700;3029;1308;2;4339;1684;1351;3035;0,004865949;0,002705269;0,002170319;0,004875588
322;AGES;28/06/21;2021;26;All;12-17 anos;223;280;0;503;3252;1588;2;4842;1622;1636;3258;0,005224189;0,002605669;0,002628159;0,005233827
323;AGES;05/07/21;2021;27;All;12-17 anos;437;659;1;1097;3689;2247;3;5939;1389;2306;3695;0,005926209;0,002231365;0,003704483;0,005935848
324;AGES;12/07/21;2021;28;All;12-17 anos;270;317;2;589;3959;2564;5;6528;1336;2644;3980;0,006359952;0,002146223;0,004247465;0,006393687
325;AGES;19/07/21;2021;29;All;12-17 anos;268;271;1;540;4227;2835;6;7068;1320;2939;4259;0,006790481;0,002120519;0,004721369;0,006841888
326;AGES;26/07/21;2021;30;All;12-17 anos;1625;382;0;2007;5852;3217;6;9075;2524;3369;5893;0,009400969;0,004054690;0,005412144;0,009466834
327;AGES;02/08/21;2021;31;All;12-17 anos;4605;208;1;4814;10457;3425;7;13889;6789;3738;10527;0,016798690;0,010906217;0,006004925;0,016911142
328;AGES;09/08/21;2021;32;All;12-17 anos;142656;412;2;143070;153113;3837;9;156959;137897;15411;153308;0,245969005;0,221525200;0,024757064;0,246282264
329;AGES;16/08/21;2021;33;All;12-17 anos;177870;1576;1;179447;330983;5413;10;336406;302013;29231;331244;0,531708994;0,485170019;0,046958260;0,532128279
330;AGES;23/08/21;2021;34;All;12-17 anos;132305;3929;3;136237;463288;9342;13;472643;421572;42000;463572;0,744250902;0,677236064;0,067471072;0,744707135
331;AGES;30/08/21;2021;35;All;12-17 anos;41965;110045;13;152023;505253;119387;26;624666;348785;156759;505544;0,811665748;0,560307090;0,251826137;0,812133226
332;AGES;06/09/21;2021;36;All;12-17 anos;20467;162509;15;182991;525720;281896;41;807657;204919;321095;526014;0,844545044;0,329192966;0,515824376;0,845017342
333;AGES;13/09/21;2021;37;All;12-17 anos;12736;126757;32;139525;538456;408653;73;947182;89663;449089;538752;0,865004843;0,144039493;0,721440861;0,865480354
334;AGES;04/01/21;2021;1;All;18-24 anos;1844;2;0;1846;3209;3;0;3212;3205;4;3209;0,004107914;0,004102794;0,000005120;0,004107914
335;AGES;11/01/21;2021;2;All;18-24 anos;1437;56;0;1493;4646;59;0;4705;4585;61;4646;0,005947451;0,005869363;0,000078087;0,005947451
336;AGES;18/01/21;2021;3;All;18-24 anos;3865;1199;0;5064;8511;1258;0;9769;7248;1263;8511;0,010895126;0,009278331;0,001616795;0,010895126
337;AGES;25/01/21;2021;4;All;18-24 anos;1396;1645;1;3042;9907;2903;1;12811;7000;2909;9909;0,012682177;0,008960860;0,003723877;0,012684738
338;AGES;01/02/21;2021;5;All;18-24 anos;992;944;0;1936;10899;3847;1;14747;7047;3855;10902;0,013952059;0,009021026;0,004934874;0,013955900
339;AGES;08/02/21;2021;6;All;18-24 anos;1474;3072;0;4546;12373;6919;1;19293;5437;6939;12376;0,015838961;0,006960028;0,008882773;0,015842801
340;AGES;15/02/21;2021;7;All;18-24 anos;2327;1748;1;4076;14700;8667;2;23369;5975;8728;14703;0,018817807;0,007648734;0,011172913;0,018821647
341;AGES;22/02/21;2021;8;All;18-24 anos;1330;703;0;2033;16030;9370;2;25402;6576;9457;16033;0,020520370;0,008418088;0,012106122;0,020524210
342;AGES;01/03/21;2021;9;All;18-24 anos;951;1040;1;1992;16981;10410;3;27394;6464;10522;16986;0,021737767;0,008274714;0,013469453;0,021744167
343;AGES;08/03/21;2021;10;All;18-24 anos;1379;644;1;2024;18360;11054;4;29418;7189;11179;18368;0,023503056;0,009202803;0,014310494;0,023513297
344;AGES;15/03/21;2021;11;All;18-24 anos;276;397;2;675;18636;11451;6;30093;7067;11578;18645;0,023856370;0,009046628;0,014821263;0,023867891
345;AGES;22/03/21;2021;12;All;18-24 anos;3234;171;0;3405;21870;11622;6;33498;10112;11768;21880;0,027996288;0,012944603;0,015064486;0,028009089
346;AGES;29/03/21;2021;13;All;18-24 anos;681;99;0;780;22551;11721;6;34278;10681;11882;22563;0,028868051;0,013672993;0,015210420;0,028883413
347;AGES;05/04/21;2021;14;All;18-24 anos;802;182;0;984;23353;11903;6;35262;11309;12070;23379;0,029894710;0,014476910;0,015451083;0,029927993
348;AGES;12/04/21;2021;15;All;18-24 anos;4297;101;0;4398;27650;12004;6;39660;15495;12188;27683;0,035395398;0,019835504;0,015602138;0,035437642
349;AGES;19/04/21;2021;16;All;18-24 anos;1310;102;0;1412;28960;12106;6;41072;16661;12332;28993;0,037072359;0,021328128;0,015786476;0,037114603
350;AGES;26/04/21;2021;17;All;18-24 anos;2675;178;0;2853;31635;12284;6;43925;19157;12541;31698;0,040496688;0,024523314;0,016054021;0,040577335
351;AGES;03/05/21;2021;18;All;18-24 anos;1844;836;0;2680;33479;13120;6;46605;20180;13412;33592;0,042857234;0,025832880;0,017169008;0,043001888
352;AGES;10/05/21;2021;19;All;18-24 anos;2249;5414;0;7663;35728;18534;6;54268;16994;18862;35856;0,045736231;0,021754408;0,024145678;0,045900086
353;AGES;17/05/21;2021;20;All;18-24 anos;2104;2468;0;4572;37832;21002;6;58840;16566;21399;37965;0,048429609;0,021206516;0,027393350;0,048599866
354;AGES;24/05/21;2021;21;All;18-24 anos;2271;3290;0;5561;40103;24292;6;64401;15349;24909;40258;0,051336768;0,019648606;0,031886581;0,051535187
355;AGES;31/05/21;2021;22;All;18-24 anos;2357;2684;2;5043;42460;26976;8;69444;14773;27851;42624;0,054354018;0,018911255;0,035652703;0,054563958
356;AGES;07/06/21;2021;23;All;18-24 anos;2842;2922;1;5765;45302;29898;9;75209;14500;30996;45496;0,057992127;0,018561782;0,039678689;0,058240471
357;AGES;14/06/21;2021;24;All;18-24 anos;3099;4565;2;7666;48401;34463;11;82875;13048;35828;48876;0,061959228;0,016703043;0,045864243;0,062567286
358;AGES;21/06/21;2021;25;All;18-24 anos;2837;3015;7;5859;51238;37478;18;88734;13033;39189;52222;0,065590937;0,016683842;0,050166736;0,066850578
359;AGES;28/06/21;2021;26;All;18-24 anos;2062;3073;7;5142;53300;40551;25;93876;12278;42501;54779;0,068230550;0,015717349;0,054406503;0,070123852
360;AGES;05/07/21;2021;27;All;18-24 anos;11834;5080;12;16926;65134;45631;37;110802;19715;48521;68236;0,083379524;0,025237623;0,062112843;0,087350466
361;AGES;12/07/21;2021;28;All;18-24 anos;14101;7829;7;21937;79235;53460;44;132739;30881;57590;88471;0,101430537;0,039531475;0,073722277;0,113253752
362;AGES;19/07/21;2021;29;All;18-24 anos;19463;19635;0;39098;98698;73095;44;171837;45965;79294;125259;0,126345569;0,058840849;0,101506065;0,160346913
363;AGES;26/07/21;2021;30;All;18-24 anos;20965;22566;11;43542;119663;95661;55;215379;61529;104129;165658;0,153183346;0,078764681;0,133297917;0,212062598
364;AGES;02/08/21;2021;31;All;18-24 anos;53844;56415;4;110263;173507;152076;59;325642;101312;166212;267524;0,222110283;0,129691810;0,212771786;0,342463597
365;AGES;09/08/21;2021;32;All;18-24 anos;87506;82514;7;170027;261013;234590;66;495669;165104;260012;425116;0,334128716;0,211353410;0,332847313;0,544200723
366;AGES;16/08/21;2021;33;All;18-24 anos;94128;74284;12;168424;355141;308874;78;664093;229140;346181;575321;0,454624124;0,293327359;0,443154223;0,736481582
367;AGES;23/08/21;2021;34;All;18-24 anos;56204;43686;6;99896;411345;352560;84;763989;249362;396453;645815;0,526572151;0,319214005;0,507508561;0,826722565
368;AGES;30/08/21;2021;35;All;18-24 anos;22590;100345;5;122940;433935;452905;89;886929;170839;501179;672018;0,555490127;0,218694915;0,641570711;0,860265626
369;AGES;06/09/21;2021;36;All;18-24 anos;12859;78344;16;91219;446794;531249;105;978148;104193;581576;685769;0,571951227;0,133379844;0,744488751;0,877868595
370;AGES;13/09/21;2021;37;All;18-24 anos;8938;52439;6;61383;455732;583688;111;1039531;59865;635419;695284;0,583392966;0,076634557;0,813414408;0,890048965
371;AGES;04/01/21;2021;1;All;25-49 anos;27938;70;0;28008;51971;80;2;52053;51895;83;51978;0,015599594;0,015576782;0,000024913;0,015601695
372;AGES;11/01/21;2021;2;All;25-49 anos;16779;808;0;17587;68750;888;2;69640;67856;901;68757;0,020635972;0,020367629;0,000270444;0,020638073
373;AGES;18/01/21;2021;3;All;25-49 anos;37776;21827;6;59609;106526;22715;8;129249;83767;22767;106534;0,031974801;0,025143469;0,006833733;0,031977202
374;AGES;25/01/21;2021;4;All;25-49 anos;15796;26277;10;42083;122322;48992;18;171332;73264;49066;122330;0,036716122;0,021990893;0,014727631;0,036718523
375;AGES;01/02/21;2021;5;All;25-49 anos;10116;12579;2;22697;132438;61571;20;194029;70798;61654;132452;0,039752536;0,021250699;0,018506040;0,039756739
376;AGES;08/02/21;2021;6;All;25-49 anos;13918;30939;5;44862;146356;92510;25;238891;53667;92703;146370;0,043930158;0,016108665;0,027825695;0,043934360
377;AGES;15/02/21;2021;7;All;25-49 anos;22439;19084;6;41529;168795;111594;31;280420;56686;112123;168809;0,050665439;0,017014847;0,033654794;0,050669641
378;AGES;22/02/21;2021;8;All;25-49 anos;11691;7357;2;19050;180486;118951;33;299470;60783;119717;180500;0,054174605;0,018244601;0,035934206;0,054178807
379;AGES;01/03/21;2021;9;All;25-49 anos;7680;10044;6;17730;188166;128995;39;317200;58251;129940;188191;0,056479830;0,017484597;0,039002738;0,056487334
380;AGES;08/03/21;2021;10;All;25-49 anos;16489;6303;2;22794;204655;135298;41;339994;68293;136405;204698;0,061429162;0,020498799;0,040943270;0,061442069
381;AGES;15/03/21;2021;11;All;25-49 anos;4722;3338;5;8065;209377;138636;46;348059;69647;139783;209430;0,062846515;0,020905215;0,041957209;0,062862424
382;AGES;22/03/21;2021;12;All;25-49 anos;42439;1719;0;44158;251816;140355;46;392217;110196;141681;251877;0,075584989;0,033076387;0,042526912;0,075603298
383;AGES;29/03/21;2021;13;All;25-49 anos;4753;1187;2;5942;256569;141542;48;398159;113716;142939;256655;0,077011647;0,034132948;0,042904512;0,077037461
384;AGES;05/04/21;2021;14;All;25-49 anos;9141;1343;1;10485;265710;142885;49;408644;121468;144389;265857;0,079755406;0,036459786;0,043339744;0,079799529
385;AGES;12/04/21;2021;15;All;25-49 anos;89358;879;0;90237;355068;143764;49;498881;209812;145417;355229;0,106577067;0,062977085;0,043648308;0,106625393
386;AGES;19/04/21;2021;16;All;25-49 anos;11200;922;1;12123;366268;144686;50;511004;219715;146719;366434;0,109938854;0,065949565;0,044039116;0,109988681
387;AGES;26/04/21;2021;17;All;25-49 anos;11181;1027;3;12211;377449;145713;53;523215;229784;147905;377689;0,113294939;0,068971872;0,044395105;0,113366977
388;AGES;03/05/21;2021;18;All;25-49 anos;10518;8159;4;18681;387967;153872;57;541896;232026;156281;388307;0,116452018;0,069644830;0,046909242;0,116554072
389;AGES;10/05/21;2021;19;All;25-49 anos;25286;100514;9;125809;413253;254386;66;667705;156476;257217;413693;0,124041853;0,046967773;0,077206151;0,124173923
390;AGES;17/05/21;2021;20;All;25-49 anos;32815;22094;6;54915;446068;276480;72;722620;166547;280099;446646;0,133891590;0,049990680;0,084074402;0,134065082
391;AGES;24/05/21;2021;21;All;25-49 anos;26502;18496;6;45004;472570;294976;78;767624;172635;300782;473417;0,141846420;0,051818052;0,090282603;0,142100655
392;AGES;31/05/21;2021;22;All;25-49 anos;42754;23971;22;66747;515324;318947;100;834371;189301;327263;516564;0,154679443;0,056820511;0,098231129;0,155051641
393;AGES;07/06/21;2021;23;All;25-49 anos;128509;32228;22;160759;643833;351175;122;995130;282335;364828;647163;0,193252652;0,084745559;0,109506625;0,194252184
394;AGES;14/06/21;2021;24;All;25-49 anos;240497;85644;42;326183;884330;436819;164;1321313;444351;460591;904942;0,265440135;0,133376216;0,138250808;0,271627024
395;AGES;21/06/21;2021;25;All;25-49 anos;273120;56411;160;329691;1157450;493230;324;1651004;672707;530853;1203560;0,347419723;0,201919461;0,159340621;0,361260082
396;AGES;28/06/21;2021;26;All;25-49 anos;315538;61786;122;377446;1472988;555016;446;2028450;925528;610376;1535904;0,442131481;0,277806110;0,183210213;0,461016322
397;AGES;05/07/21;2021;27;All;25-49 anos;368799;147589;19;516407;1841787;702605;465;2544857;1151153;781849;1933002;0,552830040;0,345529618;0,234679479;0,580209097
398;AGES;12/07/21;2021;28;All;25-49 anos;208405;316737;60;525202;2050192;1019342;525;3070059;1116937;1120099;2237036;0,615384800;0,335259357;0,336208462;0,671467819
399;AGES;19/07/21;2021;29;All;25-49 anos;103730;343861;52;447643;2153922;1363203;577;3517702;954622;1480041;2434663;0,646520355;0,286538953;0,444248507;0,730787460
400;AGES;26/07/21;2021;30;All;25-49 anos;61491;353955;30;415476;2215413;1717158;607;3933178;711260;1848149;2559409;0,664977469;0,213491513;0,554739655;0,768231169
401;AGES;02/08/21;2021;31;All;25-49 anos;52643;383239;36;435918;2268056;2100397;643;4369096;417980;2245975;2663955;0,680778770;0,125460707;0,674150946;0,799611654
402;AGES;09/08/21;2021;32;All;25-49 anos;70468;237323;35;307826;2338524;2337720;678;4676922;291319;2502318;2793637;0,701930416;0,087442193;0,751094757;0,838536950
403;AGES;16/08/21;2021;33;All;25-49 anos;77969;145151;31;223151;2416493;2482871;709;4900073;252002;2663203;2915205;0,725333560;0,075640818;0,799385934;0,875026752
404;AGES;23/08/21;2021;34;All;25-49 anos;88190;79577;15;167782;2504683;2562448;724;5067855;264483;2759073;3023556;0,751804635;0,079387110;0,828162234;0,907549344
405;AGES;30/08/21;2021;35;All;25-49 anos;46343;80249;15;126607;2551026;2642697;739;5194462;224656;2852693;3077349;0,765714931;0,067432654;0,856263175;0,923695829
406;AGES;06/09/21;2021;36;All;25-49 anos;24874;63380;66;88320;2575900;2706077;805;5282782;181922;2922111;3104033;0,773181100;0,054605634;0,877099654;0,931705288
407;AGES;13/09/21;2021;37;All;25-49 anos;18338;66484;104;84926;2594238;2772561;909;5367708;131404;2992594;3123998;0,778685427;0,039442171;0,898255803;0,937697974
408;AGES;04/01/21;2021;1;All;50-64 anos;13000;5;0;13005;22259;5;0;22264;22256;6;22262;0,010237878;0,010236498;0,000002760;0,010239258
409;AGES;11/01/21;2021;2;All;50-64 anos;11701;309;0;12010;33960;314;0;34274;33637;326;33963;0,015619675;0,015471113;0,000149942;0,015621055
410;AGES;18/01/21;2021;3;All;50-64 anos;27452;8600;2;36054;61412;8914;2;70328;52467;8948;61415;0,028246038;0,024131846;0,004115573;0,028247418
411;AGES;25/01/21;2021;4;All;50-64 anos;10791;12422;4;23217;72203;21336;6;93545;50823;21383;72206;0,033209287;0,023375699;0,009834968;0,033210666
412;AGES;01/02/21;2021;5;All;50-64 anos;5568;9228;0;14796;77771;30564;6;108341;47158;30618;77776;0,035770251;0,021690006;0,014082544;0,035772551
413;AGES;08/02/21;2021;6;All;50-64 anos;6913;22298;4;29215;84684;52862;10;137556;31718;52971;84689;0,038949839;0,014588482;0,024363657;0,038952139
414;AGES;15/02/21;2021;7;All;50-64 anos;25154;12971;1;38126;109838;65833;11;175682;43782;66061;109843;0,050519253;0,020137238;0,030384315;0,050521553
415;AGES;22/02/21;2021;8;All;50-64 anos;49853;4970;4;54827;159691;70803;15;230509;88488;71208;159696;0,073448807;0,040699463;0,032751643;0,073451106
416;AGES;01/03/21;2021;9;All;50-64 anos;30217;5994;3;36214;189908;76797;18;266723;112632;77287;189919;0,087346914;0,051804335;0,035547638;0,087351973
417;AGES;08/03/21;2021;10;All;50-64 anos;22377;4292;1;26670;212285;81089;19;293393;130650;81656;212306;0,097639065;0,060091593;0,037557131;0,097648724
418;AGES;15/03/21;2021;11;All;50-64 anos;4686;2334;1;7021;216971;83423;20;300414;132998;84013;217011;0,099794359;0,061171540;0,038641217;0,099812757
419;AGES;22/03/21;2021;12;All;50-64 anos;34649;990;2;35641;251620;84413;22;336055;166527;85141;251668;0,115730935;0,076592979;0,039160033;0,115753012
420;AGES;29/03/21;2021;13;All;50-64 anos;7830;789;1;8620;259450;85202;23;344675;173561;85954;259515;0,119332291;0,079828220;0,039533967;0,119362187
421;AGES;05/04/21;2021;14;All;50-64 anos;15226;965;1;16192;274676;86167;24;360867;187774;87006;274780;0,126335388;0,086365395;0,040017827;0,126383222
422;AGES;12/04/21;2021;15;All;50-64 anos;88048;601;0;88649;362724;86768;24;449516;275134;87705;362839;0,166832476;0,126546042;0,040339328;0,166885370
423;AGES;19/04/21;2021;16;All;50-64 anos;14484;1834;4;16322;377208;88602;28;465838;287535;89790;377325;0,173494295;0,132249799;0,041298310;0,173548108
424;AGES;26/04/21;2021;17;All;50-64 anos;32996;2966;4;35966;410204;91568;32;501804;317687;92898;410585;0,188670584;0,146118009;0,042727813;0,188845823
425;AGES;03/05/21;2021;18;All;50-64 anos;151556;14856;9;166421;561760;106424;41;668225;459680;108122;567802;0,258377752;0,211426740;0,049729990;0,261156730
426;AGES;10/05/21;2021;19;All;50-64 anos;166744;109880;11;276635;728504;216304;52;944860;525630;218637;744267;0,335070539;0,241760001;0,100560625;0,342320626
427;AGES;17/05/21;2021;20;All;50-64 anos;224805;75880;12;300697;953309;292184;64;1245557;689337;297986;987323;0,438468094;0,317055940;0,137056666;0,454112606
428;AGES;24/05/21;2021;21;All;50-64 anos;175320;98555;80;273955;1128629;390739;144;1519512;800823;405957;1206780;0,519105355;0,368333179;0,186717205;0,555050384
429;AGES;31/05/21;2021;22;All;50-64 anos;163740;168969;14;332723;1292369;559708;158;1852235;837323;583171;1420494;0,594416472;0,385121110;0,268225599;0,653346708
430;AGES;07/06/21;2021;23;All;50-64 anos;209962;139376;42;349380;1502331;699084;200;2201615;920421;733620;1654041;0,690987089;0,423341479;0,337423609;0,760765088
431;AGES;14/06/21;2021;24;All;50-64 anos;86350;231335;63;317748;1588681;930419;263;2519363;785251;971629;1756880;0,730703194;0,361170942;0,446894256;0,808065198
432;AGES;21/06/21;2021;25;All;50-64 anos;86585;183889;210;270684;1675266;1114308;473;2790047;695960;1163476;1859436;0,770527385;0,320102144;0,535133000;0,855235144
433;AGES;28/06/21;2021;26;All;50-64 anos;59406;179042;72;238520;1734672;1293350;545;3028567;575781;1350054;1925835;0,797850777;0,264826617;0,620948302;0,885774919
434;AGES;05/07/21;2021;27;All;50-64 anos;41437;258217;47;299701;1776109;1551567;592;3328268;358546;1615735;1974281;0,816909448;0,164910833;0,743146500;0,908057333
435;AGES;12/07/21;2021;28;All;50-64 anos;15420;134607;32;150059;1791529;1686174;624;3478327;244271;1756569;2000840;0,824001774;0,112350812;0,807922156;0,920272967
436;AGES;19/07/21;2021;29;All;50-64 anos;10937;115048;25;126010;1802466;1801222;649;3604337;151944;1878329;2030273;0,829032173;0,069885626;0,863924853;0,933810479
437;AGES;26/07/21;2021;30;All;50-64 anos;9838;87410;20;97268;1812304;1888632;669;3701605;84320;1972511;2056831;0,833557096;0,038782420;0,907243233;0,946025653
438;AGES;02/08/21;2021;31;All;50-64 anos;8617;53966;13;62596;1820921;1942598;682;3764201;47423;2032624;2080047;0,837520427;0,021811891;0,934891805;0,956703697
439;AGES;09/08/21;2021;32;All;50-64 anos;7353;24332;5;31690;1828274;1966930;687;3795891;36325;2062193;2098518;0,840902390;0,016707441;0,948491869;0,965199310
440;AGES;16/08/21;2021;33;All;50-64 anos;7525;12996;12;20533;1835799;1979926;699;3816424;34152;2079420;2113572;0,844363464;0,015707984;0,956415312;0,972123296
441;AGES;23/08/21;2021;34;All;50-64 anos;11297;8206;2;19505;1847096;1988132;701;3835929;37424;2092411;2129835;0,849559443;0,017212918;0,962390436;0,979603354
442;AGES;30/08/21;2021;35;All;50-64 anos;12871;6063;10;18944;1859967;1994195;711;3854873;41897;2103896;2145793;0,855479374;0,019270245;0,967672885;0,986943129
443;AGES;06/09/21;2021;36;All;50-64 anos;5536;3961;46;9543;1865503;1998156;757;3864416;41793;2110165;2151958;0,858025620;0,019222411;0,970556269;0,989778680
444;AGES;13/09/21;2021;37;All;50-64 anos;3599;7304;118;11021;1869102;2005460;875;3875437;37373;2118649;2156022;0,859680956;0,017189461;0,974458428;0,991647889
445;AGES;04/01/21;2021;1;All;65-79 anos;2308;3;0;2311;3273;4;0;3277;3269;4;3273;0,002010371;0,002007914;0,000002457;0,002010371
446;AGES;11/01/21;2021;2;All;65-79 anos;5547;30;0;5577;8820;34;0;8854;8777;43;8820;0,005417497;0,005391086;0,000026412;0,005417497
447;AGES;18/01/21;2021;3;All;65-79 anos;14133;918;0;15051;22953;952;0;23905;21972;981;22953;0,014098392;0,013495834;0,000602558;0,014098392
448;AGES;25/01/21;2021;4;All;65-79 anos;6567;2156;0;8723;29520;3108;0;32628;26367;3153;29520;0,018132032;0,016195369;0,001936663;0,018132032
449;AGES;01/02/21;2021;5;All;65-79 anos;2805;4179;0;6984;32325;7287;0;39612;24992;7333;32325;0,019854944;0,015350804;0,004504139;0,019854944
450;AGES;08/02/21;2021;6;All;65-79 anos;3796;11551;2;15349;36121;18838;2;54961;17216;18905;36121;0,022186556;0,010574562;0,011611994;0,022186556
451;AGES;15/02/21;2021;7;All;65-79 anos;5135;7260;0;12395;41256;26098;2;67356;15059;26197;41256;0,025340621;0,009249670;0,016090950;0,025340621
452;AGES;22/02/21;2021;8;All;65-79 anos;11671;2483;4;14158;52927;28581;6;81514;24188;28739;52927;0,032509284;0,014856965;0,017652320;0,032509284
453;AGES;01/03/21;2021;9;All;65-79 anos;13305;3819;1;17125;66232;32400;7;98639;33663;32579;66242;0,040681597;0,020676782;0,020010958;0,040687740
454;AGES;08/03/21;2021;10;All;65-79 anos;15935;3584;0;19519;82167;35984;7;118158;46002;36189;82191;0,050469332;0,028255750;0,022228324;0,050484074
455;AGES;15/03/21;2021;11;All;65-79 anos;18168;6850;4;25022;100335;42834;11;143180;57317;43050;100367;0,061628640;0,035205748;0,026442547;0,061648295
456;AGES;22/03/21;2021;12;All;65-79 anos;52835;2217;3;55055;153170;45051;14;198235;107880;45331;153211;0,094081415;0,066262996;0,027843603;0,094106598
457;AGES;29/03/21;2021;13;All;65-79 anos;88303;7394;1;95698;241473;52445;15;293933;188757;52770;241527;0,148319654;0,115939973;0,032412850;0,148352823
458;AGES;05/04/21;2021;14;All;65-79 anos;201409;5352;8;206769;442882;57797;23;500702;384715;58237;442952;0,272030849;0,236303006;0,035770839;0,272073845
459;AGES;12/04/21;2021;15;All;65-79 anos;233759;3619;8;237386;676641;61416;31;738088;614729;61986;676715;0,415612343;0,377584214;0,038073582;0,415657796
460;AGES;19/04/21;2021;16;All;65-79 anos;175852;13270;12;189134;852493;74686;43;927222;777133;75437;852570;0,523625694;0,477337417;0,046335573;0,523672990
461;AGES;26/04/21;2021;17;All;65-79 anos;293281;46417;11;339709;1145774;121103;54;1266931;1024760;122094;1146854;0,703767311;0,629437035;0,074993643;0,704430678
462;AGES;03/05/21;2021;18;All;65-79 anos;202481;164375;11;366867;1348255;285478;65;1633798;1069121;286752;1355873;0,828136958;0,656684836;0,176131317;0,832816153
463;AGES;10/05/21;2021;19;All;65-79 anos;91544;80299;10;171853;1439799;365777;75;1805651;1087738;367511;1455249;0,884365913;0,668119932;0,225735815;0,893855747
464;AGES;17/05/21;2021;20;All;65-79 anos;41321;111797;11;153129;1481120;477574;86;1958780;1016993;484772;1501765;0,909746459;0,624666320;0,297760891;0,922427211
465;AGES;24/05/21;2021;21;All;65-79 anos;23626;202729;27;226382;1504746;680303;113;2185162;833670;696359;1530029;0,924258227;0,512064067;0,427723705;0,939787772
466;AGES;31/05/21;2021;22;All;65-79 anos;18695;137604;15;156314;1523441;817907;128;2341476;717362;837073;1554435;0,935741233;0,440624351;0,514154287;0,954778638
467;AGES;07/06/21;2021;23;All;65-79 anos;16100;71736;8;87844;1539541;889643;136;2429320;660976;911679;1572655;0,945630315;0,405990450;0,559979436;0,965969886
468;AGES;14/06/21;2021;24;All;65-79 anos;10900;62677;12;73589;1550441;952320;148;2502909;608468;976445;1584913;0,952325409;0,373738528;0,599760574;0,973499101
469;AGES;21/06/21;2021;25;All;65-79 anos;10305;97264;21;107590;1560746;1049584;169;2610499;520835;1076303;1597138;0,958655036;0,319911821;0,661096226;0,981008048
470;AGES;28/06/21;2021;26;All;65-79 anos;9072;182422;43;191537;1569818;1232006;212;2802036;346033;1261565;1607598;0,964227319;0,212543411;0,774889470;0,987432880
471;AGES;05/07/21;2021;27;All;65-79 anos;8169;204077;24;212270;1577987;1436083;236;3014306;148253;1468610;1616863;0,969244953;0,091061252;0,902062457;0,993123709
472;AGES;12/07/21;2021;28;All;65-79 anos;5492;57803;12;63307;1583479;1493886;248;3077613;94943;1529685;1624628;0,972618297;0,058316718;0,939576477;0,997893195
473;AGES;19/07/21;2021;29;All;65-79 anos;7148;42625;8;49781;1590627;1536511;256;3127394;57140;1577369;1634509;0,977008804;0,035097030;0,968865360;1,000000000
474;AGES;26/07/21;2021;30;All;65-79 anos;8627;32417;7;41051;1599254;1568928;263;3168445;29498;1615852;1645350;0,982307756;0,018118519;0,992502724;1,000000000
475;AGES;02/08/21;2021;31;All;65-79 anos;7616;11718;4;19338;1606870;1580646;267;3187783;21625;1633152;1654777;0,986985722;0,013282696;1,000000000;1,000000000
476;AGES;09/08/21;2021;32;All;65-79 anos;4597;6278;4;10879;1611467;1586924;271;3198662;18331;1642506;1660837;0,989809331;0,011259427;1,000000000;1,000000000
477;AGES;16/08/21;2021;33;All;65-79 anos;3690;2978;8;6676;1615157;1589902;279;3205338;18000;1647682;1665682;0,992075835;0,011056117;1,000000000;1,000000000
478;AGES;23/08/21;2021;34;All;65-79 anos;4302;2507;2;6811;1619459;1592409;281;3212149;19006;1652315;1671321;0,994718247;0,011674031;1,000000000;1,000000000
479;AGES;30/08/21;2021;35;All;65-79 anos;4893;2241;4;7138;1624352;1594650;285;3219287;20532;1656850;1677382;0,997723668;0,012611344;1,000000000;1,000000000
480;AGES;06/09/21;2021;36;All;65-79 anos;2243;1371;26;3640;1626595;1596021;311;3222927;20669;1659168;1679837;0,999101383;0,012695494;1,000000000;1,000000000
481;AGES;13/09/21;2021;37;All;65-79 anos;1620;3280;86;4986;1628215;1599301;397;3227913;18644;1662956;1681600;1,000096434;0,011451680;1,000000000;1,000000000
482;AGES;04/01/21;2021;1;All;80 ou mais anos;3770;8;1;3779;4037;8;2;4047;4028;9;4037;0,005922916;0,005909711;0,000013204;0,005922916
483;AGES;11/01/21;2021;2;All;80 ou mais anos;14497;1;1;14499;18534;9;3;18546;18499;35;18534;0,027192300;0,027140950;0,000051351;0,027192300
484;AGES;18/01/21;2021;3;All;80 ou mais anos;39045;256;1;39302;57579;265;4;57848;57179;400;57579;0,084477472;0,083890609;0,000586863;0,084477472
485;AGES;25/01/21;2021;4;All;80 ou mais anos;7369;3386;2;10757;64948;3651;6;68605;61130;3818;64948;0,095288957;0,089687349;0,005601608;0,095288957
486;AGES;01/02/21;2021;5;All;80 ou mais anos;4535;10649;0;15184;69483;14300;6;83789;55008;14475;69483;0,101942517;0,080705409;0,021237107;0,101942517
487;AGES;08/02/21;2021;6;All;80 ou mais anos;14838;31555;2;46395;84321;45855;8;130184;38192;46129;84321;0,123712202;0,056033686;0,067678516;0,123712202
488;AGES;15/02/21;2021;7;All;80 ou mais anos;48619;9257;2;57878;132940;55112;10;188062;77478;55462;132940;0,195043941;0,113672442;0,081371499;0,195043941
489;AGES;22/02/21;2021;8;All;80 ou mais anos;102548;5203;1;107752;235488;60315;11;295814;174684;60804;235488;0,345498027;0,256288971;0,089209055;0,345498027
490;AGES;01/03/21;2021;9;All;80 ou mais anos;87203;12769;1;99973;322691;73084;12;395787;249057;73635;322692;0,473438577;0,365405889;0,108034155;0,473440045
491;AGES;08/03/21;2021;10;All;80 ou mais anos;40149;37285;0;77434;362840;110369;12;473221;251899;110942;362841;0,532343491;0,369575551;0,162769407;0,532344958
492;AGES;15/03/21;2021;11;All;80 ou mais anos;54358;97417;5;151780;417198;207786;17;625001;208792;208407;417199;0,612095248;0,306330785;0,305765930;0,612096715
493;AGES;22/03/21;2021;12;All;80 ou mais anos;124543;16916;2;141461;541741;224702;19;766462;316301;225441;541742;0,794819466;0,464063440;0,330757494;0,794820933
494;AGES;29/03/21;2021;13;All;80 ou mais anos;36741;75478;4;112223;578482;300180;23;878685;277511;300974;578485;0,848724306;0,407152394;0,441576314;0,848728708
495;AGES;05/04/21;2021;14;All;80 ou mais anos;30376;45876;12;76264;608858;346056;35;954949;261948;346914;608862;0,893290688;0,384319019;0,508977538;0,893296557
496;AGES;12/04/21;2021;15;All;80 ou mais anos;10510;49490;14;60014;619368;395546;49;1014963;222899;396473;619372;0,908710515;0,327027979;0,581688405;0,908716384
497;AGES;19/04/21;2021;16;All;80 ou mais anos;8418;123307;12;131737;627786;518853;61;1146700;107914;519876;627790;0,921061048;0,158326853;0,762740064;0,921066917
498;AGES;26/04/21;2021;17;All;80 ou mais anos;6137;39829;4;45970;633923;558682;65;1192670;74181;559757;633938;0,930064995;0,108835224;0,821251779;0,930087002
499;AGES;03/05/21;2021;18;All;80 ou mais anos;5105;31823;6;36934;639028;590505;71;1229604;47517;591674;639191;0,937554835;0,069714931;0,868079050;0,937793982
500;AGES;10/05/21;2021;19;All;80 ou mais anos;3783;9987;2;13772;642811;600492;73;1243376;41386;601789;643175;0,943105093;0,060719788;0,882919350;0,943639138
501;AGES;17/05/21;2021;20;All;80 ou mais anos;4751;8382;3;13136;647562;608874;76;1256512;36705;611657;648362;0,950075559;0,053852022;0,897397262;0,951249285
502;AGES;24/05/21;2021;21;All;80 ou mais anos;4454;6367;0;10821;652016;615241;76;1267333;32964;620328;653292;0,956610279;0,048363386;0,910118986;0,958482372
503;AGES;31/05/21;2021;22;All;80 ou mais anos;3053;6134;2;9189;655069;621375;78;1276522;29488;627457;656945;0,961089511;0,043263546;0,920578354;0,963841899
504;AGES;07/06/21;2021;23;All;80 ou mais anos;2756;4817;1;7574;657825;626192;79;1284096;26943;633135;660078;0,965132998;0,039529629;0,928908875;0,968438504
505;AGES;14/06/21;2021;24;All;80 ou mais anos;2630;4783;0;7413;660455;630975;79;1291509;24117;638863;662980;0,968991623;0,035383442;0,937312754;0,972696196
506;AGES;21/06/21;2021;25;All;80 ou mais anos;3401;4821;3;8225;663856;635796;82;1299734;21393;645451;666844;0,973981426;0,031386904;0,946978389;0,978365293
507;AGES;28/06/21;2021;26;All;80 ou mais anos;3274;5424;1;8699;667130;641220;83;1308433;17873;652667;670540;0,978784900;0,026222509;0,957565399;0,983787908
508;AGES;05/07/21;2021;27;All;80 ou mais anos;2678;5247;2;7927;669808;646467;85;1316360;14137;659412;673549;0,982713948;0,020741208;0,967461377;0,988202585
509;AGES;12/07/21;2021;28;All;80 ou mais anos;2113;3539;2;5654;671921;650006;87;1322014;11775;664385;676160;0,985814052;0,017275782;0,974757552;0,992033334
510;AGES;19/07/21;2021;29;All;80 ou mais anos;2208;3087;1;5296;674129;653093;88;1327310;9912;669056;678968;0,989053537;0,014542467;0,981610646;0,996153113
511;AGES;26/07/21;2021;30;All;80 ou mais anos;2591;2891;1;5483;676720;655984;89;1332793;8255;673810;682065;0,992854942;0,012111387;0,988585513;1,000000000
512;AGES;02/08/21;2021;31;All;80 ou mais anos;2488;2094;1;4583;679208;658078;90;1337376;7282;677730;685012;0,996505230;0,010683842;0,994336771;1,000000000
513;AGES;09/08/21;2021;32;All;80 ou mais anos;1576;1723;1;3300;680784;659801;91;1340676;6481;680536;687017;0,998817471;0,009508649;0,998453616;1,000000000
514;AGES;16/08/21;2021;33;All;80 ou mais anos;1346;1128;1;2475;682130;660929;92;1343151;6124;682550;688674;1,000792265;0,008984874;1,000000000;1,000000000
515;AGES;23/08/21;2021;34;All;80 ou mais anos;1535;971;0;2506;683665;661900;92;1345657;6245;684341;690586;1,003044352;0,009162400;1,000000000;1,000000000
516;AGES;30/08/21;2021;35;All;80 ou mais anos;1665;819;0;2484;685330;662719;92;1348141;6642;685928;692570;1,005487170;0,009744861;1,000000000;1,000000000
517;AGES;06/09/21;2021;36;All;80 ou mais anos;766;569;2;1337;686096;663288;94;1349478;6577;686830;693407;1,006611012;0,009649496;1,000000000;1,000000000
518;AGES;13/09/21;2021;37;All;80 ou mais anos;543;937;10;1490;686639;664225;104;1350968;6057;687935;693992;1,007407679;0,008886574;1,000000000;1,000000000
519;AGES;04/01/21;2021;1;All;Desconhecido;1;0;0;1;1;0;0;1;1;0;1;NA;NA;NA;NA
520;AGES;11/01/21;2021;2;All;Desconhecido;0;0;0;0;1;0;0;1;1;0;1;NA;NA;NA;NA
521;AGES;18/01/21;2021;3;All;Desconhecido;0;0;0;0;1;0;0;1;1;0;1;NA;NA;NA;NA
522;AGES;25/01/21;2021;4;All;Desconhecido;0;0;0;0;1;0;0;1;1;0;1;NA;NA;NA;NA
523;AGES;01/02/21;2021;5;All;Desconhecido;0;0;0;0;1;0;0;1;1;0;1;NA;NA;NA;NA
524;AGES;08/02/21;2021;6;All;Desconhecido;1;0;0;1;2;0;0;2;2;0;2;NA;NA;NA;NA
525;AGES;15/02/21;2021;7;All;Desconhecido;0;0;0;0;2;0;0;2;2;0;2;NA;NA;NA;NA
526;AGES;22/02/21;2021;8;All;Desconhecido;0;0;0;0;2;0;0;2;2;0;2;NA;NA;NA;NA
527;AGES;01/03/21;2021;9;All;Desconhecido;0;0;0;0;2;0;0;2;2;0;2;NA;NA;NA;NA
528;AGES;08/03/21;2021;10;All;Desconhecido;0;0;0;0;2;0;0;2;2;0;2;NA;NA;NA;NA
529;AGES;15/03/21;2021;11;All;Desconhecido;0;0;0;0;2;0;0;2;2;0;2;NA;NA;NA;NA
530;AGES;22/03/21;2021;12;All;Desconhecido;0;0;0;0;2;0;0;2;2;0;2;NA;NA;NA;NA
531;AGES;29/03/21;2021;13;All;Desconhecido;0;0;0;0;2;0;0;2;2;0;2;NA;NA;NA;NA
532;AGES;05/04/21;2021;14;All;Desconhecido;0;0;0;0;2;0;0;2;2;0;2;NA;NA;NA;NA
533;AGES;12/04/21;2021;15;All;Desconhecido;0;0;0;0;2;0;0;2;2;0;2;NA;NA;NA;NA
534;AGES;19/04/21;2021;16;All;Desconhecido;0;0;0;0;2;0;0;2;2;0;2;NA;NA;NA;NA
535;AGES;26/04/21;2021;17;All;Desconhecido;1;0;0;1;3;0;0;3;3;0;3;NA;NA;NA;NA
536;AGES;03/05/21;2021;18;All;Desconhecido;1;0;0;1;4;0;0;4;4;0;4;NA;NA;NA;NA
537;AGES;10/05/21;2021;19;All;Desconhecido;0;1;0;1;4;1;0;5;3;1;4;NA;NA;NA;NA
538;AGES;17/05/21;2021;20;All;Desconhecido;0;0;0;0;4;1;0;5;3;1;4;NA;NA;NA;NA
539;AGES;24/05/21;2021;21;All;Desconhecido;0;1;0;1;4;2;0;6;2;2;4;NA;NA;NA;NA
540;AGES;31/05/21;2021;22;All;Desconhecido;0;0;0;0;4;2;0;6;2;2;4;NA;NA;NA;NA
541;AGES;07/06/21;2021;23;All;Desconhecido;0;0;0;0;4;2;0;6;2;2;4;NA;NA;NA;NA
542;AGES;14/06/21;2021;24;All;Desconhecido;0;0;0;0;4;2;0;6;2;2;4;NA;NA;NA;NA
543;AGES;21/06/21;2021;25;All;Desconhecido;0;0;0;0;4;2;0;6;2;2;4;NA;NA;NA;NA
544;AGES;28/06/21;2021;26;All;Desconhecido;1;0;0;1;5;2;0;7;3;2;5;NA;NA;NA;NA
545;AGES;05/07/21;2021;27;All;Desconhecido;0;1;0;1;5;3;0;8;2;3;5;NA;NA;NA;NA
546;AGES;12/07/21;2021;28;All;Desconhecido;0;2;0;2;5;5;0;10;0;5;5;NA;NA;NA;NA
547;AGES;19/07/21;2021;29;All;Desconhecido;0;0;0;0;5;5;0;10;0;5;5;NA;NA;NA;NA
548;AGES;26/07/21;2021;30;All;Desconhecido;0;2;0;2;5;7;0;12;-1;7;6;NA;NA;NA;NA
549;AGES;02/08/21;2021;31;All;Desconhecido;0;0;0;0;5;7;0;12;-1;7;6;NA;NA;NA;NA
550;AGES;09/08/21;2021;32;All;Desconhecido;0;1;0;1;5;8;0;13;-1;8;7;NA;NA;NA;NA
551;AGES;16/08/21;2021;33;All;Desconhecido;1;0;0;1;6;8;0;14;0;8;8;NA;NA;NA;NA
552;AGES;23/08/21;2021;34;All;Desconhecido;0;0;0;0;6;8;0;14;0;8;8;NA;NA;NA;NA
553;AGES;30/08/21;2021;35;All;Desconhecido;0;1;0;1;6;9;0;15;-1;9;8;NA;NA;NA;NA
554;AGES;06/09/21;2021;36;All;Desconhecido;2;1;0;3;8;10;0;18;0;10;10;NA;NA;NA;NA
555;AGES;13/09/21;2021;37;All;Desconhecido;1;0;0;1;9;10;0;19;1;10;11;NA;NA;NA;NA
556;GENERAL;04/01/21;2021;1;All;All;48866;88;1;48955;84757;100;4;84861;84661;106;84767;0,008190750;0,008181473;0,000010244;0,008191717
557;GENERAL;11/01/21;2021;2;All;All;49976;1204;1;51181;134733;1304;5;136042;133377;1366;134743;0,013020333;0,012889292;0,000132008;0,013021299
558;GENERAL;18/01/21;2021;3;All;All;122341;32801;9;155151;257074;34105;14;291193;222725;34360;257085;0,024843127;0,021523707;0,003320483;0,024844190
559;GENERAL;25/01/21;2021;4;All;All;41934;45889;17;87840;299008;79994;31;379033;218688;80333;299021;0,028895547;0,021133580;0,007763224;0,028896803
560;GENERAL;01/02/21;2021;5;All;All;24052;37583;2;61637;323060;117577;33;440670;205139;117943;323082;0,031219885;0,019824231;0,011397780;0,031222011
561;GENERAL;08/02/21;2021;6;All;All;40978;99481;13;140472;364038;217058;46;581142;146339;217721;364060;0,035179919;0,014141914;0,021040131;0,035182045
562;GENERAL;15/02/21;2021;7;All;All;103706;50336;10;154052;467744;267394;56;735194;199105;268661;467766;0,045201863;0,019241117;0,025962872;0,045203989
563;GENERAL;22/02/21;2021;8;All;All;177115;20749;11;197875;644859;288143;67;933069;354833;290048;644881;0,062317910;0,034290366;0,028029670;0,062320036
564;GENERAL;01/03/21;2021;9;All;All;139368;33696;12;173076;784227;321839;79;1106145;460163;324116;784279;0,075786160;0,044469250;0,031321935;0,075791185
565;GENERAL;08/03/21;2021;10;All;All;96349;52133;4;148486;880576;373972;83;1254631;504123;376550;880673;0,085097139;0,048717459;0,036389054;0,085106513
566;GENERAL;15/03/21;2021;11;All;All;82215;110359;17;192591;962791;484331;100;1447222;475893;487033;962926;0,093042235;0,045989367;0,047065914;0,093055281
567;GENERAL;22/03/21;2021;12;All;All;257733;22024;7;279764;1220524;506355;107;1726986;711110;509575;1220685;0,117949047;0,068720277;0,049244329;0,117964606
568;GENERAL;29/03/21;2021;13;All;All;138323;84961;8;223292;1358847;591316;115;1950278;764321;594746;1359067;0,131316311;0,073862483;0,057475088;0,131337571
569;GENERAL;05/04/21;2021;14;All;All;256985;53723;22;310730;1615832;645039;137;2261008;967335;648848;1616183;0,156150837;0,093481358;0,062703399;0,156184757
570;GENERAL;12/04/21;2021;15;All;All;426019;54697;22;480738;2041851;699736;159;2741746;1338230;704008;2042238;0,197320478;0,129323924;0,068033953;0,197357877
571;GENERAL;19/04/21;2021;16;All;All;211295;139449;29;350773;2253146;839185;188;3092519;1409134;844409;2253543;0,217739613;0,136175948;0,081602031;0,217777978
572;GENERAL;26/04/21;2021;17;All;All;346321;90443;22;436786;2599467;929628;210;3529305;1665769;935477;2601246;0,251207396;0,160976651;0,090402664;0,251379315
573;GENERAL;03/05/21;2021;18;All;All;371616;220065;30;591711;2971083;1149693;240;4121016;1828819;1156540;2985359;0,287119638;0,176733483;0,111765759;0,288499242
574;GENERAL;10/05/21;2021;19;All;All;289773;306140;32;595945;3260856;1455833;272;4716961;1828640;1464361;3293001;0,315122732;0,176716185;0,141512977;0,318229162
575;GENERAL;17/05/21;2021;20;All;All;306112;220647;32;526791;3566968;1676480;304;5243752;1926854;1696284;3623138;0,344704796;0,186207394;0,163925561;0,350132955
576;GENERAL;24/05/21;2021;21;All;All;232476;329479;113;562068;3799444;2005959;417;5805820;1856402;2048754;3905156;0,367170821;0,179399051;0,197987571;0,377386621
577;GENERAL;31/05/21;2021;22;All;All;230875;339478;55;570408;4030319;2345437;472;6376228;1789357;2403361;4192718;0,389482128;0,172919953;0,232256096;0,405176049
578;GENERAL;07/06/21;2021;23;All;All;360566;251244;74;611884;4390885;2596681;546;6988112;1906512;2674975;4581487;0,424326520;0,184241583;0,258504341;0,442745924
579;GENERAL;14/06/21;2021;24;All;All;344061;389338;119;733518;4734946;2986019;665;7721630;1876819;3084412;4961231;0,457575900;0,181372109;0,298071530;0,479443639
580;GENERAL;21/06/21;2021;25;All;All;376654;345696;403;722753;5111600;3331715;1068;8444383;1925618;3456634;5382252;0,493975005;0,186087949;0,334042334;0,520130284
581;GENERAL;28/06/21;2021;26;All;All;389577;432028;245;821850;5501177;3763743;1313;9266233;1879122;3918811;5797933;0,531622962;0,181594667;0,378706214;0,560300881
582;GENERAL;05/07/21;2021;27;All;All;433354;620870;105;1054329;5934531;4384613;1418;10320562;1693199;4576446;6269645;0,573501444;0,163627433;0,442258771;0,605886204
583;GENERAL;12/07/21;2021;28;All;All;245801;520835;115;766751;6180332;4905448;1533;11087313;1500146;5130988;6631134;0,597255170;0,144971169;0,495848623;0,640819792
584;GENERAL;19/07/21;2021;29;All;All;143754;524528;87;668369;6324086;5429976;1620;11755682;1220905;5687045;6907950;0,611147275;0,117985866;0,549584882;0,667570748
585;GENERAL;26/07/21;2021;30;All;All;105137;499623;69;604829;6429223;5929599;1689;12360511;897387;6217839;7115226;0,621307509;0,086721721;0,600879773;0,687601494
586;GENERAL;02/08/21;2021;31;All;All;129813;507641;59;637513;6559036;6437240;1748;12998024;602412;6759451;7361863;0,633852383;0,058215915;0,653220095;0,711436010
587;GENERAL;09/08/21;2021;32;All;All;314161;352583;54;666798;6873197;6789823;1802;13664822;655463;7162997;7818460;0,664212286;0,063342660;0,692217990;0,755560649
588;GENERAL;16/08/21;2021;33;All;All;362563;238113;65;600741;7235760;7027936;1867;14265563;841470;7448290;8289760;0,699249664;0,081318011;0,719788146;0,801106158
589;GENERAL;23/08/21;2021;34;All;All;293932;138876;28;432836;7529692;7166812;1895;14698399;998228;7626618;8624846;0,727654676;0,096466797;0,737021415;0,833488212
590;GENERAL;30/08/21;2021;35;All;All;130348;299764;47;430159;7660040;7466576;1942;15128558;813501;7957337;8770838;0,740251251;0,078615142;0,768981451;0,847596593
591;GENERAL;06/09/21;2021;36;All;All;66804;310135;171;377110;7726844;7776711;2113;15505668;560276;8280983;8841259;0,746707059;0,054143974;0,800257966;0,854401940
592;GENERAL;13/09/21;2021;37;All;All;45826;257207;356;303389;7772670;8033918;2469;15809057;343253;8546688;8889941;0,751135594;0,033171297;0,825935176;0,859106473